[0.06284678727388382, -0.21280597150325775, 0.3108040690422058, 3.0491340160369873, 0.2834141254425049, -0.4909297525882721] [0.26695796847343445, -0.4709799885749817, 1.383626103401184, 0.035323962569236755, 1.8545640707015991, 0.9971999526023865, -1.2992560863494873, -1.2978060245513916]
[0.06283648312091827, -0.21285361051559448, 0.31073737144470215, 3.0489537715911865, 0.28370362520217896, -0.49123162031173706] [0.26695796847343445, -0.4709799885749817, 1.383626103401184, 0.035323962569236755, 1.8545640707015991, 0.9968000054359436, -1.3053920269012451, -1.2886019945144653]
[0.06287495791912079, -0.21328747272491455, 0.30990999937057495, 3.046266794204712, 0.2875228822231293, -0.494124174118042] [0.2684919834136963, -0.47251397371292114, 1.383626103401184, 0.035323962569236755, 1.8545640707015991, 0.9971999526023865, -1.3069260120391846, -1.2870680093765259]
[0.06324061751365662, -0.2131417691707611, 0.3093365728855133, 3.045851945877075, 0.2898416817188263, -0.49327245354652405] [0.2684919834136963, -0.4709799885749817, 1.383626103401184, 0.035323962569236755, 1.8545640707015991, 0.9968000054359436, -1.3069260120391846, -1.2886019945144653]
[0.06341596692800522, -0.21332226693630219, 0.30899134278297424, 3.045886993408203, 0.2910597026348114, -0.49337515234947205] [0.2684919834136963, -0.47251397371292114, 1.383626103401184, 0.035323962569236755, 1.8545640707015991, 0.9971999526023865, -1.3069260120391846, -1.2870680093765259]
[0.0634663850069046, -0.21350817382335663, 0.308731347322464, 3.0461673736572266, 0.2918683886528015, -0.4935971796512604] [0.27002596855163574, -0.4709799885749817, 1.383626103401184, 0.035323962569236755, 1.8545640707015991, 0.9971999526023865, -1.3069260120391846, -1.2870680093765259]
[0.06319630146026611, -0.21386295557022095, 0.3084261417388916, 3.04537296295166, 0.2929573059082031, -0.4951856732368469] [0.27002596855163574, -0.47251397371292114, 1.383626103401184, 0.035323962569236755, 1.8545640707015991, 0.9971999526023865, -1.3069260120391846, -1.2870680093765259]
[0.06321723014116287, -0.21373452246189117, 0.30857712030410767, 3.0451505184173584, 0.29249870777130127, -0.49498385190963745] [0.27002596855163574, -0.47251397371292114, 1.383626103401184, 0.035323962569236755, 1.8545640707015991, 0.9971999526023865, -1.3069260120391846, -1.2855340242385864]
[0.06342989951372147, -0.21341967582702637, 0.30855077505111694, 3.0457544326782227, 0.2926146388053894, -0.49314260482788086] [0.2715599536895752, -0.4709799885749817, 1.383626103401184, 0.035323962569236755, 1.8545640707015991, 0.9968000054359436, -1.3069260120391846, -1.2855340242385864]
[0.06334429979324341, -0.21340231597423553, 0.3085348606109619, 3.045945644378662, 0.2924690246582031, -0.4931904375553131] [0.2715599536895752, -0.47251397371292114, 1.383626103401184, 0.035323962569236755, 1.8545640707015991, 0.9971999526023865, -1.3069260120391846, -1.2855340242385864]
[0.06261291354894638, -0.21282951533794403, 0.3081284463405609, 3.0337443351745605, 0.2934378981590271, -0.49223923683166504] [0.27616196870803833, -0.4709799885749817, 1.3682861328125, 0.03839196264743805, 1.8514961004257202, 0.10920000076293945, -1.3038580417633057, -1.2809319496154785]
[0.06363161653280258, -0.21216514706611633, 0.310702383518219, 3.026733875274658, 0.27823251485824585, -0.4861086905002594] [0.2654239535331726, -0.46944597363471985, 1.3560140132904053, 0.055265963077545166, 1.8499621152877808, 0.10920000076293945, -1.3038580417633057, -1.2778639793395996]
[0.0650256872177124, -0.21110941469669342, 0.3153533637523651, 3.020097255706787, 0.2442551553249359, -0.47400790452957153] [0.2500839829444885, -0.467911958694458, 1.3422080278396606, 0.10281995683908463, 1.8484281301498413, 0.10920000076293945, -1.3023240566253662, -1.2732620239257812]
[0.06732071936130524, -0.20878133177757263, 0.3251640498638153, 3.026784658432007, 0.17314383387565613, -0.44843652844429016] [0.23781196773052216, -0.467911958694458, 1.331470012664795, 0.16878196597099304, 1.8484281301498413, 0.1088000014424324, -1.3007900714874268, -1.2717280387878418]
[0.06940348446369171, -0.20478390157222748, 0.33374375104904175, 2.995493173599243, 0.10248201340436935, -0.4133039116859436] [0.23320996761322021, -0.4648439884185791, 1.2854501008987427, 0.2424139678478241, 1.8484281301498413, 0.1088000014424324, -1.3007900714874268, -1.2717280387878418]
[0.07338498532772064, -0.18758231401443481, 0.3499591648578644, 2.838392496109009, -0.04983416199684143, -0.2750306725502014] [0.2424139678478241, -0.46637797355651855, 1.1090400218963623, 0.47864997386932373, 1.8484281301498413, 0.10920000076293945, -1.3007900714874268, -1.2747960090637207]
[0.07419479638338089, -0.17029382288455963, 0.36147376894950867, 2.716592311859131, -0.15345565974712372, -0.13453048467636108] [0.23320996761322021, -0.4648439884185791, 0.9433680772781372, 0.6995459794998169, 1.8499621152877808, 0.10920000076293945, -1.3053920269012451, -1.2732620239257812]
[0.07129774242639542, -0.14800035953521729, 0.37165749073028564, 2.588247776031494, -0.2518531382083893, 0.05452590808272362] [0.23167596757411957, -0.4648439884185791, 0.8451920747756958, 0.846809983253479, 1.8484281301498413, 0.1088000014424324, -1.3038580417633057, -1.2732620239257812]
[0.0672496110200882, -0.130642831325531, 0.3735050559043884, 2.476090908050537, -0.2772883176803589, 0.21075177192687988] [0.23167596757411957, -0.4648439884185791, 0.7500840425491333, 0.9710639715194702, 1.8468940258026123, 0.10920000076293945, -1.3023240566253662, -1.2701940536499023]
[0.059344690293073654, -0.11284501850605011, 0.3758477568626404, 2.377429723739624, -0.3053848445415497, 0.38354501128196716] [0.23167596757411957, -0.4648439884185791, 0.6764520406723022, 1.1382700204849243, 1.8468940258026123, 0.10920000076293945, -1.3038580417633057, -1.2686599493026733]
[0.04850389435887337, -0.09734385460615158, 0.3781515061855316, 2.2968063354492188, -0.33425331115722656, 0.5556378960609436] [0.23167596757411957, -0.46024197340011597, 0.6365680694580078, 1.2318439483642578, 1.839224100112915, 0.10920000076293945, -1.2961881160736084, -1.2594560384750366]
[0.04393548518419266, -0.08986243605613708, 0.3807290494441986, 2.278510332107544, -0.35663679242134094, 0.6257849931716919] [0.22553996741771698, -0.4280279874801636, 0.6304320693016052, 1.2686599493026733, 1.8300200700759888, 0.10920000076293945, -1.2793140411376953, -1.2395139932632446]
[0.03559631481766701, -0.0800238624215126, 0.3863280117511749, 2.2463042736053467, -0.3885970413684845, 0.7115070223808289] [0.21786996722221375, -0.39121198654174805, 0.6120240688323975, 1.30240797996521, 1.8116121292114258, 0.10920000076293945, -1.2624400854110718, -1.2149699926376343]
[0.027535315603017807, -0.07055287808179855, 0.391729474067688, 2.1836190223693848, -0.41223859786987305, 0.7971534729003906] [0.19485996663570404, -0.355929970741272, 0.582878053188324, 1.3284859657287598, 1.785534143447876, 0.10920000076293945, -1.2378960847854614, -1.1919599771499634]
[0.019988665357232094, -0.06254991888999939, 0.39531105756759644, 2.1074676513671875, -0.4167790710926056, 0.8690779805183411] [0.17491796612739563, -0.32524996995925903, 0.544528067111969, 1.3300199508666992, 1.7701940536499023, 0.10920000076293945, -1.2148860692977905, -1.1643480062484741]
[0.013627455569803715, -0.05702127516269684, 0.39670342206954956, 2.0537445545196533, -0.40206632018089294, 0.9141820669174194] [0.16571396589279175, -0.30990996956825256, 0.48777005076408386, 1.3315539360046387, 1.7640581130981445, 0.10920000076293945, -1.1857401132583618, -1.1305999755859375]
[0.004407144617289305, -0.049002643674612045, 0.3963247835636139, 1.9932407140731812, -0.37066760659217834, 0.9781410098075867] [0.1611119657754898, -0.27309396862983704, 0.4279440641403198, 1.3315539360046387, 1.762524127960205, 0.10920000076293945, -1.142788052558899, -1.0861139297485352]
[-0.008930256590247154, -0.03710515424609184, 0.38872626423835754, 1.8974591493606567, -0.26287779211997986, 1.0640404224395752] [0.15344196557998657, -0.2362779676914215, 0.2469320446252823, 1.337689995765686, 1.762524127960205, 0.1088000014424324, -1.0983021259307861, -1.0462299585342407]
[-0.0189389456063509, -0.029538294300436974, 0.3862684965133667, 1.8485243320465088, -0.2202051281929016, 1.120259404182434] [0.15190796554088593, -0.19792796671390533, 0.2407960444688797, 1.337689995765686, 1.762524127960205, 0.10920000076293945, -1.0706900358200073, -1.0216859579086304]
[-0.02698323503136635, -0.027796469628810883, 0.3884398341178894, 1.8133821487426758, -0.2214822620153427, 1.1404668092727661] [0.15037396550178528, -0.1902579665184021, 0.2208540439605713, 1.337689995765686, 1.762524127960205, 0.1088000014424324, -1.0492141246795654, -1.001744031906128]
[-0.031153632327914238, -0.027294842526316643, 0.38834279775619507, 1.7885740995407104, -0.20973005890846252, 1.1469762325286865] [0.15037396550178528, -0.1902579665184021, 0.19784404337406158, 1.337689995765686, 1.762524127960205, 0.1088000014424324, -1.0292720794677734, -0.9818019866943359]
[-0.0346924364566803, -0.026573538780212402, 0.3869532644748688, 1.7666537761688232, -0.18946923315525055, 1.1504400968551636] [0.15190796554088593, -0.1902579665184021, 0.1686980426311493, 1.337689995765686, 1.762524127960205, 0.1088000014424324, -1.0154660940170288, -0.9710639715194702]
[-0.037280257791280746, -0.026242204010486603, 0.3854573369026184, 1.7494901418685913, -0.17136543989181519, 1.1509332656860352] [0.15344196557998657, -0.1902579665184021, 0.1456880420446396, 1.3361560106277466, 1.762524127960205, 0.10920000076293945, -1.007796049118042, -0.9649279713630676]
[-0.038649655878543854, -0.026315229013562202, 0.3840753436088562, 1.7370723485946655, -0.15570522844791412, 1.1487640142440796] [0.15497596561908722, -0.1933259665966034, 0.12421204149723053, 1.3361560106277466, 1.762524127960205, 0.1088000014424324, -1.0001261234283447, -0.958791971206665]
[-0.04005410522222519, -0.02623925358057022, 0.3818396329879761, 1.73159658908844, -0.13853798806667328, 1.1469141244888306] [0.16264596581459045, -0.19485996663570404, 0.10427004098892212, 1.3361560106277466, 1.762524127960205, 0.1088000014424324, -0.9939900636672974, -0.9526559710502625]
[-0.04117193445563316, -0.026060104370117188, 0.3798001706600189, 1.7238463163375854, -0.1210232600569725, 1.1466844081878662] [0.1641799658536911, -0.19485996663570404, 0.08126004040241241, 1.3346220254898071, 1.7640581130981445, 0.10920000076293945, -0.9878540635108948, -0.9480539560317993]
[-0.04204311594367027, -0.025895116850733757, 0.378021776676178, 1.7149174213409424, -0.10293429344892502, 1.1448684930801392] [0.1641799658536911, -0.19485996663570404, 0.06285203993320465, 1.3346220254898071, 1.7640581130981445, 0.1088000014424324, -0.9863200783729553, -0.9465199708938599]
[-0.04241616278886795, -0.025872433558106422, 0.3754677176475525, 1.7071502208709717, -0.08016393333673477, 1.1422511339187622] [0.1672479659318924, -0.1963939666748047, 0.04444403946399689, 1.3330880403518677, 1.7640581130981445, 0.1088000014424324, -0.9863200783729553, -0.9465199708938599]
[-0.04263852909207344, -0.025946563109755516, 0.37507081031799316, 1.7061806917190552, -0.0777493491768837, 1.1406458616256714] [0.1672479659318924, -0.1963939666748047, 0.04444403946399689, 1.3315539360046387, 1.7640581130981445, 0.1088000014424324, -0.9847860336303711, -0.9465199708938599]
[-0.04263131320476532, -0.025992369279265404, 0.3751564919948578, 1.7056798934936523, -0.07805658876895905, 1.1391456127166748] [0.1672479659318924, -0.1963939666748047, 0.04291003942489624, 1.3300199508666992, 1.7640581130981445, 0.10920000076293945, -0.9863200783729553, -0.9465199708938599]
[-0.0421634316444397, -0.026109082624316216, 0.37504395842552185, 1.7054312229156494, -0.07672027498483658, 1.134433627128601] [0.1672479659318924, -0.19792796671390533, 0.04291003942489624, 1.3254179954528809, 1.7640581130981445, 0.1088000014424324, -0.9878540635108948, -0.9480539560317993]
[-0.041584309190511703, -0.026451772078871727, 0.3749999403953552, 1.7064961194992065, -0.07671592384576797, 1.129778265953064] [0.16571396589279175, -0.19792796671390533, 0.04291003942489624, 1.319282054901123, 1.7640581130981445, 0.1088000014424324, -0.9909220933914185, -0.9495880007743835]
[-0.039960186928510666, -0.026711685582995415, 0.37490469217300415, 1.7081972360610962, -0.07473805546760559, 1.120344638824463] [0.16571396589279175, -0.19792796671390533, 0.04137603938579559, 1.3085440397262573, 1.7640581130981445, 0.1088000014424324, -0.9939900636672974, -0.9526559710502625]
[-0.03839574754238129, -0.027102775871753693, 0.3747353255748749, 1.711517095565796, -0.07349097728729248, 1.110924243927002] [0.16571396589279175, -0.19946196675300598, 0.04137603938579559, 1.3070099353790283, 1.7640581130981445, 0.10920000076293945, -0.9985920786857605, -0.958791971206665]
[-0.0372883565723896, -0.02736249566078186, 0.3745376765727997, 1.7159281969070435, -0.0732007622718811, 1.107677936553955] [0.1641799658536911, -0.20406396687030792, 0.04291003942489624, 1.3039419651031494, 1.7640581130981445, 0.10920000076293945, -1.007796049118042, -0.9695299863815308]
[-0.03525558114051819, -0.028456352651119232, 0.37469595670700073, 1.715752363204956, -0.07300815731287003, 1.0983744859695435] [0.15650996565818787, -0.2101999670267105, 0.04291003942489624, 1.3039419651031494, 1.7594560384750366, 0.1088000014424324, -1.0200680494308472, -0.9818019866943359]
[-0.033190082758665085, -0.02934293821454048, 0.3746638000011444, 1.7153362035751343, -0.07227899134159088, 1.0920960903167725] [0.15344196557998657, -0.21480196714401245, 0.04444403946399689, 1.3008739948272705, 1.7594560384750366, 0.10920000076293945, -1.0338740348815918, -0.9956079721450806]
[-0.030007032677531242, -0.029287008568644524, 0.3733581304550171, 1.7287757396697998, -0.06654764711856842, 1.0882102251052856] [0.15037396550178528, -0.21480196714401245, 0.045978039503097534, 1.3008739948272705, 1.7594560384750366, 0.10920000076293945, -1.0492141246795654, -1.0063459873199463]
[-0.026940662413835526, -0.029334865510463715, 0.37312597036361694, 1.7338945865631104, -0.06533120572566986, 1.0846985578536987] [0.14730596542358398, -0.21480196714401245, 0.04751203954219818, 1.2916699647903442, 1.7563880681991577, 0.10920000076293945, -1.0568840503692627, -1.0155500173568726]
[-0.024396702647209167, -0.02951408177614212, 0.3725432753562927, 1.7417975664138794, -0.06198539584875107, 1.078176736831665] [0.14270396530628204, -0.21480196714401245, 0.04751203954219818, 1.2916699647903442, 1.7533200979232788, 0.10920000076293945, -1.0691560506820679, -1.0308899879455566]
[-0.02005123905837536, -0.030438438057899475, 0.3720361888408661, 1.7370929718017578, -0.05796470865607262, 1.0685793161392212] [0.11969395726919174, -0.2194039672613144, 0.04751203954219818, 1.2886019945144653, 1.7379801273345947, 0.10920000076293945, -1.0952340364456177, -1.0539000034332275]
[-0.015764625743031502, -0.030712537467479706, 0.3730047941207886, 1.720931053161621, -0.06039487570524216, 1.0637378692626953] [0.09514996409416199, -0.2194039672613144, 0.04904603958129883, 1.284000039100647, 1.730310082435608, 0.1088000014424324, -1.119778037071228, -1.078444004058838]
[-0.009001015685498714, -0.03125946596264839, 0.3732791841030121, 1.713997721672058, -0.05912661924958229, 1.0504028797149658] [0.07520796358585358, -0.2194039672613144, 0.04751203954219818, 1.2717280387878418, 1.722640037536621, 0.1088000014424324, -1.1504580974578857, -1.1121920347213745]
[-0.003061741590499878, -0.03166710585355759, 0.37311723828315735, 1.7065458297729492, -0.05672335997223854, 1.042265772819519] [0.039925962686538696, -0.2194039672613144, 0.04751203954219818, 1.2625240087509155, 1.7088340520858765, 0.10920000076293945, -1.1765360832214355, -1.1336679458618164]
[0.0020902464166283607, -0.032287389039993286, 0.37415578961372375, 1.6909523010253906, -0.06110706925392151, 1.0317015647888184] [0.01844996213912964, -0.2194039672613144, 0.04904603958129883, 1.2548539638519287, 1.7026981115341187, 0.1088000014424324, -1.1964781284332275, -1.1566779613494873]
[0.0070037562400102615, -0.03255467489361763, 0.3741704821586609, 1.684096097946167, -0.05968625098466873, 1.0240119695663452] [-0.006094038486480713, -0.2194039672613144, 0.04751203954219818, 1.2425819635391235, 1.6934940814971924, 0.1088000014424324, -1.2194880247116089, -1.1781539916992188]
[0.013134465552866459, -0.03350634127855301, 0.37446141242980957, 1.6762056350708008, -0.06077997386455536, 1.0056735277175903] [-0.03217203915119171, -0.2194039672613144, 0.04751203954219818, 1.2211060523986816, 1.6904261112213135, 0.10920000076293945, -1.2424980401992798, -1.1996300220489502]
[0.018739178776741028, -0.034312762320041656, 0.3743409216403961, 1.6764435768127441, -0.06061902642250061, 0.9918323159217834] [-0.050580039620399475, -0.2194039672613144, 0.04751203954219818, 1.210368037223816, 1.6827560663223267, 0.10920000076293945, -1.2624400854110718, -1.2195719480514526]
[0.024519236758351326, -0.03485773876309395, 0.3744175136089325, 1.6614381074905396, -0.0620235875248909, 0.9815910458564758] [-0.07665804028511047, -0.2194039672613144, 0.04751203954219818, 1.205765962600708, 1.6750860214233398, 0.10920000076293945, -1.2839161157608032, -1.241047978401184]
[0.02904566377401352, -0.035266995429992676, 0.374713659286499, 1.6592570543289185, -0.06399399787187576, 0.9755036234855652] [-0.10120204091072083, -0.2194039672613144, 0.04751203954219818, 1.1950279474258423, 1.668950080871582, 0.1088000014424324, -1.3069260120391846, -1.2625240087509155]
[0.03434107452630997, -0.036043502390384674, 0.37471914291381836, 1.6491304636001587, -0.06599925458431244, 0.9602460861206055] [-0.12728004157543182, -0.21786996722221375, 0.04751203954219818, 1.1735520362854004, 1.6643481254577637, 0.10920000076293945, -1.328402042388916, -1.2886019945144653]
[0.04111273214221001, -0.03749952092766762, 0.3751685321331024, 1.6421626806259155, -0.06921661645174026, 0.9345220327377319] [-0.15029004216194153, -0.21480196714401245, 0.045978039503097534, 1.1382700204849243, 1.6597460508346558, 0.1088000014424324, -1.3406740427017212, -1.2947380542755127]
[0.04714374616742134, -0.03687606751918793, 0.3720710575580597, 1.6458158493041992, -0.057897165417671204, 0.9152828454971313] [-0.15182404220104218, -0.1963939666748047, 0.04444403946399689, 1.1060559749603271, 1.6505420207977295, 0.1088000014424324, -1.3422080278396606, -1.2978060245513916]
[0.050109703093767166, -0.03733415901660919, 0.37319785356521606, 1.6423976421356201, -0.060571085661649704, 0.8848794102668762] [-0.15335804224014282, -0.1902579665184021, 0.04444403946399689, 1.058501958847046, 1.6505420207977295, 0.1088000014424324, -1.3422080278396606, -1.2978060245513916]
[0.05305975303053856, -0.03776590898633003, 0.37365013360977173, 1.6432098150253296, -0.06147582828998566, 0.8561417460441589] [-0.15335804224014282, -0.17491796612739563, 0.04444403946399689, 1.0048120021820068, 1.64900803565979, 0.1088000014424324, -1.345276117324829, -1.299340009689331]
[0.05691393464803696, -0.03777317330241203, 0.3737640976905823, 1.6457419395446777, -0.0614529587328434, 0.8215835094451904] [-0.15335804224014282, -0.15037396550178528, 0.04444403946399689, 0.9495880007743835, 1.64900803565979, 0.1088000014424324, -1.345276117324829, -1.3008739948272705]
[0.061175569891929626, -0.03666355833411217, 0.37359941005706787, 1.6497422456741333, -0.06011362373828888, 0.7880585193634033] [-0.15335804224014282, -0.1181599572300911, 0.04444403946399689, 0.8452759981155396, 1.64900803565979, 0.1088000014424324, -1.345276117324829, -1.3008739948272705]
[0.07357152551412582, -0.04167203977704048, 0.3735256493091583, 1.6591131687164307, -0.058735594153404236, 0.6574853658676147] [-0.15335804224014282, -0.06907196342945099, 0.04904603958129883, 0.696478009223938, 1.64900803565979, 0.10920000076293945, -1.3468101024627686, -1.30240797996521]
[0.07489382475614548, -0.038968540728092194, 0.37326306104660034, 1.6624847650527954, -0.0578191839158535, 0.651229977607727] [-0.15335804224014282, -0.04145996272563934, 0.04444403946399689, 0.6980119943618774, 1.64900803565979, 0.1088000014424324, -1.3468101024627686, -1.3008739948272705]
[0.07435780018568039, -0.037255629897117615, 0.3731805086135864, 1.6593929529190063, -0.055956821888685226, 0.6605364084243774] [-0.15335804224014282, -0.03839196264743805, 0.04444403946399689, 0.6980119943618774, 1.64900803565979, 0.1088000014424324, -1.345276117324829, -1.3008739948272705]
[0.07417283952236176, -0.03728057071566582, 0.3732078969478607, 1.6577554941177368, -0.05586142838001251, 0.6605320572853088] [-0.15335804224014282, -0.039925962686538696, 0.04291003942489624, 0.6995459794998169, 1.64900803565979, 0.1088000014424324, -1.345276117324829, -1.3008739948272705]
[0.07395432144403458, -0.037616245448589325, 0.3736002743244171, 1.6563770771026611, -0.0577663779258728, 0.660593569278717] [-0.15642604231834412, -0.04145996272563934, 0.04137603938579559, 0.7087500095367432, 1.6566780805587769, 0.1088000014424324, -1.345276117324829, -1.3008739948272705]
[0.07261966168880463, -0.0366804376244545, 0.37422242760658264, 1.6597765684127808, -0.059958089143037796, 0.6745467185974121] [-0.1594940423965454, -0.04299396276473999, 0.039842039346694946, 0.7194879651069641, 1.6566780805587769, 0.10920000076293945, -1.3437421321868896, -1.2978060245513916]
[0.07197693735361099, -0.0365973562002182, 0.3742735981941223, 1.6563891172409058, -0.05866609141230583, 0.6776869893074036] [-0.15796004235744476, -0.04452796280384064, 0.035240039229393005, 0.7210220098495483, 1.6582120656967163, 0.1088000014424324, -1.3345381021499634, -1.2916699647903442]
[0.070943184196949, -0.036920350044965744, 0.37478023767471313, 1.6533286571502686, -0.059553246945142746, 0.6778080463409424] [-0.15642604231834412, -0.04759596288204193, 0.03217203915119171, 0.7240899801254272, 1.6597460508346558, 0.1088000014424324, -1.325334072113037, -1.2809319496154785]
[0.0695856362581253, -0.03892127424478531, 0.37485799193382263, 1.647958755493164, -0.058277107775211334, 0.6716364026069641] [-0.15029004216194153, -0.06446996331214905, 0.021434038877487183, 0.7302259802818298, 1.6612800359725952, 0.10920000076293945, -1.3053920269012451, -1.260990023612976]
[0.06661727279424667, -0.04052111506462097, 0.3748265206813812, 1.6274043321609497, -0.05044182389974594, 0.6638394594192505] [-0.139552041888237, -0.06907196342945099, -0.001575961709022522, 0.7317599654197693, 1.6612800359725952, 0.1088000014424324, -1.2854501008987427, -1.2425819635391235]
[0.06265903264284134, -0.04073851555585861, 0.37598949670791626, 1.6125978231430054, -0.05083680897951126, 0.6652053594589233] [-0.12881404161453247, -0.07060596346855164, -0.010779961943626404, 0.7332940101623535, 1.6628141403198242, 0.10920000076293945, -1.2701101303100586, -1.2241740226745605]
[0.05921682342886925, -0.04139431193470955, 0.3755188584327698, 1.6120131015777588, -0.046815644949674606, 0.6648963093757629] [-0.113474041223526, -0.07674196362495422, -0.019983962178230286, 0.7455660104751587, 1.6766201257705688, 0.10920000076293945, -1.2486340999603271, -1.202697992324829]
[0.05529019236564636, -0.042617157101631165, 0.375338613986969, 1.6146425008773804, -0.039645105600357056, 0.6673734188079834] [-0.09966804087162018, -0.0920819640159607, -0.0368579626083374, 0.7670419812202454, 1.6858240365982056, 0.10920000076293945, -1.2286920547485352, -1.1842899322509766]
[0.05001259595155716, -0.04330974444746971, 0.3755810558795929, 1.599610686302185, -0.03467537835240364, 0.681913435459137] [-0.0904640406370163, -0.10588795691728592, -0.05373196303844452, 0.7977219820022583, 1.6950280666351318, 0.11400000005960464, -1.2102841138839722, -1.1643480062484741]
[0.045239925384521484, -0.04565415531396866, 0.3752019703388214, 1.5941405296325684, -0.023407500237226486, 0.6847445964813232] [-0.08279404044151306, -0.13349996507167816, -0.07980996370315552, 0.8284019827842712, 1.707300066947937, 0.10760000348091125, -1.1918760538101196, -1.14900803565979]
[0.04103819653391838, -0.04794370010495186, 0.37571626901626587, 1.5808061361312866, -0.019512291997671127, 0.6909095048904419] [-0.08126004040241241, -0.1641799658536911, -0.10281995683908463, 0.8728879690170288, 1.722640037536621, 0.10760000348091125, -1.1719341278076172, -1.129065990447998]
[0.03593802824616432, -0.04974043741822243, 0.37528204917907715, 1.5753724575042725, -0.007815221324563026, 0.7038018703460693] [-0.07665804028511047, -0.1902579665184021, -0.1181599572300911, 0.9066359996795654, 1.7287760972976685, 0.10760000348091125, -1.1611961126327515, -1.1183279752731323]
[0.030850345268845558, -0.052035026252269745, 0.3754078149795532, 1.5715113878250122, -0.002404875587671995, 0.7156521081924438] [-0.07359004020690918, -0.22247196733951569, -0.13043196499347687, 0.9557240009307861, 1.7364461421966553, 0.10760000348091125, -1.1489241123199463, -1.1060559749603271]
[0.02632989175617695, -0.05361028015613556, 0.37566664814949036, 1.5669896602630615, 0.0029527947772294283, 0.7272515296936035] [-0.07359004020690918, -0.2500839829444885, -0.15037396550178528, 1.0002100467681885, 1.748718023300171, 0.10760000348091125, -1.135118007659912, -1.0922499895095825]
[0.0218490082770586, -0.055646128952503204, 0.3754175305366516, 1.5657384395599365, 0.012918435037136078, 0.7363144755363464] [-0.07359004020690918, -0.2776959538459778, -0.16878196597099304, 1.0370259284973145, 1.7701940536499023, 0.10760000348091125, -1.1182440519332886, -1.0769100189208984]
[0.01689387857913971, -0.057632770389318466, 0.3752347230911255, 1.5709632635116577, 0.022747933864593506, 0.746477484703064] [-0.07359004020690918, -0.30377396941185, -0.18565596640110016, 1.0799779891967773, 1.7870681285858154, 0.10760000348091125, -1.1059720516204834, -1.0631040334701538]
[0.01209340337663889, -0.060399942100048065, 0.37481123208999634, 1.572109341621399, 0.03276738524436951, 0.7517717480659485] [-0.07359004020690918, -0.3405899703502655, -0.20099596679210663, 1.1213959455490112, 1.7947380542755127, 0.10760000348091125, -1.0937000513076782, -1.052366018295288]
[0.005879763048142195, -0.06430401653051376, 0.37461596727371216, 1.5754348039627075, 0.04140307381749153, 0.7569409608840942] [-0.07359004020690918, -0.3820079565048218, -0.21786996722221375, 1.170483946800232, 1.8131461143493652, 0.10760000348091125, -1.0737581253051758, -1.0293560028076172]
[-4.055539102409966e-05, -0.06865249574184418, 0.37443315982818604, 1.578766107559204, 0.049772489815950394, 0.7536889314651489] [-0.07512404024600983, -0.4249599575996399, -0.2393459677696228, 1.2149699926376343, 1.8269520998001099, 0.1080000028014183, -1.0568840503692627, -1.014016032218933]
[-0.0046366979368031025, -0.0713869035243988, 0.3736072778701782, 1.575804352760315, 0.059767503291368484, 0.7540815472602844] [-0.07512404024600983, -0.4587079882621765, -0.2562199831008911, 1.2502520084381104, 1.8438260555267334, 0.10760000348091125, -1.0384761095046997, -0.9986760020256042]
[-0.009263464249670506, -0.07367939502000809, 0.3736562728881836, 1.5661369562149048, 0.0633750930428505, 0.7533396482467651] [-0.07512404024600983, -0.4909219741821289, -0.2746279835700989, 1.2886019945144653, 1.8530300855636597, 0.1080000028014183, -1.0185340642929077, -0.9771999716758728]
[-0.01604214683175087, -0.07820549607276917, 0.37281256914138794, 1.5546106100082397, 0.07200172543525696, 0.7438775897026062] [-0.07512404024600983, -0.5308059453964233, -0.2945699691772461, 1.322350025177002, 1.8530300855636597, 0.10760000348091125, -0.9939900636672974, -0.9541900157928467]
[-0.020921412855386734, -0.0816996619105339, 0.3728247582912445, 1.5466424226760864, 0.0735936090350151, 0.7336841225624084] [-0.07512404024600983, -0.5584179759025574, -0.30990996956825256, 1.340757966041565, 1.8545640707015991, 0.10760000348091125, -0.9740480780601501, -0.9357819557189941]
[-0.024674905464053154, -0.08371821790933609, 0.3727431893348694, 1.5333020687103271, 0.07649026066064835, 0.7221232652664185] [-0.07512404024600983, -0.5660879611968994, -0.32985198497772217, 1.3484280109405518, 1.8545640707015991, 0.10760000348091125, -0.9556400775909424, -0.9204419851303101]
[-0.029043450951576233, -0.08312572538852692, 0.37261897325515747, 1.5193310976028442, 0.0801146999001503, 0.7305314540863037] [-0.07512404024600983, -0.5660879611968994, -0.3405899703502655, 1.372972011566162, 1.8545640707015991, 0.10760000348091125, -0.9403000473976135, -0.9035679697990417]
[-0.03443361818790436, -0.0819828137755394, 0.3726142346858978, 1.5050015449523926, 0.08358623087406158, 0.7462719082832336] [-0.07512404024600983, -0.5660879611968994, -0.3528619706630707, 1.37910795211792, 1.8560980558395386, 0.10760000348091125, -0.9218920469284058, -0.8866939544677734]
[-0.03863314911723137, -0.08190877735614777, 0.3728254735469818, 1.4893195629119873, 0.08438920229673386, 0.7480664849281311] [-0.07512404024600983, -0.5660879611968994, -0.36513397097587585, 1.3867779970169067, 1.8560980558395386, 0.10760000348091125, -0.9080860614776611, -0.8728879690170288]
[-0.04086359590291977, -0.0820544883608818, 0.372787743806839, 1.480120301246643, 0.08559759706258774, 0.7473039031028748] [-0.07512404024600983, -0.5660879611968994, -0.37433797121047974, 1.3898459672927856, 1.8560980558395386, 0.10760000348091125, -0.892746090888977, -0.8590819835662842]
[-0.04463477432727814, -0.082254558801651, 0.37285521626472473, 1.4658000469207764, 0.08494316041469574, 0.7450264692306519] [-0.07512404024600983, -0.5660879611968994, -0.3866099715232849, 1.391379952430725, 1.8560980558395386, 0.10760000348091125, -0.8804740905761719, -0.8483439683914185]
[-0.04663905128836632, -0.08242370933294296, 0.37354931235313416, 1.4566545486450195, 0.08030180633068085, 0.7426989674568176] [-0.07359004020690918, -0.5660879611968994, -0.3896779716014862, 1.3898459672927856, 1.857632040977478, 0.10760000348091125, -0.8789400458335876, -0.8483439683914185]
[-0.047256629914045334, -0.08294034004211426, 0.3740563690662384, 1.4522465467453003, 0.07533528655767441, 0.7347106337547302] [-0.07359004020690918, -0.5660879611968994, -0.3896779716014862, 1.3821760416030884, 1.857632040977478, 0.10760000348091125, -0.8850760459899902, -0.8590819835662842]
[-0.0458650104701519, -0.08287740498781204, 0.374416708946228, 1.4564810991287231, 0.0725606232881546, 0.731373131275177] [-0.07512404024600983, -0.5660879611968994, -0.3820079565048218, 1.3683700561523438, 1.857632040977478, 0.10760000348091125, -0.9080860614776611, -0.885159969329834]
[-0.04189442843198776, -0.08406421542167664, 0.37459036707878113, 1.4629621505737305, 0.07124986499547958, 0.7142565250396729] [-0.07512404024600983, -0.5660879611968994, -0.37740597128868103, 1.357632040977478, 1.857632040977478, 0.10760000348091125, -0.9280280470848083, -0.9066359996795654]
[-0.03771767020225525, -0.0840531438589096, 0.3737185001373291, 1.4738268852233887, 0.08160550147294998, 0.714108407497406] [-0.08126004040241241, -0.5660879611968994, -0.3758719563484192, 1.3545639514923096, 1.857632040977478, 0.10760000348091125, -0.9495040774345398, -0.9265779852867126]
[-0.03248777985572815, -0.08378633856773376, 0.37304922938346863, 1.4830703735351562, 0.09464779496192932, 0.7054360508918762] [-0.087396040558815, -0.5660879611968994, -0.37433797121047974, 1.3514959812164307, 1.857632040977478, 0.10520000010728836, -0.9709800481796265, -0.9480539560317993]
[-0.028005486354231834, -0.08391295373439789, 0.3714122772216797, 1.4953417778015137, 0.10948482900857925, 0.7006227970123291] [-0.08893004059791565, -0.5676219463348389, -0.37126997113227844, 1.3438260555267334, 1.857632040977478, 0.10559999942779541, -0.9893880486488342, -0.9679960012435913]
[-0.024037836119532585, -0.08418826758861542, 0.3705217242240906, 1.5071141719818115, 0.11513298749923706, 0.6984134912490845] [-0.09199804067611694, -0.5660879611968994, -0.36513397097587585, 1.3438260555267334, 1.857632040977478, 0.10559999942779541, -1.0093300342559814, -0.9864040017127991]
[-0.02052043378353119, -0.0835745558142662, 0.36953040957450867, 1.5159883499145508, 0.12427747249603271, 0.7017596364021301] [-0.09966804087162018, -0.5676219463348389, -0.3605319857597351, 1.340757966041565, 1.857632040977478, 0.10559999942779541, -1.027738094329834, -1.001744031906128]
[-0.0170508474111557, -0.08393214643001556, 0.36988702416419983, 1.5208323001861572, 0.12332625687122345, 0.6978262662887573] [-0.11040604114532471, -0.5676219463348389, -0.3574639558792114, 1.3254179954528809, 1.8560980558395386, 0.10559999942779541, -1.0354080200195312, -1.0063459873199463]
[-0.012198311276733875, -0.08596373349428177, 0.37069249153137207, 1.521344542503357, 0.11730674654245377, 0.6733956933021545] [-0.11807604134082794, -0.5676219463348389, -0.3574639558792114, 1.30240797996521, 1.8545640707015991, 0.10559999942779541, -1.0369420051574707, -1.0063459873199463]
[-0.00901277456432581, -0.0875653401017189, 0.37076717615127563, 1.5220085382461548, 0.11529065668582916, 0.6517528295516968] [-0.1165420413017273, -0.5676219463348389, -0.3574639558792114, 1.2763299942016602, 1.839224100112915, 0.10559999942779541, -1.0369420051574707, -1.0078799724578857]
[-0.005762778222560883, -0.09062841534614563, 0.371379554271698, 1.5210777521133423, 0.10753435641527176, 0.6167229413986206] [-0.11807604134082794, -0.5676219463348389, -0.3574639558792114, 1.2379800081253052, 1.8146800994873047, 0.10559999942779541, -1.0415440797805786, -1.0109479427337646]
[-0.002569691278040409, -0.09335209429264069, 0.37180161476135254, 1.502935767173767, 0.10071919858455658, 0.584237813949585] [-0.1165420413017273, -0.5676219463348389, -0.35899797081947327, 1.2011640071868896, 1.80087411403656, 0.10559999942779541, -1.0476800203323364, -1.0186179876327515]
[0.0008438558434136212, -0.09600815176963806, 0.3719809651374817, 1.4892243146896362, 0.09565599262714386, 0.5548263192176819] [-0.11807604134082794, -0.5676219463348389, -0.3543959856033325, 1.1766200065612793, 1.7870681285858154, 0.10559999942779541, -1.0722240209579468, -1.0462299585342407]
[0.006245383061468601, -0.09813417494297028, 0.3729778826236725, 1.496835708618164, 0.08129119127988815, 0.5318629741668701] [-0.12114404141902924, -0.5676219463348389, -0.3267839550971985, 1.14900803565979, 1.7824660539627075, 0.10520000010728836, -1.1458560228347778, -1.1229300498962402]
[0.025594329461455345, -0.10376284271478653, 0.3733426034450531, 1.496200680732727, 0.06624551862478256, 0.4733363687992096] [-0.1686980426311493, -0.5676219463348389, -0.29917198419570923, 1.0492980480194092, 1.7548540830612183, 0.10520000010728836, -1.201080083847046, -1.1735520362854004]
[0.038630276918411255, -0.10910133272409439, 0.37287524342536926, 1.507887840270996, 0.05731058120727539, 0.42150941491127014] [-0.1947760432958603, -0.5660879611968994, -0.2853659689426422, 1.012481927871704, 1.7548540830612183, 0.10559999942779541, -1.2394300699234009, -1.2149699926376343]
[0.04943898320198059, -0.11301995813846588, 0.3726799786090851, 1.5312795639038086, 0.043823156505823135, 0.3829772174358368] [-0.21625204384326935, -0.5660879611968994, -0.2500839829444885, 0.958791971206665, 1.7502521276474, 0.10559999942779541, -1.29312002658844, -1.2701940536499023]
[0.06372372061014175, -0.11965031921863556, 0.3721033036708832, 1.5474900007247925, 0.027728192508220673, 0.32108569145202637] [-0.24846604466438293, -0.5660879611968994, -0.23014196753501892, 0.8820919990539551, 1.745650053024292, 0.10520000010728836, -1.333004117012024, -1.3039419651031494]
[0.07195449620485306, -0.12522858381271362, 0.36946532130241394, 1.547810673713684, 0.033268190920352936, 0.2684951722621918] [-0.25613605976104736, -0.56455397605896, -0.23014196753501892, 0.846809983253479, 1.7318440675735474, 0.10559999942779541, -1.3345381021499634, -1.3054759502410889]
[0.07430529594421387, -0.1284106969833374, 0.36818447709083557, 1.5377907752990723, 0.03498020023107529, 0.24161173403263092] [-0.25613605976104736, -0.56455397605896, -0.23014196753501892, 0.8176639676094055, 1.7318440675735474, 0.10559999942779541, -1.3360720872879028, -1.3085440397262573]
[0.07591981440782547, -0.13047818839550018, 0.36779674887657166, 1.5378769636154175, 0.03528868407011032, 0.22223106026649475] [-0.25613605976104736, -0.56455397605896, -0.23014196753501892, 0.808459997177124, 1.730310082435608, 0.10559999942779541, -1.3360720872879028, -1.3085440397262573]
[0.07633867859840393, -0.1313818395137787, 0.36773794889450073, 1.5383716821670532, 0.034178249537944794, 0.21492375433444977] [-0.25613605976104736, -0.56455397605896, -0.23014196753501892, 0.7992559671401978, 1.730310082435608, 0.10559999942779541, -1.3360720872879028, -1.3070099353790283]
[0.07651061564683914, -0.13161712884902954, 0.36826813220977783, 1.5425705909729004, 0.029761366546154022, 0.2126327008008957] [-0.2576700448989868, -0.5660879611968994, -0.18258796632289886, 0.7961879968643188, 1.730310082435608, 0.10559999942779541, -1.3360720872879028, -1.3070099353790283]
[0.07677724957466125, -0.13543230295181274, 0.3837059438228607, 1.659487009048462, -0.09213772416114807, 0.18174925446510315] [-0.2576700448989868, -0.5676219463348389, 0.05211403965950012, 0.6796039938926697, 1.7318440675735474, 0.10559999942779541, -1.3345381021499634, -1.3085440397262573]
[0.07680420577526093, -0.1571846306324005, 0.4052027463912964, 1.9408282041549683, -0.2624482810497284, -0.007036672905087471] [-0.2469320446252823, -0.5676219463348389, 0.3681180477142334, 0.48325198888778687, 1.7395141124725342, 0.10559999942779541, -1.3360720872879028, -1.3085440397262573]
[0.07358697056770325, -0.18321041762828827, 0.41173192858695984, 2.2675349712371826, -0.3078159689903259, -0.2295878827571869] [-0.22392204403877258, -0.5691559910774231, 0.6365680694580078, 0.31911396980285645, 1.745650053024292, 0.10559999942779541, -1.3345381021499634, -1.3100780248641968]
[0.07000695168972015, -0.20640291273593903, 0.4040617346763611, 2.5771372318267822, -0.235900416970253, -0.422125905752182] [-0.19324204325675964, -0.5676219463348389, 0.9985920786857605, 0.05986796319484711, 1.745650053024292, 0.10559999942779541, -1.3360720872879028, -1.3116120100021362]
[0.06615749001502991, -0.22602178156375885, 0.37949660420417786, 2.936681032180786, -0.04505688697099686, -0.5601375699043274] [-0.09966804087162018, -0.5660879611968994, 1.2839161157608032, 0.03225596249103546, 1.745650053024292, 0.10559999942779541, -1.3360720872879028, -1.3085440397262573]
[0.06383534520864487, -0.22978954017162323, 0.3431571125984192, 3.1043810844421387, 0.12920132279396057, -0.5741674304008484] [0.09514996409416199, -0.5630199909210205, 1.5293561220169067, 0.03225596249103546, 1.745650053024292, 0.10559999942779541, -1.3360720872879028, -1.3100780248641968]
[0.058484967797994614, -0.23055532574653625, 0.3156951069831848, -3.0663516521453857, 0.26126497983932495, -0.5870093107223511] [0.2393459677696228, -0.5553499460220337, 1.707300066947937, 0.03225596249103546, 1.748718023300171, 0.10559999942779541, -1.3376060724258423, -1.3100780248641968]
[0.0568702407181263, -0.23156282305717468, 0.3119405508041382, -3.021650791168213, 0.2792704403400421, -0.5937862396240234] [0.24701596796512604, -0.5568839907646179, 1.7088340520858765, 0.03225596249103546, 1.745650053024292, 0.10559999942779541, -1.3376060724258423, -1.3100780248641968]
[0.0565866082906723, -0.23136398196220398, 0.310357004404068, -3.0429258346557617, 0.2874082624912262, -0.5952646732330322] [0.26082196831703186, -0.5553499460220337, 1.7026981115341187, 0.029187962412834167, 1.7410480976104736, 0.10559999942779541, -1.3391400575637817, -1.3131459951400757]
[0.05597864091396332, -0.23081545531749725, 0.3081854283809662, -3.056678533554077, 0.2978498041629791, -0.5943371653556824] [0.27309396862983704, -0.5553499460220337, 1.7026981115341187, 0.030721962451934814, 1.7364461421966553, 0.10559999942779541, -1.3406740427017212, -1.3131459951400757]
[0.05545639991760254, -0.2299579530954361, 0.3085445165634155, -3.0577850341796875, 0.2965414524078369, -0.5905782580375671] [0.27616196870803833, -0.5568839907646179, 1.7026981115341187, 0.030721962451934814, 1.7364461421966553, 0.10520000010728836, -1.3391400575637817, -1.3131459951400757]
[0.05523037537932396, -0.22956426441669464, 0.3091496229171753, -3.056276798248291, 0.29373475909233093, -0.5886755585670471] [0.27616196870803833, -0.5553499460220337, 1.7026981115341187, 0.030721962451934814, 1.7364461421966553, 0.10520000010728836, -1.3406740427017212, -1.3131459951400757]
[0.05511800944805145, -0.2294432818889618, 0.30910584330558777, -3.055121660232544, 0.29416054487228394, -0.5881794095039368] [0.27616196870803833, -0.5553499460220337, 1.704232096672058, 0.030721962451934814, 1.7364461421966553, 0.10520000010728836, -1.3406740427017212, -1.3131459951400757]
[0.05504657328128815, -0.22945457696914673, 0.3091142773628235, -3.054661750793457, 0.2939210534095764, -0.5879226922988892] [0.27616196870803833, -0.5553499460220337, 1.7026981115341187, 0.030721962451934814, 1.7364461421966553, 0.10559999942779541, -1.3406740427017212, -1.3116120100021362]
[0.05505714565515518, -0.22936829924583435, 0.3092001974582672, -3.0561530590057373, 0.29364001750946045, -0.5877370238304138] [0.27616196870803833, -0.5553499460220337, 1.7026981115341187, 0.030721962451934814, 1.7364461421966553, 0.10559999942779541, -1.3406740427017212, -1.3116120100021362]
[0.05495836213231087, -0.22934849560260773, 0.3092775344848633, -3.0543384552001953, 0.29306191205978394, -0.5876687169075012] [0.2746279835700989, -0.5553499460220337, 1.7026981115341187, 0.030721962451934814, 1.7364461421966553, 0.10520000010728836, -1.3406740427017212, -1.3116120100021362]
[0.05492045357823372, -0.22933340072631836, 0.30927494168281555, -3.0557050704956055, 0.2929440140724182, -0.5875534415245056] [0.27616196870803833, -0.5553499460220337, 1.7026981115341187, 0.030721962451934814, 1.7379801273345947, 0.10559999942779541, -1.3391400575637817, -1.3116120100021362]
[0.05500774085521698, -0.2293175458908081, 0.3092096447944641, -3.056065797805786, 0.29338815808296204, -0.5876517295837402] [0.27616196870803833, -0.5538159608840942, 1.7026981115341187, 0.030721962451934814, 1.7364461421966553, 0.10559999942779541, -1.3391400575637817, -1.3116120100021362]
[0.05507594347000122, -0.22930867969989777, 0.3094981908798218, -3.055126428604126, 0.29198020696640015, -0.5873780250549316] [0.2746279835700989, -0.5553499460220337, 1.7026981115341187, 0.030721962451934814, 1.7364461421966553, 0.10559999942779541, -1.3406740427017212, -1.3116120100021362]
[0.05494247004389763, -0.2293277382850647, 0.30925434827804565, -3.0544207096099854, 0.29313838481903076, -0.5876671671867371] [0.27616196870803833, -0.5553499460220337, 1.704232096672058, 0.030721962451934814, 1.7364461421966553, 0.10559999942779541, -1.3406740427017212, -1.3116120100021362]
[0.05497729405760765, -0.2293030321598053, 0.3092871606349945, -3.055899143218994, 0.29305732250213623, -0.5875996351242065] [0.27616196870803833, -0.5553499460220337, 1.7026981115341187, 0.030721962451934814, 1.7379801273345947, 0.10559999942779541, -1.3406740427017212, -1.3131459951400757]
[0.05500628426671028, -0.2292991280555725, 0.30926066637039185, -3.0560100078582764, 0.2931872010231018, -0.587631106376648] [0.2746279835700989, -0.5553499460220337, 1.7026981115341187, 0.030721962451934814, 1.7364461421966553, 0.10559999942779541, -1.3406740427017212, -1.3116120100021362]
