[0.05018791928887367, -0.23083698749542236, 0.3123420774936676, -3.0388236045837402, 0.27840858697891235, -0.5887336730957031] [0.28383195400238037, -0.5538159608840942, 1.704232096672058, 0.030721962451934814, 1.7395141124725342, 0.9971999526023865, -1.2992560863494873, -1.2947380542755127]
[0.05012449622154236, -0.2309274822473526, 0.3122047483921051, -3.0389647483825684, 0.27882465720176697, -0.5891656279563904] [0.28383195400238037, -0.5538159608840942, 1.7026981115341187, 0.029187962412834167, 1.7395141124725342, 0.9971999526023865, -1.3053920269012451, -1.2901359796524048]
[0.05064672231674194, -0.23076681792736053, 0.311139851808548, -3.0407564640045166, 0.28329095244407654, -0.5884494781494141] [0.2853659689426422, -0.5522819757461548, 1.7026981115341187, 0.029187962412834167, 1.7395141124725342, 0.9971999526023865, -1.3069260120391846, -1.2901359796524048]
[0.050854530185461044, -0.23080264031887054, 0.31085991859436035, -3.0414090156555176, 0.2845208942890167, -0.5886956453323364] [0.2853659689426422, -0.5522819757461548, 1.7026981115341187, 0.029187962412834167, 1.7395141124725342, 0.9971999526023865, -1.3069260120391846, -1.2901359796524048]
[0.05093136429786682, -0.23081690073013306, 0.31075745820999146, -3.0416433811187744, 0.28497186303138733, -0.5887874960899353] [0.28689998388290405, -0.5522819757461548, 1.7026981115341187, 0.030721962451934814, 1.7395141124725342, 0.9971999526023865, -1.3069260120391846, -1.2901359796524048]
[0.0510103777050972, -0.23080779612064362, 0.3107050061225891, -3.040639877319336, 0.28535372018814087, -0.5889668464660645] [0.28689998388290405, -0.5522819757461548, 1.7026981115341187, 0.030721962451934814, 1.7395141124725342, 0.9971999526023865, -1.3069260120391846, -1.2901359796524048]
[0.05095644295215607, -0.2308402806520462, 0.3103484511375427, -3.0414609909057617, 0.2869303226470947, -0.5892245769500732] [0.2853659689426422, -0.5522819757461548, 1.7026981115341187, 0.030721962451934814, 1.7395141124725342, 0.9971999526023865, -1.3069260120391846, -1.2901359796524048]
[0.05095941945910454, -0.23084469139575958, 0.3103358745574951, -3.0414535999298096, 0.28696849942207336, -0.589226484298706] [0.28689998388290405, -0.5522819757461548, 1.704232096672058, 0.030721962451934814, 1.7395141124725342, 0.9971999526023865, -1.3069260120391846, -1.2901359796524048]
[0.050192538648843765, -0.23077663779258728, 0.3097267746925354, -3.0438482761383057, 0.28980591893196106, -0.5898550748825073] [0.29303598403930664, -0.5522819757461548, 1.704232096672058, 0.030721962451934814, 1.7395141124725342, 0.11159999668598175, -1.3053920269012451, -1.284000039100647]
[0.050298549234867096, -0.2306845337152481, 0.30986523628234863, -3.044506788253784, 0.289762020111084, -0.5899150967597961] [0.29303598403930664, -0.5522819757461548, 1.704232096672058, 0.030721962451934814, 1.7395141124725342, 0.11159999668598175, -1.3053920269012451, -1.284000039100647]
[0.05021724849939346, -0.23066624999046326, 0.309909462928772, -3.0444138050079346, 0.2894395887851715, -0.5898765325546265] [0.29303598403930664, -0.5522819757461548, 1.7026981115341187, 0.030721962451934814, 1.7410480976104736, 0.11159999668598175, -1.3053920269012451, -1.284000039100647]
[0.050322409719228745, -0.23068606853485107, 0.30986788868904114, -3.0446035861968994, 0.28982630372047424, -0.5899895429611206] [0.29303598403930664, -0.5522819757461548, 1.704232096672058, 0.030721962451934814, 1.7410480976104736, 0.11159999668598175, -1.3053920269012451, -1.284000039100647]
[0.05030665546655655, -0.23076322674751282, 0.30972495675086975, -3.0441267490386963, 0.29011160135269165, -0.5898721218109131] [0.29303598403930664, -0.5476799607276917, 1.7026981115341187, 0.030721962451934814, 1.7395141124725342, 0.11159999668598175, -1.3053920269012451, -1.2855340242385864]
[0.05294545739889145, -0.22667106986045837, 0.30871570110321045, -3.0364508628845215, 0.29413285851478577, -0.566338062286377] [0.29303598403930664, -0.5292719602584839, 1.704232096672058, 0.030721962451934814, 1.7395141124725342, 0.11159999668598175, -1.3053920269012451, -1.284000039100647]
[0.05311812087893486, -0.22640125453472137, 0.30858829617500305, -3.035983085632324, 0.2945506274700165, -0.5647823214530945] [0.29303598403930664, -0.5277379751205444, 1.704232096672058, 0.030721962451934814, 1.7395141124725342, 0.11159999668598175, -1.3069260120391846, -1.284000039100647]
[0.05300667881965637, -0.22661560773849487, 0.3086979389190674, -3.0370380878448486, 0.294373482465744, -0.5664591789245605] [0.29303598403930664, -0.5292719602584839, 1.704232096672058, 0.030721962451934814, 1.7395141124725342, 0.11159999668598175, -1.3053920269012451, -1.282465934753418]
[0.05309392139315605, -0.2265658974647522, 0.30911996960639954, -3.0364229679107666, 0.29271674156188965, -0.5662876963615417] [0.2915019690990448, -0.5277379751205444, 1.704232096672058, 0.03225596249103546, 1.7379801273345947, 0.11159999668598175, -1.3053920269012451, -1.2778639793395996]
[0.053333789110183716, -0.22529326379299164, 0.3118666708469391, -3.033931255340576, 0.28045767545700073, -0.5592614412307739] [0.2792299687862396, -0.5246700048446655, 1.6934940814971924, 0.035323962569236755, 1.7318440675735474, 0.11159999668598175, -1.2992560863494873, -1.2671259641647339]
[0.055091194808483124, -0.22248758375644684, 0.31689831614494324, -3.0614538192749023, 0.2564307153224945, -0.542940616607666] [0.26082196831703186, -0.5108639597892761, 1.653610110282898, 0.03839196264743805, 1.7088340520858765, 0.11159999668598175, -1.2854501008987427, -1.2517859935760498]
[0.057536326348781586, -0.21691648662090302, 0.32093387842178345, -3.1055662631988525, 0.23496699333190918, -0.5118364095687866] [0.25315195322036743, -0.4847859740257263, 1.6091240644454956, 0.05373196303844452, 1.7026981115341187, 0.11159999668598175, -1.2670420408248901, -1.2303099632263184]
[0.06075106933712959, -0.20900575816631317, 0.32831594347953796, -3.131787061691284, 0.186753511428833, -0.46540507674217224] [0.23167596757411957, -0.44029998779296875, 1.552366018295288, 0.09821796417236328, 1.7011641263961792, 0.11159999668598175, -1.2471001148223877, -1.205765962600708]
[0.06571727991104126, -0.19264356791973114, 0.3486706018447876, 3.029534339904785, 0.04093283414840698, -0.3693287670612335] [0.21480196714401245, -0.39734798669815063, 1.3007900714874268, 0.26695796847343445, 1.7026981115341187, 0.11159999668598175, -1.2286920547485352, -1.190425992012024]
[0.0668998435139656, -0.16723252832889557, 0.37013474106788635, 2.7286577224731445, -0.14376585185527802, -0.18692651391029358] [0.20866596698760986, -0.38507598638534546, 1.0123980045318604, 0.4970579743385315, 1.7026981115341187, 0.11159999668598175, -1.2194880247116089, -1.1750860214233398]
[0.06286872178316116, -0.13656342029571533, 0.3833352327346802, 2.4797751903533936, -0.2553788721561432, 0.050267547369003296] [0.19792796671390533, -0.3605319857597351, 0.8160460591316223, 0.6443219780921936, 1.7026981115341187, 0.11159999668598175, -1.2041480541229248, -1.1566779613494873]
[0.0577373169362545, -0.11768201738595963, 0.38621431589126587, 2.350205659866333, -0.2785033881664276, 0.19677072763442993] [0.1963939666748047, -0.3329199552536011, 0.7301420569419861, 0.7118179798126221, 1.7011641263961792, 0.11159999668598175, -1.181138038635254, -1.1305999755859375]
[0.05407150089740753, -0.10912978649139404, 0.3892805576324463, 2.3338117599487305, -0.2985394597053528, 0.25091296434402466] [0.19485996663570404, -0.3007059693336487, 0.722472071647644, 0.7240899801254272, 1.7011641263961792, 0.11159999668598175, -1.1535260677337646, -1.0999200344085693]
[0.046185120940208435, -0.09896253049373627, 0.39566609263420105, 2.3044939041137695, -0.33579206466674805, 0.31935015320777893] [0.19485996663570404, -0.27309396862983704, 0.7009960412979126, 0.7563039660453796, 1.7011641263961792, 0.11159999668598175, -1.1213120222091675, -1.0677059888839722]
[0.0396469421684742, -0.09281884133815765, 0.39950358867645264, 2.2693369388580322, -0.35857364535331726, 0.3696648180484772] [0.19485996663570404, -0.251617968082428, 0.6749180555343628, 0.7854499816894531, 1.7011641263961792, 0.11159999668598175, -1.0921660661697388, -1.0339579582214355]
[0.03029954433441162, -0.084939144551754, 0.40467357635498047, 2.225764274597168, -0.3894060552120209, 0.4350610673427582] [0.1933259665966034, -0.23014196753501892, 0.6396360397338867, 0.8161299824714661, 1.7011641263961792, 0.11159999668598175, -1.0599520206451416, -1.0032780170440674]
[0.01992008276283741, -0.07666090130805969, 0.40958547592163086, 2.165114402770996, -0.41725850105285645, 0.5100632905960083] [0.1871899664402008, -0.20866596698760986, 0.6135580539703369, 0.8498779535293579, 1.7011641263961792, 0.11159999668598175, -1.0338740348815918, -0.9771999716758728]
[0.009043516591191292, -0.06830473989248276, 0.415221631526947, 2.102739095687866, -0.4471135139465332, 0.5909045338630676] [0.17645196616649628, -0.1871899664402008, 0.5813440680503845, 0.8805580139160156, 1.7011641263961792, 0.11159999668598175, -1.007796049118042, -0.9557240009307861]
[0.000840917753521353, -0.061030905693769455, 0.4173528254032135, 2.043656349182129, -0.45310500264167786, 0.6576120257377625] [0.17184996604919434, -0.1580439656972885, 0.5337900519371033, 0.9097039699554443, 1.7011641263961792, 0.11159999668598175, -0.9786500930786133, -0.9265779852867126]
[-0.00928809680044651, -0.051348306238651276, 0.4172399044036865, 1.9684265851974487, -0.4411976635456085, 0.7400920391082764] [0.1703159660100937, -0.1411699652671814, 0.40953606367111206, 0.9802680015563965, 1.7011641263961792, 0.11159999668598175, -0.9541060924530029, -0.9020339846611023]
[-0.022338835522532463, -0.03759581968188286, 0.4051917791366577, 1.7926844358444214, -0.3275201916694641, 0.8813269138336182] [0.17184996604919434, -0.1411699652671814, 0.2638060450553894, 1.058501958847046, 1.7011641263961792, 0.11159999668598175, -0.9326300621032715, -0.8805580139160156]
[-0.032167401164770126, -0.030477916821837425, 0.39796292781829834, 1.7089028358459473, -0.26069772243499756, 0.9576758742332458] [0.17184996604919434, -0.13043196499347687, 0.21625204384326935, 1.0799779891967773, 1.7011641263961792, 0.11159999668598175, -0.9142220616340637, -0.8621499538421631]
[-0.03665245324373245, -0.029407041147351265, 0.39818960428237915, 1.6915643215179443, -0.2595968544483185, 0.9672656059265137] [0.18105396628379822, -0.12736396491527557, 0.20398004353046417, 1.0830459594726562, 1.7011641263961792, 0.11159999668598175, -0.895814061164856, -0.846809983253479]
[-0.04055760055780411, -0.02853504568338394, 0.3973616063594818, 1.6751567125320435, -0.2531665563583374, 0.9740065336227417] [0.1871899664402008, -0.12429595738649368, 0.18403804302215576, 1.0830459594726562, 1.7026981115341187, 0.11159999668598175, -0.8820080757141113, -0.8330039978027344]
[-0.043667055666446686, -0.027851181104779243, 0.3955276310443878, 1.658884048461914, -0.23906321823596954, 0.9766739010810852] [0.19179196655750275, -0.12429595738649368, 0.1686980426311493, 1.0830459594726562, 1.704232096672058, 0.11159999668598175, -0.8712700605392456, -0.8253339529037476]
[-0.045724302530288696, -0.027423448860645294, 0.39396217465400696, 1.6430751085281372, -0.22481496632099152, 0.9772591590881348] [0.19485996663570404, -0.12429595738649368, 0.14415404200553894, 1.0830459594726562, 1.707300066947937, 0.11159999668598175, -0.8666680455207825, -0.8191980123519897]
[-0.04778189957141876, -0.02640008181333542, 0.39145830273628235, 1.6250606775283813, -0.20410233736038208, 0.9858574867248535] [0.19792796671390533, -0.12276195734739304, 0.12114404141902924, 1.093783974647522, 1.707300066947937, 0.11159999668598175, -0.8605320453643799, -0.8161299824714661]
[-0.04940951243042946, -0.02551468461751938, 0.39025142788887024, 1.624353051185608, -0.19675540924072266, 0.9945202469825745] [0.20713196694850922, -0.12122795730829239, 0.1165420413017273, 1.1121920347213745, 1.710368037223816, 0.11159999668598175, -0.8559300899505615, -0.8115279674530029]
[-0.052265431731939316, -0.024178914725780487, 0.3874681890010834, 1.6244969367980957, -0.18139232695102692, 1.0173717737197876] [0.2194039672613144, -0.12122795730829239, 0.09506604075431824, 1.1367360353469849, 1.7165040969848633, 0.11159999668598175, -0.8528620600700378, -0.8099939823150635]
[-0.05445631593465805, -0.022828483954072, 0.384128212928772, 1.615641713142395, -0.15536171197891235, 1.0350868701934814] [0.22093796730041504, -0.12122795730829239, 0.07359004020690918, 1.1444059610366821, 1.7180380821228027, 0.11159999668598175, -0.8513280749320984, -0.8115279674530029]
[-0.05452803149819374, -0.022594373673200607, 0.38207748532295227, 1.6096930503845215, -0.1387280523777008, 1.0349726676940918] [0.22247196733951569, -0.12276195734739304, 0.05364803969860077, 1.1444059610366821, 1.7180380821228027, 0.11159999668598175, -0.8513280749320984, -0.8099939823150635]
[-0.05394553765654564, -0.02262921631336212, 0.3786225914955139, 1.6046838760375977, -0.113916777074337, 1.0303815603256226] [0.23014196753501892, -0.12122795730829239, 0.03677403926849365, 1.1444059610366821, 1.7241740226745605, 0.11159999668598175, -0.8528620600700378, -0.8115279674530029]
[-0.05396366864442825, -0.022404316812753677, 0.37773123383522034, 1.6113530397415161, -0.10821153223514557, 1.031193733215332] [0.23167596757411957, -0.12276195734739304, 0.03677403926849365, 1.1444059610366821, 1.7257081270217896, 0.11159999668598175, -0.8513280749320984, -0.8115279674530029]
[-0.05386698246002197, -0.02261776104569435, 0.3776933550834656, 1.613263487815857, -0.10883230715990067, 1.0295952558517456] [0.23167596757411957, -0.12276195734739304, 0.03677403926849365, 1.1444059610366821, 1.7257081270217896, 0.11159999668598175, -0.8528620600700378, -0.8130619525909424]
[-0.05365508049726486, -0.02285357005894184, 0.377755343914032, 1.6134778261184692, -0.10811729729175568, 1.0279756784439087] [0.23167596757411957, -0.12429595738649368, 0.03677403926849365, 1.1444059610366821, 1.7257081270217896, 0.11159999668598175, -0.8543960452079773, -0.8161299824714661]
[-0.052841488271951675, -0.023027729243040085, 0.3777927756309509, 1.615092158317566, -0.1086105927824974, 1.0248562097549438] [0.23167596757411957, -0.12582996487617493, 0.03677403926849365, 1.1398040056228638, 1.7241740226745605, 0.11159999668598175, -0.857464075088501, -0.8207319974899292]
[-0.051638271659612656, -0.02355116419494152, 0.37761202454566956, 1.6184064149856567, -0.10731113702058792, 1.0184414386749268] [0.23167596757411957, -0.12736396491527557, 0.03677403926849365, 1.1352019309997559, 1.7241740226745605, 0.11159999668598175, -0.8605320453643799, -0.8237999677658081]
[-0.05042841285467148, -0.02348794788122177, 0.37766027450561523, 1.6204333305358887, -0.10570664703845978, 1.0136244297027588] [0.22860796749591827, -0.12736396491527557, 0.03677403926849365, 1.1275320053100586, 1.7241740226745605, 0.11159999668598175, -0.865134060382843, -0.8299359679222107]
[-0.048323944211006165, -0.024245262145996094, 0.3777064383029938, 1.623875617980957, -0.10548199713230133, 0.9996117353439331] [0.22860796749591827, -0.12889796495437622, 0.035240039229393005, 1.1213959455490112, 1.722640037536621, 0.11159999668598175, -0.8712700605392456, -0.8360719680786133]
[-0.04725462198257446, -0.024350306019186974, 0.37753742933273315, 1.6218113899230957, -0.10281599313020706, 0.9977616667747498] [0.22093796730041504, -0.13043196499347687, 0.03217203915119171, 1.1198619604110718, 1.7165040969848633, 0.11159999668598175, -0.8804740905761719, -0.8452759981155396]
[-0.045501865446567535, -0.024679621681571007, 0.37755221128463745, 1.6154364347457886, -0.09916802495718002, 0.9927780032157898] [0.21786996722221375, -0.13196596503257751, 0.030638039112091064, 1.1183279752731323, 1.7149701118469238, 0.11159999668598175, -0.8896780610084534, -0.854479968547821]
[-0.043571364134550095, -0.024920741096138954, 0.377176970243454, 1.6193933486938477, -0.09589308500289917, 0.9907488226890564] [0.21480196714401245, -0.13196596503257751, 0.030638039112091064, 1.1167939901351929, 1.7149701118469238, 0.11159999668598175, -0.9019500613212585, -0.8667519688606262]
[-0.04107777774333954, -0.02515813149511814, 0.3768071234226227, 1.625876784324646, -0.09322616457939148, 0.987174928188324] [0.21173396706581116, -0.13349996507167816, 0.030638039112091064, 1.113726019859314, 1.7149701118469238, 0.11159999668598175, -0.9157560467720032, -0.8820919990539551]
[-0.03840801492333412, -0.02509376034140587, 0.3763371706008911, 1.6343308687210083, -0.08828894048929214, 0.9850065112113953] [0.20559796690940857, -0.13349996507167816, 0.03217203915119171, 1.113726019859314, 1.7149701118469238, 0.11159999668598175, -0.9326300621032715, -0.8974319696426392]
[-0.03513709083199501, -0.025118691846728325, 0.37601473927497864, 1.6386175155639648, -0.08297738432884216, 0.9812799692153931] [0.19485996663570404, -0.1350339651107788, 0.03217203915119171, 1.1121920347213745, 1.7134361267089844, 0.11159999668598175, -0.9510380625724792, -0.9158399701118469]
[-0.03029828518629074, -0.026119114831089973, 0.37552231550216675, 1.6421623229980469, -0.07442401349544525, 0.9674980640411377] [0.18258796632289886, -0.14270396530628204, 0.03217203915119171, 1.0646380186080933, 1.6244640350341797, 0.11159999668598175, -1.2026140689849854, -1.1658819913864136]
[0.02114868350327015, -0.0300885159522295, 0.3774906098842621, 1.5799169540405273, -0.062252771109342575, 0.9094272255897522] [-0.039842039346694946, -0.14883996546268463, 0.03217203915119171, 1.0600359439849854, 1.6183280944824219, 0.11159999668598175, -1.2256240844726562, -1.1888920068740845]
[0.026253260672092438, -0.030742457136511803, 0.37735939025878906, 1.572553277015686, -0.0619843527674675, 0.9019109010696411] [-0.06285203993320465, -0.14883996546268463, 0.03217203915119171, 1.0477639436721802, 1.6121920347213745, 0.11159999668598175, -1.2455661296844482, -1.2072999477386475]
[0.032500267028808594, -0.03229282796382904, 0.3764288127422333, 1.5776859521865845, -0.060228001326322556, 0.8786569237709045] [-0.07665804028511047, -0.14883996546268463, 0.03217203915119171, 1.0232199430465698, 1.6137261390686035, 0.11159999668598175, -1.2593721151351929, -1.2241740226745605]
[0.037263717502355576, -0.03357471898198128, 0.3760260045528412, 1.5810253620147705, -0.06026485934853554, 0.8632349967956543] [-0.09353204071521759, -0.14883996546268463, 0.03217203915119171, 1.0094139575958252, 1.610658049583435, 0.11159999668598175, -1.2793140411376953, -1.244115948677063]
[0.041261982172727585, -0.03381218761205673, 0.3766632378101349, 1.574835181236267, -0.06337036192417145, 0.8575134873390198] [-0.12267804145812988, -0.14730596542358398, 0.03217203915119171, 1.0048120021820068, 1.6075900793075562, 0.11159999668598175, -1.3084601163864136, -1.2686599493026733]
[0.045874305069446564, -0.03421332687139511, 0.3775615394115448, 1.5664693117141724, -0.0680159404873848, 0.8505496978759766] [-0.15029004216194153, -0.14730596542358398, 0.03217203915119171, 0.9879379868507385, 1.6014540195465088, 0.11159999668598175, -1.331470012664795, -1.2916699647903442]
[0.052298519760370255, -0.03538612648844719, 0.377206027507782, 1.5606096982955933, -0.06866433471441269, 0.8290441632270813] [-0.16409604251384735, -0.13656796514987946, 0.03217203915119171, 0.9526559710502625, 1.5983860492706299, 0.11159999668598175, -1.3391400575637817, -1.2962720394134521]
[0.05732265114784241, -0.03484383225440979, 0.3743630051612854, 1.5722882747650146, -0.05927542969584465, 0.816034197807312] [-0.165630042552948, -0.12736396491527557, 0.03217203915119171, 0.9265779852867126, 1.592250108718872, 0.11159999668598175, -1.3406740427017212, -1.2978060245513916]
[0.06113845109939575, -0.036828018724918365, 0.3734011948108673, 1.5727003812789917, -0.056828323751688004, 0.7875121831893921] [-0.165630042552948, -0.12122795730829239, 0.030638039112091064, 0.8974319696426392, 1.592250108718872, 0.11159999668598175, -1.3406740427017212, -1.2978060245513916]
[0.06213576719164848, -0.0357719361782074, 0.37410324811935425, 1.5728275775909424, -0.05923664569854736, 0.7748997807502747] [-0.165630042552948, -0.09975196421146393, 0.03217203915119171, 0.8652179837226868, 1.5876480340957642, 0.11159999668598175, -1.3422080278396606, -1.299340009689331]
[0.0639621764421463, -0.03441969305276871, 0.3743613362312317, 1.5707507133483887, -0.0600006990134716, 0.759118378162384] [-0.165630042552948, -0.08134396374225616, 0.03217203915119171, 0.8268679976463318, 1.5876480340957642, 0.11159999668598175, -1.3422080278396606, -1.299340009689331]
[0.0660959929227829, -0.03377459943294525, 0.37472259998321533, 1.5713214874267578, -0.061228156089782715, 0.7396776676177979] [-0.165630042552948, -0.0629359632730484, 0.03217203915119171, 0.7931199669837952, 1.5876480340957642, 0.11159999668598175, -1.3422080278396606, -1.299340009689331]
[0.06730759888887405, -0.03340999409556389, 0.37468796968460083, 1.5724111795425415, -0.060796648263931274, 0.729062020778656] [-0.165630042552948, -0.05219796299934387, 0.03217203915119171, 0.7762459516525269, 1.5876480340957642, 0.11159999668598175, -1.3422080278396606, -1.299340009689331]
[0.06761375814676285, -0.033684927970170975, 0.3749288022518158, 1.573698878288269, -0.0625925362110138, 0.7245500087738037] [-0.165630042552948, -0.05219796299934387, 0.03370603919029236, 0.7793139815330505, 1.5876480340957642, 0.11159999668598175, -1.3422080278396606, -1.299340009689331]
[0.0668637752532959, -0.032826997339725494, 0.37520211935043335, 1.5719642639160156, -0.06287148594856262, 0.732379674911499] [-0.16716404259204865, -0.05373196303844452, 0.03217203915119171, 0.7854499816894531, 1.592250108718872, 0.11159999668598175, -1.3422080278396606, -1.2978060245513916]
[0.06654004752635956, -0.03276780992746353, 0.3754802346229553, 1.5721665620803833, -0.06323973089456558, 0.7340097427368164] [-0.17023204267024994, -0.055265963077545166, 0.030638039112091064, 0.788517951965332, 1.5968520641326904, 0.11159999668598175, -1.3422080278396606, -1.2978060245513916]
[0.06531788408756256, -0.032356973737478256, 0.3763027489185333, 1.5761111974716187, -0.0664258673787117, 0.7434170246124268] [-0.17176604270935059, -0.05833396315574646, 0.02757003903388977, 0.8007899522781372, 1.5999200344085693, 0.11159999668598175, -1.3376060724258423, -1.2932039499282837]
[0.06448602676391602, -0.03248298540711403, 0.3760719895362854, 1.5724369287490845, -0.06280989944934845, 0.7448615431785583] [-0.17023204267024994, -0.05833396315574646, 0.021434038877487183, 0.8053919672966003, 1.6045221090316772, 0.11159999668598175, -1.325334072113037, -1.2809319496154785]
[0.06346329301595688, -0.0352567620575428, 0.3757144510746002, 1.5623664855957031, -0.05537781864404678, 0.7338452935218811] [-0.16716404259204865, -0.07827596366405487, 0.001492038369178772, 0.808459997177124, 1.6091240644454956, 0.11159999668598175, -1.313062071800232, -1.2671259641647339]
[0.061284199357032776, -0.03633959963917732, 0.3753467798233032, 1.5492870807647705, -0.04750087484717369, 0.7301532626152039] [-0.1594940423965454, -0.08287796378135681, -0.01844996213912964, 0.8130619525909424, 1.610658049583435, 0.11159999668598175, -1.294654130935669, -1.2533199787139893]
[0.058120399713516235, -0.036269061267375946, 0.37507912516593933, 1.529089331626892, -0.03902862221002579, 0.733724057674408] [-0.15489204227924347, -0.08287796378135681, -0.035323962569236755, 0.8161299824714661, 1.610658049583435, 0.11159999668598175, -1.2808480262756348, -1.2395139932632446]
[0.05617981776595116, -0.03643956780433655, 0.3757011890411377, 1.5213782787322998, -0.03927230462431908, 0.7334327101707458] [-0.14722204208374023, -0.08287796378135681, -0.04299396276473999, 0.8191980123519897, 1.6183280944824219, 0.11159999668598175, -1.2701101303100586, -1.2257080078125]
[0.053558602929115295, -0.03635186329483986, 0.3764006495475769, 1.5243237018585205, -0.0384812168776989, 0.7360716462135315] [-0.14108604192733765, -0.08287796378135681, -0.05219796299934387, 0.8191980123519897, 1.6290661096572876, 0.11159999668598175, -1.2624400854110718, -1.2180379629135132]
[0.05116827040910721, -0.036140281707048416, 0.3767986297607422, 1.5248245000839233, -0.03611518070101738, 0.7400534152984619] [-0.139552041888237, -0.08441196382045746, -0.05986796319484711, 0.8299359679222107, 1.6398041248321533, 0.11159999668598175, -1.2578380107879639, -1.2149699926376343]
[0.048736609518527985, -0.03544262424111366, 0.37730738520622253, 1.5222631692886353, -0.03429296240210533, 0.7517539858818054] [-0.139552041888237, -0.0859459638595581, -0.0660039633512497, 0.8483439683914185, 1.6444060802459717, 0.11159999668598175, -1.2532360553741455, -1.210368037223816]
[0.046807024627923965, -0.03529199957847595, 0.37752699851989746, 1.5210697650909424, -0.03129997104406357, 0.7602832317352295] [-0.139552041888237, -0.09054796397686005, -0.07674196362495422, 0.8606159687042236, 1.6551440954208374, 0.11159999668598175, -1.2501680850982666, -1.205765962600708]
[0.0446552112698555, -0.03507309779524803, 0.3775605857372284, 1.5203282833099365, -0.02726653218269348, 0.7717427611351013] [-0.139552041888237, -0.10128595679998398, -0.08134396374225616, 0.8805580139160156, 1.6628141403198242, 0.11159999668598175, -1.2424980401992798, -1.1980960369110107]
[0.04266533628106117, -0.03640775755047798, 0.37769436836242676, 1.520216703414917, -0.0233335942029953, 0.7753443121910095] [-0.139552041888237, -0.11662595719099045, -0.09361596405506134, 0.8989659547805786, 1.6735520362854004, 0.11159999668598175, -1.2332940101623535, -1.1888920068740845]
[0.04042346403002739, -0.03822345286607742, 0.3774993419647217, 1.518703818321228, -0.01710607297718525, 0.7769181728363037] [-0.1364840418100357, -0.1381019651889801, -0.10895595699548721, 0.9357819557189941, 1.6812220811843872, 0.11159999668598175, -1.2225561141967773, -1.1766200065612793]
[0.036814797669649124, -0.03999043628573418, 0.3771864175796509, 1.5158416032791138, -0.008640668354928493, 0.7871714234352112] [-0.1334160417318344, -0.1611119657754898, -0.12122795730829239, 0.9649279713630676, 1.691960096359253, 0.11159999668598175, -1.2072160243988037, -1.1643480062484741]
[0.03321674466133118, -0.041900355368852615, 0.37664490938186646, 1.5223054885864258, -0.0015452239895239472, 0.7950602173805237] [-0.12881404161453247, -0.18872396647930145, -0.12736396491527557, 1.001744031906128, 1.7026981115341187, 0.11159999668598175, -1.1964781284332275, -1.1551439762115479]
[0.029870977625250816, -0.04467318579554558, 0.3765442371368408, 1.5278661251068115, 0.004048721399158239, 0.7965915203094482] [-0.12267804145812988, -0.21786996722221375, -0.13656796514987946, 1.035491943359375, 1.7134361267089844, 0.11159999668598175, -1.1857401132583618, -1.1428719758987427]
[0.026064088568091393, -0.04664298892021179, 0.37639859318733215, 1.5285764932632446, 0.010595726780593395, 0.8038108944892883] [-0.12114404141902924, -0.23781196773052216, -0.14730596542358398, 1.058501958847046, 1.7211060523986816, 0.11159999668598175, -1.1734681129455566, -1.1305999755859375]
[0.021915093064308167, -0.04810044914484024, 0.37595415115356445, 1.5261754989624023, 0.021606624126434326, 0.8127951622009277] [-0.11807604134082794, -0.25775396823883057, -0.16264596581459045, 1.0953179597854614, 1.7287760972976685, 0.11159999668598175, -1.1642640829086304, -1.1244640350341797]
[0.01901642605662346, -0.04963995888829231, 0.3759791851043701, 1.5246506929397583, 0.026218488812446594, 0.8169476389884949] [-0.11961004137992859, -0.2853659689426422, -0.17184996604919434, 1.129065990447998, 1.7379801273345947, 0.11159999668598175, -1.158128023147583, -1.1152600049972534]
[0.015188002958893776, -0.052551113069057465, 0.37594711780548096, 1.5295741558074951, 0.030810976400971413, 0.8227819204330444] [-0.11807604134082794, -0.31604596972465515, -0.17951996624469757, 1.1658819913864136, 1.7471840381622314, 0.11159999668598175, -1.1504580974578857, -1.109123945236206]
[0.011787346564233303, -0.05489074066281319, 0.37571412324905396, 1.532015085220337, 0.035788845270872116, 0.8286200165748596] [-0.11961004137992859, -0.34519195556640625, -0.18565596640110016, 1.1980960369110107, 1.7548540830612183, 0.11159999668598175, -1.1458560228347778, -1.1029880046844482]
[0.00903811864554882, -0.05765533819794655, 0.37584736943244934, 1.5409513711929321, 0.037545036524534225, 0.8275611996650696] [-0.11961004137992859, -0.37433797121047974, -0.19179196655750275, 1.2318439483642578, 1.7609901428222656, 0.11159999668598175, -1.1381860971450806, -1.0953179597854614]
[0.005946365185081959, -0.06090506538748741, 0.37556537985801697, 1.5436264276504517, 0.04179052636027336, 0.8259065747261047] [-0.11961004137992859, -0.40655195713043213, -0.19946196675300598, 1.260990023612976, 1.7671260833740234, 0.11159999668598175, -1.1289820671081543, -1.0861139297485352]
[0.0024509327486157417, -0.06318754702806473, 0.37520289421081543, 1.5444601774215698, 0.04754906892776489, 0.8283494710922241] [-0.11961004137992859, -0.4326299726963043, -0.20866596698760986, 1.2932039499282837, 1.7701940536499023, 0.11159999668598175, -1.1182440519332886, -1.075376033782959]
[-0.0010336327832192183, -0.06526744365692139, 0.37485960125923157, 1.545821189880371, 0.05380218103528023, 0.8303754925727844] [-0.11961004137992859, -0.4571739733219147, -0.2194039672613144, 1.3238840103149414, 1.7793980836868286, 0.11159999668598175, -1.1075060367584229, -1.0661720037460327]
[-0.00482278922572732, -0.06725247949361801, 0.37468966841697693, 1.5471692085266113, 0.057158708572387695, 0.8345590829849243] [-0.11961004137992859, -0.48325198888778687, -0.22707396745681763, 1.3514959812164307, 1.785534143447876, 0.11159999668598175, -1.101370096206665, -1.0615699291229248]
[-0.008478106930851936, -0.06916376203298569, 0.37453874945640564, 1.5581637620925903, 0.06057696044445038, 0.8391501307487488] [-0.11961004137992859, -0.5077959895133972, -0.23167596757411957, 1.3852440118789673, 1.7916700839996338, 0.11159999668598175, -1.0937000513076782, -1.0539000034332275]
[-0.011527052149176598, -0.07052557915449142, 0.37418487668037415, 1.5599510669708252, 0.0645260438323021, 0.8437429070472717] [-0.11961004137992859, -0.533873975276947, -0.2424139678478241, 1.414389967918396, 1.803942084312439, 0.11159999668598175, -1.084496021270752, -1.0416280031204224]
[-0.015650415793061256, -0.07384561002254486, 0.37368351221084595, 1.5722932815551758, 0.07086186856031418, 0.8376392126083374] [-0.12114404141902924, -0.5584179759025574, -0.2546859681606293, 1.434332013130188, 1.8146800994873047, 0.11159999668598175, -1.0706900358200073, -1.0278220176696777]
[-0.018817374482750893, -0.07482999563217163, 0.3733676075935364, 1.5734697580337524, 0.07688955217599869, 0.8388969898223877] [-0.11961004137992859, -0.5660879611968994, -0.26695796847343445, 1.452739953994751, 1.8208160400390625, 0.11159999668598175, -1.0568840503692627, -1.017084002494812]
[-0.022656137123703957, -0.07389122992753983, 0.37313881516456604, 1.570575475692749, 0.08396000415086746, 0.8534293174743652] [-0.11961004137992859, -0.5660879611968994, -0.2776959538459778, 1.4665460586547852, 1.8300200700759888, 0.11159999668598175, -1.0476800203323364, -1.0078799724578857]
[-0.02488655038177967, -0.07398343086242676, 0.3731614351272583, 1.5597734451293945, 0.08834923803806305, 0.8524457812309265] [-0.12114404141902924, -0.5676219463348389, -0.2884339690208435, 1.4665460586547852, 1.842292070388794, 0.11159999668598175, -1.0354080200195312, -0.99714195728302]
[-0.027089709416031837, -0.0742269977927208, 0.37322014570236206, 1.5510538816452026, 0.09061943739652634, 0.8508076667785645] [-0.12114404141902924, -0.5660879611968994, -0.29917198419570923, 1.469614028930664, 1.8484281301498413, 0.11159999668598175, -1.024670124053955, -0.9833359718322754]
[-0.029548633843660355, -0.07445069402456284, 0.372965544462204, 1.5384942293167114, 0.09646293520927429, 0.8470452427864075] [-0.11961004137992859, -0.5676219463348389, -0.31604596972465515, 1.469614028930664, 1.8545640707015991, 0.11159999668598175, -1.0093300342559814, -0.9695299863815308]
[-0.03154459595680237, -0.07485798746347427, 0.3724968731403351, 1.5290594100952148, 0.10284792631864548, 0.8423001170158386] [-0.11961004137992859, -0.5676219463348389, -0.3267839550971985, 1.469614028930664, 1.8530300855636597, 0.11159999668598175, -0.9970580339431763, -0.958791971206665]
[-0.03361757472157478, -0.075110524892807, 0.3725773096084595, 1.5187009572982788, 0.1053229495882988, 0.8381884098052979] [-0.12114404141902924, -0.5676219463348389, -0.33905595541000366, 1.469614028930664, 1.8545640707015991, 0.11159999668598175, -0.9847860336303711, -0.9465199708938599]
[-0.03580730780959129, -0.07563604414463043, 0.37287020683288574, 1.5072505474090576, 0.10583815723657608, 0.8323748707771301] [-0.12114404141902924, -0.5660879611968994, -0.35132795572280884, 1.469614028930664, 1.8545640707015991, 0.11159999668598175, -0.9725140333175659, -0.9373160004615784]
[-0.037801627069711685, -0.07587451487779617, 0.37295302748680115, 1.4976348876953125, 0.10723259299993515, 0.8285204768180847] [-0.11961004137992859, -0.5660879611968994, -0.35899797081947327, 1.469614028930664, 1.8545640707015991, 0.11159999668598175, -0.9663780927658081, -0.9327139854431152]
[-0.039516057819128036, -0.07609124481678009, 0.37320274114608765, 1.4898762702941895, 0.10638359934091568, 0.8258562684059143] [-0.11961004137992859, -0.5660879611968994, -0.36206597089767456, 1.469614028930664, 1.8545640707015991, 0.11159999668598175, -0.9633100628852844, -0.9296460151672363]
[-0.040565621107816696, -0.07628291100263596, 0.37334877252578735, 1.4856020212173462, 0.1051400676369667, 0.8245033025741577] [-0.11961004137992859, -0.5676219463348389, -0.36820197105407715, 1.469614028930664, 1.8545640707015991, 0.11159999668598175, -0.9541060924530029, -0.9204419851303101]
[-0.04166410490870476, -0.07662796974182129, 0.372866690158844, 1.4790469408035278, 0.11049646884202957, 0.8203582763671875] [-0.11961004137992859, -0.5660879611968994, -0.37740597128868103, 1.469614028930664, 1.8545640707015991, 0.11159999668598175, -0.9403000473976135, -0.9081699848175049]
[-0.04315344616770744, -0.07699749618768692, 0.37239518761634827, 1.4727286100387573, 0.11406627297401428, 0.8166818618774414] [-0.12114404141902924, -0.5660879611968994, -0.3896779716014862, 1.469614028930664, 1.8560980558395386, 0.11159999668598175, -0.9249600768089294, -0.8912959694862366]
[-0.045591432601213455, -0.07728134840726852, 0.3720358908176422, 1.4597166776657104, 0.11915122717618942, 0.8114458918571472] [-0.11961004137992859, -0.5676219463348389, -0.4050179719924927, 1.469614028930664, 1.8560980558395386, 0.11159999668598175, -0.9126880764961243, -0.8820919990539551]
[-0.047844916582107544, -0.07773827016353607, 0.37238678336143494, 1.4498168230056763, 0.11710383743047714, 0.8062576651573181] [-0.11961004137992859, -0.5676219463348389, -0.40655195713043213, 1.4680800437927246, 1.8560980558395386, 0.11159999668598175, -0.9142220616340637, -0.8836259841918945]
[-0.04809650033712387, -0.07819616794586182, 0.37311792373657227, 1.4456431865692139, 0.11111936718225479, 0.7986965179443359] [-0.11961004137992859, -0.5676219463348389, -0.4050179719924927, 1.4604099988937378, 1.857632040977478, 0.11159999668598175, -0.9188240766525269, -0.8897619843482971]
[-0.04694753512740135, -0.07885728776454926, 0.37353071570396423, 1.4461249113082886, 0.10678443312644958, 0.7893985509872437] [-0.11807604134082794, -0.5676219463348389, -0.4050179719924927, 1.437399983406067, 1.857632040977478, 0.11159999668598175, -0.9264940619468689, -0.9004999995231628]
[-0.044938597828149796, -0.07955008745193481, 0.3736875057220459, 1.449705958366394, 0.10361923277378082, 0.7780883312225342] [-0.11807604134082794, -0.5676219463348389, -0.40041595697402954, 1.431264042854309, 1.857632040977478, 0.11159999668598175, -0.9433680772781372, -0.9173740148544312]
[-0.03943884000182152, -0.07926660776138306, 0.373200923204422, 1.4587552547454834, 0.11776795238256454, 0.7637901902198792] [-0.12114404141902924, -0.5676219463348389, -0.3988819718360901, 1.4220600128173828, 1.859166145324707, 0.11159999668598175, -0.961776077747345, -0.9357819557189941]
[-0.034367840737104416, -0.08002587407827377, 0.3727845251560211, 1.4664565324783325, 0.12426862120628357, 0.7461658120155334] [-0.12421204149723053, -0.5676219463348389, -0.39734798669815063, 1.399049997329712, 1.859166145324707, 0.1096000000834465, -0.9755820631980896, -0.9480539560317993]
[-0.030074939131736755, -0.08115176111459732, 0.3721449375152588, 1.4725936651229858, 0.12869010865688324, 0.7275111079216003] [-0.12267804145812988, -0.5676219463348389, -0.39734798669815063, 1.3714380264282227, 1.859166145324707, 0.10999999940395355, -0.9893880486488342, -0.9603259563446045]
[-0.024868590757250786, -0.08322621881961823, 0.3715878427028656, 1.478708028793335, 0.12981097400188446, 0.7009307742118835] [-0.12267804145812988, -0.5676219463348389, -0.39734798669815063, 1.3530299663543701, 1.859166145324707, 0.10999999940395355, -1.007796049118042, -0.978734016418457]
[-0.021731466054916382, -0.08355924487113953, 0.37107881903648376, 1.4843833446502686, 0.13353559374809265, 0.6966527104377747] [-0.12881404161453247, -0.5676219463348389, -0.3958139717578888, 1.3484280109405518, 1.859166145324707, 0.10999999940395355, -1.0216020345687866, -0.9956079721450806]
[-0.017632421106100082, -0.08425844460725784, 0.3702418804168701, 1.4907511472702026, 0.13970831036567688, 0.6874911189079285] [-0.13188204169273376, -0.5676219463348389, -0.3958139717578888, 1.337689995765686, 1.859166145324707, 0.1096000000834465, -1.0323400497436523, -1.0032780170440674]
[-0.014314720407128334, -0.08530647307634354, 0.3695119321346283, 1.496893286705017, 0.142577663064003, 0.6757951378822327] [-0.13188204169273376, -0.5676219463348389, -0.39427995681762695, 1.317747950553894, 1.8530300855636597, 0.10999999940395355, -1.0369420051574707, -1.0048120021820068]
[-0.011391382664442062, -0.08667989075183868, 0.36955100297927856, 1.4987742900848389, 0.14063085615634918, 0.65765380859375] [-0.13188204169273376, -0.5676219463348389, -0.3927459716796875, 1.3054759502410889, 1.8530300855636597, 0.10999999940395355, -1.0369420051574707, -1.0048120021820068]
[-0.010197821073234081, -0.08712827414274216, 0.3693851828575134, 1.4999984502792358, 0.14154335856437683, 0.6520174145698547] [-0.13188204169273376, -0.5676219463348389, -0.3927459716796875, 1.2916699647903442, 1.8438260555267334, 0.10999999940395355, -1.0384761095046997, -1.0063459873199463]
[-0.007278332021087408, -0.0892312303185463, 0.37010130286216736, 1.4992268085479736, 0.13438931107521057, 0.6261938214302063] [-0.13188204169273376, -0.5676219463348389, -0.3896779716014862, 1.2671259641647339, 1.8254181146621704, 0.1096000000834465, -1.0415440797805786, -1.0078799724578857]
[-0.005516706965863705, -0.09083434194326401, 0.3709183931350708, 1.4900025129318237, 0.12434068322181702, 0.6071245074272156] [-0.13188204169273376, -0.5676219463348389, -0.3835419714450836, 1.248718023300171, 1.8085440397262573, 0.1080000028014183, -1.0446120500564575, -1.012481927871704]
[-0.003323022974655032, -0.0921708270907402, 0.3717651069164276, 1.4820247888565063, 0.11440900713205338, 0.5908178687095642] [-0.13188204169273376, -0.5676219463348389, -0.37433797121047974, 1.2211060523986816, 1.7947380542755127, 0.1080000028014183, -1.0584180355072021, -1.0293560028076172]
[0.0004066861583851278, -0.094082772731781, 0.37323856353759766, 1.479372262954712, 0.09665627032518387, 0.5687804222106934] [-0.13188204169273376, -0.5676219463348389, -0.35132795572280884, 1.1980960369110107, 1.7870681285858154, 0.1080000028014183, -1.084496021270752, -1.0539000034332275]
[0.004830996971577406, -0.09497050940990448, 0.3737175762653351, 1.4869663715362549, 0.08463579416275024, 0.5590147376060486] [-0.13188204169273376, -0.5676219463348389, -0.3206479549407959, 1.170483946800232, 1.7701940536499023, 0.1080000028014183, -1.1090400218963623, -1.0815119743347168]
[0.01177988387644291, -0.09669139236211777, 0.3742890954017639, 1.4972004890441895, 0.06805632263422012, 0.5406341552734375] [-0.13188204169273376, -0.5676219463348389, -0.29610395431518555, 1.1505420207977295, 1.7640581130981445, 0.1080000028014183, -1.1289820671081543, -1.0999200344085693]
[0.01640309765934944, -0.09771839529275894, 0.37346068024635315, 1.5075995922088623, 0.06540311127901077, 0.5304123163223267] [-0.13188204169273376, -0.5676219463348389, -0.2776959538459778, 1.1336679458618164, 1.7548540830612183, 0.1080000028014183, -1.1458560228347778, -1.1167939901351929]
[0.021213259547948837, -0.09910751134157181, 0.3734213411808014, 1.5156834125518799, 0.055942803621292114, 0.5166024565696716] [-0.13188204169273376, -0.5676219463348389, -0.25775396823883057, 1.1121920347213745, 1.7441160678863525, 0.1080000028014183, -1.1611961126327515, -1.1305999755859375]
[0.025394277647137642, -0.10038033127784729, 0.3729507029056549, 1.5232595205307007, 0.05102510005235672, 0.5041680932044983] [-0.13188204169273376, -0.5676219463348389, -0.2424139678478241, 1.0983860492706299, 1.7364461421966553, 0.1080000028014183, -1.1719341278076172, -1.1413379907608032]
[0.029171301051974297, -0.10216998308897018, 0.37235763669013977, 1.5226489305496216, 0.04838794097304344, 0.4853178560733795] [-0.13188204169273376, -0.5676219463348389, -0.23320996761322021, 1.0723079442977905, 1.7287760972976685, 0.1080000028014183, -1.178070068359375, -1.1474740505218506]
[0.03231948986649513, -0.1040671169757843, 0.3713794946670532, 1.5219732522964478, 0.050242409110069275, 0.46649155020713806] [-0.13188204169273376, -0.5676219463348389, -0.23014196753501892, 1.058501958847046, 1.7195720672607422, 0.1080000028014183, -1.1857401132583618, -1.1536099910736084]
[0.03426123410463333, -0.10488776117563248, 0.3707999885082245, 1.5156992673873901, 0.04971739649772644, 0.4586591422557831] [-0.13188204169273376, -0.5660879611968994, -0.22247196733951569, 1.0508320331573486, 1.710368037223816, 0.1080000028014183, -1.193410038948059, -1.1643480062484741]
[0.036514099687337875, -0.10572188347578049, 0.37116536498069763, 1.517864465713501, 0.042257823050022125, 0.4487501382827759] [-0.13188204169273376, -0.5660879611968994, -0.20866596698760986, 1.0308899879455566, 1.7011641263961792, 0.1080000028014183, -1.2041480541229248, -1.1750860214233398]
[0.0398055724799633, -0.10780532658100128, 0.37143099308013916, 1.5210075378417969, 0.03231791779398918, 0.4278101921081543] [-0.13188204169273376, -0.5660879611968994, -0.1902579665184021, 1.0109479427337646, 1.6904261112213135, 0.1080000028014183, -1.21642005443573, -1.187358021736145]
[0.042530160397291183, -0.10877290368080139, 0.3713909983634949, 1.5261342525482178, 0.023940209299325943, 0.42020440101623535] [-0.13188204169273376, -0.5676219463348389, -0.17338396608829498, 1.0002100467681885, 1.6842900514602661, 0.1080000028014183, -1.2271580696105957, -1.1980960369110107]
[0.0455547571182251, -0.11003457009792328, 0.3710549473762512, 1.535469889640808, 0.021568236872553825, 0.4066869616508484] [-0.1334160417318344, -0.5660879611968994, -0.1611119657754898, 0.9818019866943359, 1.6842900514602661, 0.1080000028014183, -1.2348281145095825, -1.202697992324829]
[0.04760283976793289, -0.11148273199796677, 0.3707065284252167, 1.541097640991211, 0.020363857969641685, 0.39209145307540894] [-0.1334160417318344, -0.5660879611968994, -0.15650996565818787, 0.9633939862251282, 1.6827560663223267, 0.1080000028014183, -1.2378960847854614, -1.205765962600708]
[0.04999951645731926, -0.11334221810102463, 0.3699595034122467, 1.5454388856887817, 0.02204938232898712, 0.3741202652454376] [-0.1334160417318344, -0.5660879611968994, -0.15344196557998657, 0.951121985912323, 1.6842900514602661, 0.1080000028014183, -1.2409640550613403, -1.2119020223617554]
[0.05175783857703209, -0.11478356271982193, 0.3701154887676239, 1.5490641593933105, 0.018681319430470467, 0.3609597682952881] [-0.1364840418100357, -0.5660879611968994, -0.14883996546268463, 0.9388499855995178, 1.6842900514602661, 0.1080000028014183, -1.2593721151351929, -1.2333779335021973]
[0.05425717309117317, -0.11618129909038544, 0.37085631489753723, 1.5531243085861206, 0.011249096132814884, 0.3494887948036194] [-0.15335804224014282, -0.5660879611968994, -0.13963596522808075, 0.923509955406189, 1.6827560663223267, 0.1080000028014183, -1.2839161157608032, -1.2548539638519287]
[0.05801761895418167, -0.11665037274360657, 0.3717212378978729, 1.5568898916244507, 0.0034105575177818537, 0.34452247619628906] [-0.17330004274845123, -0.5660879611968994, -0.12889796495437622, 0.9219759702682495, 1.6842900514602661, 0.1080000028014183, -1.3053920269012451, -1.279397964477539]
[0.06215757876634598, -0.11698097735643387, 0.3724248707294464, 1.5638396739959717, -0.004407448228448629, 0.3410762548446655] [-0.19631004333496094, -0.5660879611968994, -0.12276195734739304, 0.9097039699554443, 1.6812220811843872, 0.1080000028014183, -1.3268680572509766, -1.3008739948272705]
[0.06671930849552155, -0.11828981339931488, 0.3723282814025879, 1.5612281560897827, -0.007206377573311329, 0.32635432481765747] [-0.20551404356956482, -0.561486005783081, -0.12276195734739304, 0.8820919990539551, 1.6704840660095215, 0.1080000028014183, -1.331470012664795, -1.30240797996521]
[0.07141149044036865, -0.12120723724365234, 0.36947762966156006, 1.551045536994934, 0.0031770106870681047, 0.2974548935890198] [-0.20551404356956482, -0.5599519610404968, -0.12276195734739304, 0.8606159687042236, 1.6643481254577637, 0.1080000028014183, -1.331470012664795, -1.30240797996521]
[0.07335858047008514, -0.12359292805194855, 0.36866146326065063, 1.5528321266174316, 0.005501464940607548, 0.2761388123035431] [-0.20551404356956482, -0.5599519610404968, -0.12276195734739304, 0.8360719680786133, 1.6628141403198242, 0.1080000028014183, -1.333004117012024, -1.3039419651031494]
[0.07486967742443085, -0.12622807919979095, 0.3684380352497101, 1.5519076585769653, 0.005151794292032719, 0.251781702041626] [-0.20551404356956482, -0.5599519610404968, -0.12276195734739304, 0.8130619525909424, 1.6582120656967163, 0.1080000028014183, -1.333004117012024, -1.3039419651031494]
[0.07520215958356857, -0.12815803289413452, 0.36936071515083313, 1.5466811656951904, -0.0008318080799654126, 0.23123694956302643] [-0.20551404356956482, -0.5568839907646179, -0.12276195734739304, 0.7839159965515137, 1.6582120656967163, 0.1080000028014183, -1.3345381021499634, -1.3054759502410889]
[0.0760929211974144, -0.12993167340755463, 0.37018951773643494, 1.5461536645889282, -0.006047895643860102, 0.20778681337833405] [-0.20398004353046417, -0.5522819757461548, -0.12276195734739304, 0.7517019510269165, 1.6582120656967163, 0.1080000028014183, -1.3345381021499634, -1.3070099353790283]
[0.0774657130241394, -0.13062091171741486, 0.3708183169364929, 1.5452018976211548, -0.010563114657998085, 0.1905270665884018] [-0.20398004353046417, -0.5369420051574707, -0.12276195734739304, 0.7256239652633667, 1.6582120656967163, 0.1080000028014183, -1.3360720872879028, -1.3070099353790283]
[0.07815571874380112, -0.13184575736522675, 0.3709637224674225, 1.5453946590423584, -0.012293611653149128, 0.17722059786319733] [-0.20398004353046417, -0.5369420051574707, -0.12276195734739304, 0.7133519649505615, 1.6582120656967163, 0.1080000028014183, -1.3360720872879028, -1.3070099353790283]
[0.07835597544908524, -0.1330108791589737, 0.37117600440979004, 1.545545220375061, -0.01413949579000473, 0.16671723127365112] [-0.20398004353046417, -0.5369420051574707, -0.12276195734739304, 0.7010799646377563, 1.6582120656967163, 0.1080000028014183, -1.3345381021499634, -1.3070099353790283]
[0.07893147319555283, -0.1346544623374939, 0.3716592788696289, 1.549453854560852, -0.018238050863146782, 0.15187153220176697] [-0.20398004353046417, -0.5384759902954102, -0.10588795691728592, 0.6842060089111328, 1.6582120656967163, 0.10760000348091125, -1.3345381021499634, -1.3054759502410889]
[0.07850030064582825, -0.13874831795692444, 0.3748749792575836, 1.5756640434265137, -0.04249478504061699, 0.12479591369628906] [-0.20551404356956482, -0.5660879611968994, -0.05679996311664581, 0.6627299785614014, 1.6582120656967163, 0.1080000028014183, -1.3345381021499634, -1.3054759502410889]
[0.07773327082395554, -0.15074008703231812, 0.3851407766342163, 1.6999306678771973, -0.125635027885437, 0.03578081727027893] [-0.19784404337406158, -0.572223961353302, 0.18403804302215576, 0.5415439605712891, 1.6597460508346558, 0.1080000028014183, -1.3345381021499634, -1.3070099353790283]
[0.07417305558919907, -0.17578138411045074, 0.40378454327583313, 2.0578773021698, -0.25812312960624695, -0.18208041787147522] [-0.19631004333496094, -0.5706899762153625, 0.5107800364494324, 0.36513397097587585, 1.6597460508346558, 0.1080000028014183, -1.3345381021499634, -1.3070099353790283]
[0.0699911043047905, -0.19337084889411926, 0.40701723098754883, 2.3374030590057373, -0.27060121297836304, -0.33068612217903137] [-0.18710604310035706, -0.572223961353302, 0.7746280431747437, 0.23320996761322021, 1.668950080871582, 0.1120000034570694, -1.3345381021499634, -1.3070099353790283]
[0.06536348164081573, -0.21346117556095123, 0.40005025267601013, 2.6458499431610107, -0.1885634809732437, -0.48967742919921875] [-0.1855720430612564, -0.5706899762153625, 1.0568840503692627, 0.055265963077545166, 1.672018051147461, 0.10719999670982361, -1.3345381021499634, -1.3085440397262573]
[0.062152326107025146, -0.2250240445137024, 0.3873651921749115, 2.921192169189453, -0.08109936863183975, -0.5628165602684021] [-0.14415404200553894, -0.5737580060958862, 1.29312002658844, 0.030721962451934814, 1.672018051147461, 0.10719999670982361, -1.3345381021499634, -1.3070099353790283]
[0.062494512647390366, -0.22735421359539032, 0.3661535680294037, 3.0200963020324707, 0.020960986614227295, -0.5665902495384216] [0.001575961709022522, -0.5737580060958862, 1.4327141046524048, 0.030721962451934814, 1.6735520362854004, 0.10719999670982361, -1.3345381021499634, -1.3085440397262573]
[0.059959955513477325, -0.22840215265750885, 0.33410167694091797, 3.0713765621185303, 0.1745213121175766, -0.5755475759506226] [0.18565596640110016, -0.5660879611968994, 1.595318078994751, 0.030721962451934814, 1.672018051147461, 0.10719999670982361, -1.3345381021499634, -1.3070099353790283]
[0.05425472930073738, -0.2298406958580017, 0.3124910593032837, 3.117830991744995, 0.27929168939590454, -0.594455361366272] [0.2684919834136963, -0.5706899762153625, 1.6551440954208374, 0.030721962451934814, 1.6812220811843872, 0.10719999670982361, -1.3345381021499634, -1.3054759502410889]
[0.053065989166498184, -0.23068536818027496, 0.31131771206855774, 3.118988037109375, 0.2852840721607208, -0.6005082130432129] [0.2792299687862396, -0.5706899762153625, 1.6428720951080322, 0.030721962451934814, 1.6812220811843872, 0.10719999670982361, -1.3345381021499634, -1.3070099353790283]
[0.05310877040028572, -0.23017053306102753, 0.3098720908164978, 3.096184730529785, 0.292362242937088, -0.5999642610549927] [0.2853659689426422, -0.5691559910774231, 1.6398041248321533, 0.029187962412834167, 1.672018051147461, 0.10719999670982361, -1.3376060724258423, -1.3100780248641968]
[0.05328286439180374, -0.23015782237052917, 0.3096081018447876, 3.092529535293579, 0.2933991551399231, -0.6000878810882568] [0.2853659689426422, -0.5691559910774231, 1.6398041248321533, 0.030721962451934814, 1.672018051147461, 0.10719999670982361, -1.3360720872879028, -1.3085440397262573]
[0.05332279950380325, -0.2301725298166275, 0.3095219135284424, 3.092373847961426, 0.2937241494655609, -0.6001343727111816] [0.2853659689426422, -0.5676219463348389, 1.6413381099700928, 0.030721962451934814, 1.672018051147461, 0.10719999670982361, -1.3376060724258423, -1.3085440397262573]
[0.05317622795701027, -0.230243518948555, 0.30937960743904114, 3.1033053398132324, 0.29476088285446167, -0.6008787155151367] [0.2853659689426422, -0.5660879611968994, 1.64900803565979, 0.030721962451934814, 1.672018051147461, 0.10719999670982361, -1.3376060724258423, -1.3085440397262573]
[0.05399107187986374, -0.22913360595703125, 0.3090006709098816, 3.102057933807373, 0.2964344620704651, -0.594637393951416] [0.28689998388290405, -0.5630199909210205, 1.64900803565979, 0.030721962451934814, 1.672018051147461, 0.10719999670982361, -1.3376060724258423, -1.3085440397262573]
[0.05402892082929611, -0.22916734218597412, 0.30926981568336487, 3.104599952697754, 0.2950623333454132, -0.5943924784660339] [0.2853659689426422, -0.5630199909210205, 1.64900803565979, 0.030721962451934814, 1.672018051147461, 0.10719999670982361, -1.3376060724258423, -1.3085440397262573]
[0.05403070151805878, -0.22915072739124298, 0.3092278242111206, 3.1031203269958496, 0.295153945684433, -0.594351589679718] [0.2853659689426422, -0.5630199909210205, 1.6505420207977295, 0.030721962451934814, 1.672018051147461, 0.10719999670982361, -1.3376060724258423, -1.3085440397262573]
[0.05405965819954872, -0.22914323210716248, 0.3092329502105713, 3.1029844284057617, 0.29523640871047974, -0.5943776369094849] [0.2853659689426422, -0.5630199909210205, 1.6505420207977295, 0.030721962451934814, 1.672018051147461, 0.10719999670982361, -1.3376060724258423, -1.3085440397262573]
[0.05407540127635002, -0.22909153997898102, 0.309293657541275, 3.1028130054473877, 0.2951038181781769, -0.5944206714630127] [0.2853659689426422, -0.5630199909210205, 1.64900803565979, 0.030721962451934814, 1.672018051147461, 0.10719999670982361, -1.3376060724258423, -1.3085440397262573]
[0.05403635650873184, -0.22920674085617065, 0.3091706335544586, 3.104783058166504, 0.2953200340270996, -0.5943302512168884] [0.2853659689426422, -0.5630199909210205, 1.6505420207977295, 0.030721962451934814, 1.6735520362854004, 0.10719999670982361, -1.3376060724258423, -1.3085440397262573]
[0.05409406125545502, -0.22914648056030273, 0.3092076778411865, 3.1030490398406982, 0.2953556180000305, -0.5944006443023682] [0.2853659689426422, -0.5630199909210205, 1.64900803565979, 0.030721962451934814, 1.6735520362854004, 0.10719999670982361, -1.3376060724258423, -1.3085440397262573]
[0.05403359234333038, -0.22925221920013428, 0.3090636730194092, 3.1035470962524414, 0.295540988445282, -0.59429532289505] [0.2853659689426422, -0.5630199909210205, 1.64900803565979, 0.030721962451934814, 1.672018051147461, 0.10719999670982361, -1.3376060724258423, -1.3085440397262573]
