[0.2017427235841751, -0.07207659631967545, 0.05028856545686722, 1.700347661972046, 0.23376737534999847, 0.3314630091190338] [0.2424139678478241, -0.06446996331214905, -0.010779961943626404, 0.38507598638534546, 1.630600094795227, 0.9975999593734741]
[0.20175780355930328, -0.07207601517438889, 0.05035115033388138, 1.7002249956130981, 0.23319034278392792, 0.33142203092575073] [0.2424139678478241, -0.06446996331214905, -0.009245961904525757, 0.3866099715232849, 1.630600094795227, 0.06280000507831573]
[0.20175780355930328, -0.07207601517438889, 0.05035115033388138, 1.7002249956130981, 0.23319034278392792, 0.33142203092575073] [0.2424139678478241, -0.0629359632730484, -0.009245961904525757, 0.3866099715232849, 1.630600094795227, 0.06280000507831573]
[0.20175780355930328, -0.07207601517438889, 0.05035115033388138, 1.7002249956130981, 0.23319034278392792, 0.33142203092575073] [0.2424139678478241, -0.0629359632730484, -0.009245961904525757, 0.3866099715232849, 1.630600094795227, 0.06280000507831573]
[0.20176269114017487, -0.07207692414522171, 0.05036936700344086, 1.7017589807510376, 0.23319034278392792, 0.33142203092575073] [0.2424139678478241, -0.06446996331214905, -0.009245961904525757, 0.3866099715232849, 1.630600094795227, 0.06280000507831573]
[0.20175780355930328, -0.07207601517438889, 0.05035115033388138, 1.7002249956130981, 0.23319034278392792, 0.33142203092575073] [0.2424139678478241, -0.06446996331214905, -0.009245961904525757, 0.3866099715232849, 1.6321340799331665, 0.06280000507831573]
[0.2016863226890564, -0.07207692414522171, 0.05005992576479912, 1.7022721767425537, 0.23464083671569824, 0.3315410017967224] [0.24394796788692474, -0.06446996331214905, -0.009245961904525757, 0.38507598638534546, 1.6321340799331665, 0.06280000507831573]
[0.201665461063385, -0.0727141872048378, 0.04965076968073845, 1.7006491422653198, 0.23690994083881378, 0.3285561203956604] [0.2454819679260254, -0.06907196342945099, -0.010779961943626404, 0.3866099715232849, 1.6321340799331665, 0.06280000507831573]
[0.20231202244758606, -0.07862389087677002, 0.04940493404865265, 1.6922966241836548, 0.23965482413768768, 0.29868432879447937] [0.2454819679260254, -0.09975196421146393, -0.01231396198272705, 0.38507598638534546, 1.6321340799331665, 0.06280000507831573]
[0.20241934061050415, -0.08086341619491577, 0.049028512090444565, 1.6886389255523682, 0.2418798953294754, 0.2877638339996338] [0.2454819679260254, -0.10742195695638657, -0.013847962021827698, 0.38507598638534546, 1.6321340799331665, 0.06280000507831573]
[0.20312252640724182, -0.0832938477396965, 0.04913625121116638, 1.683807611465454, 0.24203556776046753, 0.26876357197761536] [0.24701596796512604, -0.11048995703458786, -0.013847962021827698, 0.363599956035614, 1.6321340799331665, 0.06280000507831573]
[0.2039138376712799, -0.086553193628788, 0.048945363610982895, 1.6762359142303467, 0.24330869317054749, 0.24351321160793304] [0.24701596796512604, -0.1181599572300911, -0.013847962021827698, 0.3436579704284668, 1.630600094795227, 0.06280000507831573]
[0.2059733271598816, -0.10807660967111588, 0.048477284610271454, 1.6430994272232056, 0.2485121339559555, 0.10601343214511871] [0.2454819679260254, -0.19792796671390533, -0.015381962060928345, 0.23474396765232086, 1.6321340799331665, 0.06280000507831573]
[0.2065206617116928, -0.12200138717889786, 0.04844149202108383, 1.6194483041763306, 0.24893419444561005, 0.00946991890668869] [0.2454819679260254, -0.2194039672613144, -0.015381962060928345, 0.21173396706581116, 1.6321340799331665, 0.06280000507831573]
[0.2068808227777481, -0.12634292244911194, 0.04841204732656479, 1.6101067066192627, 0.24831821024417877, -0.028508678078651428] [0.2454819679260254, -0.2194039672613144, -0.01691596210002899, 0.17798596620559692, 1.630600094795227, 0.06280000507831573]
[0.20706579089164734, -0.1296667605638504, 0.04825206473469734, 1.596648931503296, 0.2483135610818863, -0.058588575571775436] [0.2454819679260254, -0.2194039672613144, -0.019983962178230286, 0.11355795711278915, 1.6321340799331665, 0.06280000507831573]
[0.2065516710281372, -0.1419041007757187, 0.048216041177511215, 1.5725359916687012, 0.2458610236644745, -0.15663185715675354] [0.24701596796512604, -0.24087996780872345, -0.021517962217330933, 0.061401963233947754, 1.6321340799331665, 0.06280000507831573]
[0.2052486687898636, -0.15028713643550873, 0.04859275370836258, 1.5576690435409546, 0.2428758442401886, -0.21187837421894073] [0.24701596796512604, -0.2623559832572937, -0.02305196225643158, 0.04759596288204193, 1.6321340799331665, 0.06280000507831573]
[0.20398838818073273, -0.15516650676727295, 0.04855797812342644, 1.5497353076934814, 0.24303323030471802, -0.23721300065517426] [0.24854996800422668, -0.2884339690208435, -0.02765396237373352, 0.046061962842941284, 1.6321340799331665, 0.06280000507831573]
[0.20085610449314117, -0.16590891778469086, 0.0491909384727478, 1.5277756452560425, 0.24006950855255127, -0.2908557951450348] [0.2500839829444885, -0.34212398529052734, -0.03225596249103546, 0.046061962842941284, 1.6321340799331665, 0.06280000507831573]
[0.19757582247257233, -0.17505544424057007, 0.049377888441085815, 1.5160211324691772, 0.23958879709243774, -0.3367505669593811] [0.251617968082428, -0.3820079565048218, -0.03378996253013611, 0.046061962842941284, 1.6321340799331665, 0.06280000507831573]
[0.1952076256275177, -0.1806570142507553, 0.04902801290154457, 1.5076857805252075, 0.24152417480945587, -0.3654632270336151] [0.2562199831008911, -0.4126879572868347, -0.03378996253013611, 0.046061962842941284, 1.6321340799331665, 0.06280000507831573]
[0.19026581943035126, -0.19166694581508636, 0.04938603192567825, 1.492444634437561, 0.24035321176052094, -0.42248988151550293] [0.26082196831703186, -0.4617759585380554, -0.03225596249103546, 0.046061962842941284, 1.6321340799331665, 0.06280000507831573]
[0.1894248127937317, -0.19347506761550903, 0.04961049184203148, 1.4902207851409912, 0.23936985433101654, -0.4319109618663788] [0.2623559832572937, -0.47251397371292114, -0.03378996253013611, 0.04759596288204193, 1.6321340799331665, 0.06280000507831573]
[0.1884051114320755, -0.1954081654548645, 0.049595046788454056, 1.488868236541748, 0.23973225057125092, -0.44148311018943787] [0.2623559832572937, -0.47558197379112244, -0.03225596249103546, 0.04912996292114258, 1.6321340799331665, 0.06280000507831573]
[0.1890018731355667, -0.1934049129486084, 0.049334026873111725, 1.491814136505127, 0.24241992831230164, -0.42272984981536865] [0.26082196831703186, -0.47558197379112244, -0.035323962569236755, 0.07213996350765228, 1.633668065071106, 0.06280000507831573]
[0.18933400511741638, -0.19223156571388245, 0.04918878525495529, 1.494452714920044, 0.24402420222759247, -0.41178983449935913] [0.2623559832572937, -0.4740479588508606, -0.035323962569236755, 0.07980996370315552, 1.633668065071106, 0.06280000507831573]
[0.18955174088478088, -0.19172737002372742, 0.049423012882471085, 1.4962148666381836, 0.24325153231620789, -0.40694132447242737] [0.2623559832572937, -0.47558197379112244, -0.035323962569236755, 0.08441196382045746, 1.6352020502090454, 0.06280000507831573]
[0.18988420069217682, -0.1904154270887375, 0.0489843524992466, 1.498249888420105, 0.24607045948505402, -0.3961195945739746] [0.26082196831703186, -0.4740479588508606, -0.035323962569236755, 0.1411699652671814, 1.6352020502090454, 0.06280000507831573]
[0.19171765446662903, -0.1827561855316162, 0.04854597523808479, 1.5178142786026, 0.2533404231071472, -0.3253096640110016] [0.26082196831703186, -0.4740479588508606, -0.035323962569236755, 0.17491796612739563, 1.6352020502090454, 0.06280000507831573]
[0.19235926866531372, -0.1791410595178604, 0.04824543744325638, 1.5261640548706055, 0.2569800019264221, -0.2922308146953583] [0.26082196831703186, -0.4740479588508606, -0.035323962569236755, 0.21173396706581116, 1.6352020502090454, 0.06280000507831573]
[0.1929950714111328, -0.17533232271671295, 0.048278436064720154, 1.5369865894317627, 0.2590203881263733, -0.25740763545036316] [0.25928795337677, -0.4740479588508606, -0.0368579626083374, 0.3267839550971985, 1.6367360353469849, 0.06240000203251839]
[0.19382120668888092, -0.16271941363811493, 0.04754241183400154, 1.5657126903533936, 0.2690610885620117, -0.1418655961751938] [0.25928795337677, -0.47558197379112244, -0.03839196264743805, 0.3728039860725403, 1.6367360353469849, 0.06240000203251839]
[0.19381015002727509, -0.15641164779663086, 0.047475241124629974, 1.578301191329956, 0.27220749855041504, -0.0847008228302002] [0.25775396823883057, -0.47558197379112244, -0.039925962686538696, 0.42649397253990173, 1.6367360353469849, 0.06280000507831573]
[0.19346866011619568, -0.150634303689003, 0.047358766198158264, 1.5924869775772095, 0.27480602264404297, -0.032193396240472794] [0.25775396823883057, -0.48938798904418945, -0.07213996350765228, 0.6811379790306091, 1.6382701396942139, 0.06240000203251839]
[0.186200812458992, -0.1240832507610321, 0.046953361481428146, 1.6181479692459106, 0.2976997196674347, 0.229856938123703] [0.23320996761322021, -0.4909219741821289, -0.12429595738649368, 0.7440319657325745, 1.6367360353469849, 0.06280000507831573]
[0.1848887950181961, -0.12072587758302689, 0.046570952981710434, 1.6019246578216553, 0.30747586488723755, 0.26220616698265076] [0.22860796749591827, -0.4909219741821289, -0.12582996487617493, 0.7470999956130981, 1.6367360353469849, 0.06280000507831573]
[0.18473181128501892, -0.12022296339273453, 0.04669777676463127, 1.6045186519622803, 0.30658742785453796, 0.2670678496360779] [0.22860796749591827, -0.481717973947525, -0.12429595738649368, 0.8253339529037476, 1.6367360353469849, 0.06280000507831573]
[0.1805977076292038, -0.108901746571064, 0.047116853296756744, 1.6352102756500244, 0.3060288727283478, 0.3730291426181793] [0.22707396745681763, -0.481717973947525, -0.12582996487617493, 0.8606159687042236, 1.6367360353469849, 0.06280000507831573]
[0.17826232314109802, -0.10414967685937881, 0.047579191625118256, 1.6489351987838745, 0.30424320697784424, 0.42107731103897095] [0.22553996741771698, -0.47558197379112244, -0.12582996487617493, 0.9081699848175049, 1.6367360353469849, 0.06240000203251839]
[0.17555557191371918, -0.09712433069944382, 0.04784407466650009, 1.6662366390228271, 0.30193376541137695, 0.4836101531982422] [0.22553996741771698, -0.4525719881057739, -0.12736396491527557, 1.0247540473937988, 1.6367360353469849, 0.06280000507831573]
[0.16777905821800232, -0.08373458683490753, 0.04914147034287453, 1.7035605907440186, 0.29317882657051086, 0.6193988919258118] [0.22400596737861633, -0.4479699730873108, -0.12736396491527557, 1.0738420486450195, 1.6367360353469849, 0.06280000507831573]
[0.15929405391216278, -0.07436084002256393, 0.05032383278012276, 1.7337921857833862, 0.285235196352005, 0.7343206405639648] [0.22400596737861633, -0.44643598794937134, -0.12736396491527557, 1.2257080078125, 1.6367360353469849, 0.06280000507831573]
[0.14826367795467377, -0.06499965488910675, 0.05204762518405914, 1.770477056503296, 0.2732534110546112, 0.8662128448486328] [0.22400596737861633, -0.42649397253990173, -0.13349996507167816, 1.2962720394134521, 1.6352020502090454, 0.06240000203251839]
[0.14545810222625732, -0.05922466516494751, 0.05203069746494293, 1.7785507440567017, 0.269488126039505, 0.9154189825057983] [0.22553996741771698, -0.3958139717578888, -0.1350339651107788, 1.2962720394134521, 1.6352020502090454, 0.06280000507831573]
[0.14321577548980713, -0.05109666287899017, 0.05254518240690231, 1.7858612537384033, 0.2597750127315521, 0.9696619510650635] [0.22553996741771698, -0.34519195556640625, -0.13349996507167816, 1.2962720394134521, 1.6352020502090454, 0.06280000507831573]
[0.14071501791477203, -0.04355650767683983, 0.05311896279454231, 1.7922295331954956, 0.2502797245979309, 1.0206090211868286] [0.22707396745681763, -0.2945699691772461, -0.13349996507167816, 1.2962720394134521, 1.6352020502090454, 0.06280000507831573]
[0.1375783085823059, -0.035211727023124695, 0.05344327911734581, 1.7992063760757446, 0.24165727198123932, 1.076507329940796] [0.22707396745681763, -0.2132679671049118, -0.1350339651107788, 1.2916699647903442, 1.6367360353469849, 0.06280000507831573]
[0.13166603446006775, -0.022413339465856552, 0.053700994700193405, 1.8024959564208984, 0.23558025062084198, 1.1652681827545166] [0.22400596737861633, -0.1580439656972885, -0.14883996546268463, 1.2870680093765259, 1.6367360353469849, 0.06280000507831573]
[0.1314276158809662, -0.022274145856499672, 0.05322936549782753, 1.8015215396881104, 0.2396247684955597, 1.1675441265106201] [0.22247196733951569, -0.15650996565818787, -0.15344196557998657, 1.2870680093765259, 1.6352020502090454, 0.06280000507831573]
[0.13151520490646362, -0.02266954444348812, 0.05322824418544769, 1.7982618808746338, 0.24084915220737457, 1.1659470796585083] [0.22400596737861633, -0.16264596581459045, -0.15497596561908722, 1.2886019945144653, 1.6352020502090454, 0.06280000507831573]
[0.13168936967849731, -0.023250339552760124, 0.05318404734134674, 1.7982208728790283, 0.24153286218643188, 1.1629184484481812] [0.22093796730041504, -0.17184996604919434, -0.15497596561908722, 1.2932039499282837, 1.633668065071106, 0.06240000203251839]
[0.13328871130943298, -0.02677312307059765, 0.05301438271999359, 1.7935893535614014, 0.24565190076828003, 1.1396702527999878] [0.22093796730041504, -0.19946196675300598, -0.15497596561908722, 1.2932039499282837, 1.633668065071106, 0.06280000507831573]
[0.1371646523475647, -0.03581343963742256, 0.05213451758027077, 1.7878741025924683, 0.2578100860118866, 1.0783185958862305] [0.2194039672613144, -0.27002596855163574, -0.15497596561908722, 1.2962720394134521, 1.633668065071106, 0.06280000507831573]
[0.1390334814786911, -0.040269747376441956, 0.051944583654403687, 1.7831140756607056, 0.26291775703430176, 1.0471537113189697] [0.2194039672613144, -0.30223995447158813, -0.15497596561908722, 1.2962720394134521, 1.633668065071106, 0.06280000507831573]
[0.14116676151752472, -0.0461435541510582, 0.05146888643503189, 1.7784591913223267, 0.27034610509872437, 1.006999135017395] [0.2194039672613144, -0.3405899703502655, -0.15497596561908722, 1.2962720394134521, 1.633668065071106, 0.06240000203251839]
[0.1457194685935974, -0.06187344342470169, 0.050674907863140106, 1.7620179653167725, 0.28790897130966187, 0.901058554649353] [0.21786996722221375, -0.4479699730873108, -0.15497596561908722, 1.2962720394134521, 1.633668065071106, 0.06280000507831573]
[0.1474449336528778, -0.0703682228922844, 0.05031204596161842, 1.755542516708374, 0.29705408215522766, 0.8448299765586853] [0.21786996722221375, -0.5031939744949341, -0.15497596561908722, 1.2962720394134521, 1.633668065071106, 0.06240000203251839]
[0.14930495619773865, -0.08494382351636887, 0.049900270998477936, 1.7407310009002686, 0.3115152418613434, 0.7490271329879761] [0.21786996722221375, -0.5860300064086914, -0.15497596561908722, 1.2962720394134521, 1.633668065071106, 0.06280000507831573]
[0.14955776929855347, -0.08855044841766357, 0.049844302237033844, 1.7368605136871338, 0.3148585259914398, 0.7253684997558594] [0.21786996722221375, -0.6105740070343018, -0.15497596561908722, 1.2962720394134521, 1.633668065071106, 0.06240000203251839]
[0.1498148888349533, -0.09240295737981796, 0.050034139305353165, 1.7315967082977295, 0.317154198884964, 0.6997647285461426] [0.21786996722221375, -0.6335839629173279, -0.15650996565818787, 1.2962720394134521, 1.633668065071106, 0.06280000507831573]
[0.14965134859085083, -0.1030474305152893, 0.049473173916339874, 1.7197906970977783, 0.3302730917930603, 0.6306183934211731] [0.21786996722221375, -0.70414799451828, -0.15957796573638916, 1.2962720394134521, 1.633668065071106, 0.06280000507831573]
[0.1493978202342987, -0.10790157318115234, 0.049425385892391205, 1.7123945951461792, 0.33577409386634827, 0.5987423658370972] [0.2163359671831131, -0.7363619804382324, -0.1611119657754898, 1.2962720394134521, 1.633668065071106, 0.06240000203251839]
[0.1489444077014923, -0.11476484686136246, 0.04952983930706978, 1.703657865524292, 0.3409063518047333, 0.5524482727050781] [0.2163359671831131, -0.8406739830970764, -0.16264596581459045, 1.2932039499282837, 1.633668065071106, 0.06240000203251839]
[0.1465996354818344, -0.13055984675884247, 0.049638163298368454, 1.6828885078430176, 0.3541797995567322, 0.4453471601009369] [0.21786996722221375, -0.8728879690170288, -0.16264596581459045, 1.2916699647903442, 1.633668065071106, 0.06280000507831573]
[0.14555369317531586, -0.13526912033557892, 0.04986971616744995, 1.6764564514160156, 0.3569396734237671, 0.4131532311439514] [0.21786996722221375, -0.9143059849739075, -0.1641799658536911, 1.2916699647903442, 1.633668065071106, 0.06240000203251839]
[0.1437295526266098, -0.14204992353916168, 0.050098665058612823, 1.6665537357330322, 0.36206692457199097, 0.36643552780151367] [0.2194039672613144, -0.978734016418457, -0.1641799658536911, 1.2916699647903442, 1.633668065071106, 0.06280000507831573]
[0.14061948657035828, -0.15126320719718933, 0.05020491033792496, 1.6528120040893555, 0.3708288073539734, 0.3019860088825226] [0.2194039672613144, -1.0232199430465698, -0.1703159660100937, 1.2901359796524048, 1.633668065071106, 0.06280000507831573]
[0.1372169703245163, -0.16018570959568024, 0.05027533322572708, 1.6367857456207275, 0.3801363706588745, 0.23704379796981812] [0.2194039672613144, -1.0723079442977905, -0.17491796612739563, 1.2901359796524048, 1.633668065071106, 0.06280000507831573]
[0.1314762830734253, -0.17159564793109894, 0.050290197134017944, 1.6160643100738525, 0.3938494920730591, 0.1522868424654007] [0.22093796730041504, -1.1459399461746216, -0.18565596640110016, 1.2886019945144653, 1.633668065071106, 0.06280000507831573]
[0.13034307956695557, -0.1735346019268036, 0.050196126103401184, 1.6119414567947388, 0.39723244309425354, 0.13750357925891876] [0.22093796730041504, -1.1658819913864136, -0.1871899664402008, 1.2886019945144653, 1.633668065071106, 0.06280000507831573]
[0.12901538610458374, -0.17586585879325867, 0.050320111215114594, 1.6075208187103271, 0.3991791307926178, 0.11945860832929611] [0.22093796730041504, -1.170483946800232, -0.1871899664402008, 1.2886019945144653, 1.633668065071106, 0.06280000507831573]
[0.12909528613090515, -0.17582674324512482, 0.050092749297618866, 1.607434868812561, 0.40062177181243896, 0.11950922012329102] [0.22247196733951569, -1.170483946800232, -0.1871899664402008, 1.2870680093765259, 1.6321340799331665, 0.06280000507831573]
[0.12909528613090515, -0.17582674324512482, 0.050092749297618866, 1.607434868812561, 0.40062177181243896, 0.11950922012329102] [0.22093796730041504, -1.172018051147461, -0.1871899664402008, 1.2870680093765259, 1.6321340799331665, 0.06240000203251839]
[0.12897127866744995, -0.17603692412376404, 0.050101738423109055, 1.605535864830017, 0.4006619155406952, 0.11787054687738419] [0.22247196733951569, -1.172018051147461, -0.1871899664402008, 1.2870680093765259, 1.6321340799331665, 0.06280000507831573]
[0.129087895154953, -0.17582693696022034, 0.05007537454366684, 1.6059008836746216, 0.40062177181243896, 0.11950922012329102] [0.22247196733951569, -1.170483946800232, -0.18565596640110016, 1.2870680093765259, 1.6321340799331665, 0.06280000507831573]
[0.1289786696434021, -0.17603671550750732, 0.05011911690235138, 1.6070698499679565, 0.4006619155406952, 0.11787054687738419] [0.22247196733951569, -1.170483946800232, -0.18565596640110016, 1.2870680093765259, 1.633668065071106, 0.06240000203251839]
[0.12916047871112823, -0.17581471800804138, 0.050252240151166916, 1.6078804731369019, 0.399149626493454, 0.11955080181360245] [0.22247196733951569, -1.170483946800232, -0.18565596640110016, 1.2870680093765259, 1.6321340799331665, 0.06280000507831573]
[0.12915311753749847, -0.1758149117231369, 0.050234850496053696, 1.6063464879989624, 0.399149626493454, 0.11955080181360245] [0.22400596737861633, -1.170483946800232, -0.1841219663619995, 1.2870680093765259, 1.6321340799331665, 0.06240000203251839]
[0.1292254775762558, -0.1758028119802475, 0.05041182413697243, 1.608325719833374, 0.3976774215698242, 0.119591623544693] [0.22400596737861633, -1.170483946800232, -0.1841219663619995, 1.2870680093765259, 1.6321340799331665, 0.06280000507831573]
[0.12921813130378723, -0.17580299079418182, 0.05039442703127861, 1.6067917346954346, 0.3976774215698242, 0.119591623544693] [0.22400596737861633, -1.170483946800232, -0.1841219663619995, 1.2870680093765259, 1.6321340799331665, 0.06280000507831573]
[0.12921813130378723, -0.17580299079418182, 0.05039442703127861, 1.6067917346954346, 0.3976774215698242, 0.119591623544693] [0.22247196733951569, -1.170483946800232, -0.1841219663619995, 1.2870680093765259, 1.6321340799331665, 0.06240000203251839]
