[0.18025900423526764, -0.07711655646562576, 0.06115473061800003, 1.6245259046554565, -0.011170192621648312, 0.5077473521232605] [0.4387659728527069, -0.2976379692554474, 0.5015760660171509, 0.9158399701118469, 1.0768260955810547, 0.9975999593734741]
[0.18014049530029297, -0.07656539231538773, 0.060905925929546356, 1.6264137029647827, -0.01046705897897482, 0.5105032920837402] [0.4387659728527069, -0.2945699691772461, 0.5000420808792114, 0.9158399701118469, 1.0768260955810547, 0.07320000231266022]
[0.18011918663978577, -0.07644420862197876, 0.06092304363846779, 1.6237815618515015, -0.009728442877531052, 0.5117790699005127] [0.4387659728527069, -0.2945699691772461, 0.4985080361366272, 0.9158399701118469, 1.0768260955810547, 0.07320000231266022]
[0.18011918663978577, -0.07644420862197876, 0.06092304363846779, 1.6237815618515015, -0.009728442877531052, 0.5117790699005127] [0.44029998779296875, -0.2945699691772461, 0.4985080361366272, 0.9173740148544312, 1.0768260955810547, 0.07320000231266022]
[0.18011918663978577, -0.07644420862197876, 0.06092304363846779, 1.6237815618515015, -0.009728442877531052, 0.5117790699005127] [0.4387659728527069, -0.2945699691772461, 0.5015760660171509, 0.9158399701118469, 1.0768260955810547, 0.07320000231266022]
[0.1802002340555191, -0.07656539231538773, 0.061182308942079544, 1.6256641149520874, -0.01180545799434185, 0.5105116367340088] [0.4387659728527069, -0.2945699691772461, 0.5015760660171509, 0.9158399701118469, 1.0768260955810547, 0.07320000231266022]
[0.18024063110351562, -0.07662627846002579, 0.06131184473633766, 1.6266062259674072, -0.012843064032495022, 0.5098764300346375] [0.4387659728527069, -0.2945699691772461, 0.5015760660171509, 0.9158399701118469, 1.0768260955810547, 0.07320000231266022]
[0.1803286075592041, -0.07674746215343475, 0.0612209290266037, 1.6266225576400757, -0.012041560374200344, 0.5085684657096863] [0.4387659728527069, -0.2945699691772461, 0.5031100511550903, 0.9143059849739075, 1.0768260955810547, 0.07320000231266022]
[0.18029822409152985, -0.07702316343784332, 0.060930538922548294, 1.6267982721328735, -0.010383718647062778, 0.5071783065795898] [0.44029998779296875, -0.2976379692554474, 0.5031100511550903, 0.9143059849739075, 1.0768260955810547, 0.07320000231266022]
[0.18042394518852234, -0.07791153341531754, 0.0610196627676487, 1.6260242462158203, -0.010471357963979244, 0.5023983120918274] [0.4387659728527069, -0.30377396941185, 0.5046440362930298, 0.9143059849739075, 1.0768260955810547, 0.07320000231266022]
[0.18050584197044373, -0.07873931527137756, 0.06098106876015663, 1.6243031024932861, -0.009530407376587391, 0.4982524514198303] [0.4387659728527069, -0.3053079843521118, 0.5046440362930298, 0.9143059849739075, 1.0768260955810547, 0.07320000231266022]
[0.18052582442760468, -0.07867849618196487, 0.06112838163971901, 1.6226272583007812, -0.009839612059295177, 0.4988912343978882] [0.44029998779296875, -0.3053079843521118, 0.5046440362930298, 0.9143059849739075, 1.0768260955810547, 0.07320000231266022]
[0.18058429658412933, -0.07956749945878983, 0.060944102704524994, 1.6225781440734863, -0.00859665684401989, 0.4941050410270691] [0.4387659728527069, -0.31297796964645386, 0.5046440362930298, 0.9143059849739075, 1.0768260955810547, 0.07320000231266022]
[0.1808386743068695, -0.08162575215101242, 0.060774341225624084, 1.6185463666915894, -0.0056548272259533405, 0.48310717940330505] [0.44029998779296875, -0.32985198497772217, 0.5046440362930298, 0.9143059849739075, 1.0768260955810547, 0.07320000231266022]
[0.18126127123832703, -0.08688726276159286, 0.060881614685058594, 1.6067943572998047, -0.0014064247952774167, 0.45677265524864197] [0.4387659728527069, -0.3528619706630707, 0.5046440362930298, 0.9143059849739075, 1.0768260955810547, 0.07320000231266022]
[0.18132001161575317, -0.09119522571563721, 0.06059747934341431, 1.5980373620986938, 0.003715662518516183, 0.43587812781333923] [0.4387659728527069, -0.3835419714450836, 0.5046440362930298, 0.9143059849739075, 1.0768260955810547, 0.07320000231266022]
[0.18150939047336578, -0.0977117121219635, 0.0604393295943737, 1.5827585458755493, 0.010590915568172932, 0.4025267958641052] [0.4387659728527069, -0.4126879572868347, 0.5046440362930298, 0.9143059849739075, 1.0768260955810547, 0.07320000231266022]
[0.181478813290596, -0.10063105076551437, 0.060829419642686844, 1.5770900249481201, 0.011201253160834312, 0.38852137327194214] [0.44029998779296875, -0.44336795806884766, 0.5046440362930298, 0.9143059849739075, 1.0768260955810547, 0.07320000231266022]
[0.18140457570552826, -0.10693071782588959, 0.060962364077568054, 1.5646448135375977, 0.016073042526841164, 0.35586076974868774] [0.44029998779296875, -0.4648439884185791, 0.5046440362930298, 0.912771999835968, 1.0768260955810547, 0.07320000231266022]
[0.18117521703243256, -0.1110883429646492, 0.061069995164871216, 1.5554455518722534, 0.019382279366254807, 0.33486711978912354] [0.44029998779296875, -0.4909219741821289, 0.5061780214309692, 0.912771999835968, 1.0768260955810547, 0.07320000231266022]
[0.18099206686019897, -0.11455254256725311, 0.06110579892992973, 1.548006534576416, 0.022586511448025703, 0.3166825771331787] [0.44029998779296875, -0.5185339450836182, 0.5061780214309692, 0.9097039699554443, 1.0768260955810547, 0.07320000231266022]
[0.18038740754127502, -0.12132670730352402, 0.06133928894996643, 1.5330222845077515, 0.027881694957613945, 0.28160354495048523] [0.44029998779296875, -0.5476799607276917, 0.5061780214309692, 0.9081699848175049, 1.0768260955810547, 0.07320000231266022]
[0.17983326315879822, -0.12770012021064758, 0.061397068202495575, 1.5196340084075928, 0.034119654446840286, 0.2465015947818756] [0.44029998779296875, -0.5768259763717651, 0.5061780214309692, 0.8943639993667603, 1.0768260955810547, 0.07320000231266022]
[0.18002867698669434, -0.13283756375312805, 0.060582228004932404, 1.5118786096572876, 0.04487401247024536, 0.2114945650100708] [0.44029998779296875, -0.5952339768409729, 0.5077120661735535, 0.8636839985847473, 1.0768260955810547, 0.07320000231266022]
[0.18064360320568085, -0.14200404286384583, 0.059616878628730774, 1.504612922668457, 0.059707075357437134, 0.14445297420024872] [0.43723195791244507, -0.6105740070343018, 0.5153820514678955, 0.8207319974899292, 1.0752921104431152, 0.07320000231266022]
[0.18123400211334229, -0.1446441411972046, 0.0588277168571949, 1.506241798400879, 0.06684093922376633, 0.12068018317222595] [0.4356979727745056, -0.6105740070343018, 0.5199840664863586, 0.788517951965332, 1.0752921104431152, 0.07320000231266022]
[0.1820308417081833, -0.14812707901000977, 0.058319538831710815, 1.5065052509307861, 0.07325173169374466, 0.0894787609577179] [0.43416398763656616, -0.6105740070343018, 0.5276540517807007, 0.7624399662017822, 1.0752921104431152, 0.07320000231266022]
[0.18252448737621307, -0.15067481994628906, 0.0579959899187088, 1.5106279850006104, 0.07750386744737625, 0.0667305737733841] [0.4326299726963043, -0.6105740070343018, 0.5322560667991638, 0.7363619804382324, 1.0752921104431152, 0.07320000231266022]
[0.1829729974269867, -0.15390533208847046, 0.05715663731098175, 1.5124263763427734, 0.08510880172252655, 0.03802788630127907] [0.4326299726963043, -0.6105740070343018, 0.5414600372314453, 0.7164199948310852, 1.0752921104431152, 0.07320000231266022]
[0.18313613533973694, -0.15626931190490723, 0.05674014985561371, 1.5132681131362915, 0.08929109573364258, 0.018130969256162643] [0.4326299726963043, -0.6105740070343018, 0.5491300821304321, 0.6888079643249512, 1.0752921104431152, 0.07320000231266022]
[0.18323521316051483, -0.16066502034664154, 0.056122105568647385, 1.5143252611160278, 0.09705718606710434, -0.017591968178749084] [0.4310959577560425, -0.6228460073471069, 0.5537320375442505, 0.6642639636993408, 1.0737581253051758, 0.07320000231266022]
[0.18256255984306335, -0.16488468647003174, 0.056245896965265274, 1.5095452070236206, 0.10013169795274734, -0.04547213390469551] [0.429561972618103, -0.6366519927978516, 0.5568000674247742, 0.6458559632301331, 1.0737581253051758, 0.07320000231266022]
[0.18159404397010803, -0.16997012495994568, 0.05575767531991005, 1.5022801160812378, 0.10788413882255554, -0.08008215576410294] [0.429561972618103, -0.6489239931106567, 0.5583340525627136, 0.6320499777793884, 1.0737581253051758, 0.07320000231266022]
[0.1812717169523239, -0.17217089235782623, 0.05552278831601143, 1.5015243291854858, 0.11116135120391846, -0.09646465629339218] [0.429561972618103, -0.6519919633865356, 0.5629360675811768, 0.6167099475860596, 1.0737581253051758, 0.07320000231266022]
[0.18127226829528809, -0.17365309596061707, 0.055460572242736816, 1.5063084363937378, 0.11222965270280838, -0.10955805331468582] [0.429561972618103, -0.6519919633865356, 0.5690720677375793, 0.6105740070343018, 1.0737581253051758, 0.07320000231266022]
[0.18113157153129578, -0.17516925930976868, 0.05530065670609474, 1.5082123279571533, 0.11427982896566391, -0.12194424867630005] [0.429561972618103, -0.6519919633865356, 0.5752080678939819, 0.5906319618225098, 1.0737581253051758, 0.07320000231266022]
[0.18107175827026367, -0.17778702080249786, 0.05506459251046181, 1.5133754014968872, 0.11784940212965012, -0.14509539306163788] [0.4280279874801636, -0.6519919633865356, 0.582878053188324, 0.5706899762153625, 1.0737581253051758, 0.07320000231266022]
[0.18100324273109436, -0.17991948127746582, 0.055027205497026443, 1.5191195011138916, 0.11972241848707199, -0.16396428644657135] [0.42649397253990173, -0.6519919633865356, 0.5951500535011292, 0.5568839907646179, 1.0737581253051758, 0.07320000231266022]
[0.18088312447071075, -0.18162451684474945, 0.05520196259021759, 1.5314075946807861, 0.11858317255973816, -0.17902587354183197] [0.42649397253990173, -0.6535259485244751, 0.6150920391082764, 0.5384759902954102, 1.0737581253051758, 0.07320000231266022]
[0.1807132214307785, -0.18426170945167542, 0.05558950826525688, 1.5484172105789185, 0.11699093878269196, -0.2023109346628189] [0.4280279874801636, -0.6519919633865356, 0.6381020545959473, 0.5246700048446655, 1.0737581253051758, 0.07320000231266022]
[0.1806323230266571, -0.18542729318141937, 0.056189436465501785, 1.5641818046569824, 0.1124669536948204, -0.2124968320131302] [0.429561972618103, -0.6535259485244751, 0.6580440402030945, 0.5231359601020813, 1.0737581253051758, 0.07320000231266022]
[0.18063759803771973, -0.1856253445148468, 0.056751783937215805, 1.5758415460586548, 0.10783588886260986, -0.21411168575286865] [0.4310959577560425, -0.6519919633865356, 0.6626460552215576, 0.5246700048446655, 1.0737581253051758, 0.07320000231266022]
[0.1806928962469101, -0.18534578382968903, 0.056418463587760925, 1.576145887374878, 0.10947111994028091, -0.21268554031848907] [0.4326299726963043, -0.6504579782485962, 0.6641800403594971, 0.5246700048446655, 1.0752921104431152, 0.07320000231266022]
[0.18069826066493988, -0.18539002537727356, 0.05651037022471428, 1.5774331092834473, 0.10879729688167572, -0.21305716037750244] [0.4326299726963043, -0.6504579782485962, 0.6657140254974365, 0.5246700048446655, 1.0768260955810547, 0.07320000231266022]
[0.18073813617229462, -0.18528667092323303, 0.05678155645728111, 1.5865356922149658, 0.10738387703895569, -0.21207818388938904] [0.4326299726963043, -0.6504579782485962, 0.6657140254974365, 0.526203989982605, 1.084496021270752, 0.07320000231266022]
[0.18076466023921967, -0.18513646721839905, 0.056885797530412674, 1.5882140398025513, 0.10664355754852295, -0.21072694659233093] [0.4326299726963043, -0.6489239931106567, 0.6657140254974365, 0.5308059453964233, 1.0875641107559204, 0.07320000231266022]
[0.18093755841255188, -0.18455645442008972, 0.05703861266374588, 1.592200517654419, 0.10529462993144989, -0.20656593143939972] [0.4326299726963043, -0.6489239931106567, 0.6657140254974365, 0.5308059453964233, 1.0921660661697388, 0.07320000231266022]
[0.180943101644516, -0.18455898761749268, 0.05709493160247803, 1.5968024730682373, 0.10529462993144989, -0.20656593143939972] [0.43416398763656616, -0.6489239931106567, 0.6641800403594971, 0.533873975276947, 1.0952340364456177, 0.07320000231266022]
[0.1809278279542923, -0.18425869941711426, 0.05702616274356842, 1.5998399257659912, 0.10531315952539444, -0.20389841496944427] [0.43416398763656616, -0.6489239931106567, 0.6641800403594971, 0.5476799607276917, 1.0952340364456177, 0.07320000231266022]
[0.18103212118148804, -0.18254825472831726, 0.057318251579999924, 1.5994923114776611, 0.10085984319448471, -0.18872447311878204] [0.43723195791244507, -0.6489239931106567, 0.6626460552215576, 0.5522819757461548, 1.0967680215835571, 0.07320000231266022]
[0.18106317520141602, -0.18215292692184448, 0.05731717497110367, 1.5987648963928223, 0.10079067945480347, -0.18524298071861267] [0.43723195791244507, -0.6473900079727173, 0.6611120700836182, 0.5553499460220337, 1.0967680215835571, 0.07320000231266022]
[0.18122197687625885, -0.18127889931201935, 0.057248953729867935, 1.597558856010437, 0.1008305475115776, -0.178558811545372] [0.43723195791244507, -0.6473900079727173, 0.6503740549087524, 0.5630199909210205, 1.101370096206665, 0.07320000231266022]
[0.18126104772090912, -0.1800265908241272, 0.05721185356378555, 1.5962839126586914, 0.10010331869125366, -0.16752760112285614] [0.4387659728527069, -0.6473900079727173, 0.648840069770813, 0.5783599615097046, 1.1029040813446045, 0.07320000231266022]
[0.18132589757442474, -0.17774184048175812, 0.05753327161073685, 1.593920111656189, 0.09517595171928406, -0.14737242460250854] [0.44029998779296875, -0.6473900079727173, 0.6427040696144104, 0.5967679619789124, 1.101370096206665, 0.07320000231266022]
[0.1813332736492157, -0.17632147669792175, 0.057536303997039795, 1.5913426876068115, 0.09395559877157211, -0.13488757610321045] [0.44336795806884766, -0.6473900079727173, 0.6365680694580078, 0.6121079921722412, 1.1029040813446045, 0.07320000231266022]
[0.181412011384964, -0.17463529109954834, 0.05805604159832001, 1.5889296531677246, 0.08910500258207321, -0.12003515660762787] [0.4479699730873108, -0.6473900079727173, 0.6319660544395447, 0.6397199630737305, 1.119778037071228, 0.07320000231266022]
[0.18108415603637695, -0.17099985480308533, 0.057747919112443924, 1.6136232614517212, 0.08811609447002411, -0.08801659941673279] [0.4541059732437134, -0.6473900079727173, 0.621228039264679, 0.6642639636993408, 1.1673320531845093, 0.07440000027418137]
[0.18065205216407776, -0.16394293308258057, 0.05790549889206886, 1.6415905952453613, 0.08793064951896667, -0.025827784091234207] [0.4571739733219147, -0.6473900079727173, 0.5767420530319214, 0.7317599654197693, 1.2148860692977905, 0.06520000100135803]
[0.18015249073505402, -0.15928660333156586, 0.057660385966300964, 1.6595581769943237, 0.0920310765504837, 0.015394291840493679] [0.4571739733219147, -0.6473900079727173, 0.5399260520935059, 0.7639739513397217, 1.2302260398864746, 0.07120000571012497]
[0.17958404123783112, -0.15511272847652435, 0.05748344957828522, 1.6501595973968506, 0.0934874415397644, 0.052311401814222336] [0.4541059732437134, -0.6473900079727173, 0.5215180516242981, 0.7900519967079163, 1.2302260398864746, 0.07120000571012497]
[0.17908313870429993, -0.15217876434326172, 0.057631149888038635, 1.6439173221588135, 0.09151048958301544, 0.07838930189609528] [0.45563995838165283, -0.6473900079727173, 0.5077120661735535, 0.8161299824714661, 1.251702070236206, 0.07760000228881836]
[0.17843493819236755, -0.14903287589550018, 0.057524174451828, 1.6681381464004517, 0.09506510198116302, 0.10678943991661072] [0.45563995838165283, -0.6473900079727173, 0.4831680655479431, 0.8406739830970764, 1.294654130935669, 0.0804000049829483]
[0.17759698629379272, -0.14553523063659668, 0.057319145649671555, 1.689084529876709, 0.0991269126534462, 0.1385812610387802] [0.45563995838165283, -0.6473900079727173, 0.46782803535461426, 0.8667519688606262, 1.3053920269012451, 0.07280000299215317]
[0.17657163739204407, -0.14170552790164948, 0.05740560218691826, 1.693908452987671, 0.09888153523206711, 0.1734464019536972] [0.45563995838165283, -0.6473900079727173, 0.45095404982566833, 0.8989659547805786, 1.325334072113037, 0.07280000299215317]
[0.1757916808128357, -0.13900715112686157, 0.057335976511240005, 1.7055195569992065, 0.10164974629878998, 0.1983725130558014] [0.4541059732437134, -0.6473900079727173, 0.43101203441619873, 0.9265779852867126, 1.348344087600708, 0.07320000231266022]
[0.1742047518491745, -0.13432751595973969, 0.057357896119356155, 1.7216233015060425, 0.10317928344011307, 0.24199631810188293] [0.4541059732437134, -0.6473900079727173, 0.41567206382751465, 0.958791971206665, 1.3560140132904053, 0.07320000231266022]
[0.17303918302059174, -0.1312236487865448, 0.05752518028020859, 1.7199729681015015, 0.10152635723352432, 0.2710810899734497] [0.4541059732437134, -0.6473900079727173, 0.40186604857444763, 1.001744031906128, 1.3682861328125, 0.07280000299215317]
[0.17127077281475067, -0.12711821496486664, 0.05749071389436722, 1.7298156023025513, 0.10197318345308304, 0.31030747294425964] [0.4541059732437134, -0.6473900079727173, 0.38652604818344116, 1.035491943359375, 1.3698201179504395, 0.07320000231266022]
[0.16947820782661438, -0.12310077995061874, 0.05793830752372742, 1.7276231050491333, 0.09869785606861115, 0.34907960891723633] [0.4541059732437134, -0.6473900079727173, 0.3788560628890991, 1.0631040334701538, 1.371354103088379, 0.07280000299215317]
[0.16768717765808105, -0.11961910128593445, 0.058296382427215576, 1.7277501821517944, 0.09464437514543533, 0.3832603693008423] [0.4541059732437134, -0.6473900079727173, 0.36965203285217285, 1.0968519449234009, 1.371354103088379, 0.07280000299215317]
[0.16614767909049988, -0.11677370965480804, 0.058652110397815704, 1.7268754243850708, 0.09141365438699722, 0.411640465259552] [0.45563995838165283, -0.6473900079727173, 0.36044806241989136, 1.1259980201721191, 1.3744220733642578, 0.07280000299215317]
[0.1630447953939438, -0.11139106005430222, 0.0589786134660244, 1.734032392501831, 0.08794254809617996, 0.4656383693218231] [0.45563995838165283, -0.6458559632301331, 0.3420400619506836, 1.1858240365982056, 1.3790240287780762, 0.07320000231266022]
[0.16053561866283417, -0.10709162056446075, 0.05925418436527252, 1.7339975833892822, 0.08461375534534454, 0.5085446834564209] [0.4571739733219147, -0.6397199630737305, 0.33130204677581787, 1.2180379629135132, 1.3805580139160156, 0.07280000299215317]
[0.15731562674045563, -0.1022084429860115, 0.05967150628566742, 1.7343705892562866, 0.0800829604268074, 0.5592137575149536] [0.4571739733219147, -0.6397199630737305, 0.322098046541214, 1.2533199787139893, 1.3790240287780762, 0.07280000299215317]
[0.15583856403827667, -0.10035163909196854, 0.059835035353899, 1.734107494354248, 0.07861415296792984, 0.5800042152404785] [0.4571739733219147, -0.6397199630737305, 0.31136006116867065, 1.282465934753418, 1.3805580139160156, 0.07280000299215317]
[0.15082475543022156, -0.09030820429325104, 0.060114383697509766, 1.7434910535812378, 0.06881359964609146, 0.6718102693557739] [0.45563995838165283, -0.6121079921722412, 0.29448604583740234, 1.3361560106277466, 1.3790240287780762, 0.07280000299215317]
[0.1497771143913269, -0.08940336853265762, 0.06058366596698761, 1.7422162294387817, 0.06591606140136719, 0.6843276619911194] [0.4571739733219147, -0.6105740070343018, 0.2837480306625366, 1.37910795211792, 1.3790240287780762, 0.07320000231266022]
[0.14546258747577667, -0.08488419651985168, 0.061360765248537064, 1.7423995733261108, 0.05823411047458649, 0.7388269305229187] [0.4571739733219147, -0.6059719920158386, 0.2760780453681946, 1.4051859378814697, 1.3774900436401367, 0.07320000231266022]
[0.14051248133182526, -0.07838444411754608, 0.061318978667259216, 1.7462658882141113, 0.052950892597436905, 0.808157205581665] [0.4571739733219147, -0.5783599615097046, 0.2576700448989868, 1.4481379985809326, 1.3728880882263184, 0.07320000231266022]
[0.13812057673931122, -0.07311125844717026, 0.06153569370508194, 1.7529915571212769, 0.04427238553762436, 0.853274941444397] [0.45563995838165283, -0.5553499460220337, 0.2530680298805237, 1.4650119543075562, 1.3728880882263184, 0.07280000299215317]
[0.13538098335266113, -0.0634583905339241, 0.061741847544908524, 1.7703232765197754, 0.027773648500442505, 0.9223102927207947] [0.4571739733219147, -0.4878539741039276, 0.243864044547081, 1.4634779691696167, 1.371354103088379, 0.07320000231266022]
[0.1333056092262268, -0.055558715015649796, 0.06196147948503494, 1.7767364978790283, 0.014169454574584961, 0.9751266837120056] [0.45563995838165283, -0.43416398763656616, 0.2346600443124771, 1.4650119543075562, 1.366752028465271, 0.07320000231266022]
[0.13206350803375244, -0.052255261689424515, 0.06197727844119072, 1.7803314924240112, 0.009297643788158894, 0.99909508228302] [0.45563995838165283, -0.41115397214889526, 0.23159204423427582, 1.4650119543075562, 1.3621500730514526, 0.07320000231266022]
[0.13120867311954498, -0.04983922839164734, 0.0620308555662632, 1.7764569520950317, 0.006983255036175251, 1.0167330503463745] [0.4510379731655121, -0.4019499719142914, 0.22699004411697388, 1.4650119543075562, 1.3590821027755737, 0.07320000231266022]
[0.1312001496553421, -0.049774132668972015, 0.06211203709244728, 1.7735322713851929, 0.008163225837051868, 1.0179415941238403] [0.4479699730873108, -0.4034839868545532, 0.22392204403877258, 1.4665460586547852, 1.3590821027755737, 0.07280000299215317]
[0.1308813840150833, -0.05324161425232887, 0.06212683767080307, 1.7617599964141846, 0.015880391001701355, 1.006093978881836] [0.4479699730873108, -0.4418339729309082, 0.2208540439605713, 1.488021969795227, 1.3606160879135132, 0.07280000299215317]
[0.1301393210887909, -0.05553834140300751, 0.062263160943984985, 1.7595068216323853, 0.018513081595301628, 1.0008161067962646] [0.4479699730873108, -0.4648439884185791, 0.21625204384326935, 1.5248379707336426, 1.3606160879135132, 0.07280000299215317]
[0.13022597134113312, -0.06424053758382797, 0.062034640461206436, 1.7406325340270996, 0.03757018595933914, 0.9577931761741638] [0.44643598794937134, -0.5369420051574707, 0.21625204384326935, 1.5248379707336426, 1.3606160879135132, 0.07280000299215317]
[0.1319878101348877, -0.07331294566392899, 0.061609745025634766, 1.726347804069519, 0.05746426433324814, 0.8963940739631653] [0.44643598794937134, -0.6059719920158386, 0.2208540439605713, 1.526371955871582, 1.3698201179504395, 0.07280000299215317]
[0.1323888897895813, -0.07581730931997299, 0.061497967690229416, 1.7274596691131592, 0.06362984329462051, 0.879486083984375] [0.44643598794937134, -0.6274479627609253, 0.21932004392147064, 1.5248379707336426, 1.3728880882263184, 0.07280000299215317]
[0.13337433338165283, -0.0820242166519165, 0.06142004579305649, 1.7301392555236816, 0.07724875211715698, 0.8365000486373901] [0.44643598794937134, -0.6750019788742065, 0.2208540439605713, 1.5248379707336426, 1.3882280588150024, 0.07320000231266022]
[0.13373872637748718, -0.08518129587173462, 0.06151928752660751, 1.725329875946045, 0.08349991589784622, 0.8151050209999084] [0.4449019730091095, -0.6995459794998169, 0.22238804399967194, 1.5248379707336426, 1.389762043952942, 0.07280000299215317]
[0.1341574639081955, -0.09069230407476425, 0.061529796570539474, 1.7148388624191284, 0.09431944042444229, 0.7775325179100037] [0.4449019730091095, -0.7455660104751587, 0.22238804399967194, 1.5248379707336426, 1.3912960290908813, 0.07320000231266022]
[0.13430136442184448, -0.09491830319166183, 0.0614611953496933, 1.7052510976791382, 0.10344625264406204, 0.7488921880722046] [0.44643598794937134, -0.770110011100769, 0.22238804399967194, 1.5248379707336426, 1.3928301334381104, 0.07280000299215317]
[0.1341368705034256, -0.10591001808643341, 0.0615999773144722, 1.6836843490600586, 0.12585610151290894, 0.6738882660865784] [0.4449019730091095, -0.8529459834098816, 0.2208540439605713, 1.5248379707336426, 1.3958981037139893, 0.07280000299215317]
[0.133778914809227, -0.11052580922842026, 0.06160074472427368, 1.673614740371704, 0.13621044158935547, 0.6423430442810059] [0.4449019730091095, -0.8866939544677734, 0.2208540439605713, 1.5233039855957031, 1.3943641185760498, 0.07280000299215317]
[0.1312265396118164, -0.12958574295043945, 0.06280253827571869, 1.6211979389190674, 0.16925938427448273, 0.5070044994354248] [0.44643598794937134, -1.020151972770691, 0.21778604388237, 1.5202360153198242, 1.3943641185760498, 0.07320000231266022]
[0.12838922441005707, -0.14234307408332825, 0.06346184760332108, 1.5772640705108643, 0.19252148270606995, 0.41207465529441833] [0.44643598794937134, -1.1106579303741455, 0.21625204384326935, 1.5140999555587769, 1.3820921182632446, 0.07280000299215317]
[0.12738803029060364, -0.145704448223114, 0.06367206573486328, 1.560845136642456, 0.1984304040670395, 0.38675373792648315] [0.44643598794937134, -1.1428719758987427, 0.21625204384326935, 1.511031985282898, 1.3698201179504395, 0.07280000299215317]
[0.12626972794532776, -0.15033094584941864, 0.06405391544103622, 1.5347285270690918, 0.20426121354103088, 0.3503894805908203] [0.44643598794937134, -1.1612800359725952, 0.21625204384326935, 1.4956920146942139, 1.3590821027755737, 0.07280000299215317]
[0.1257341355085373, -0.15439076721668243, 0.06416141986846924, 1.5109634399414062, 0.20926104485988617, 0.3168027400970459] [0.44643598794937134, -1.1812219619750977, 0.2147180438041687, 1.4941580295562744, 1.3529460430145264, 0.07280000299215317]
[0.125067338347435, -0.15633778274059296, 0.06438157707452774, 1.497164011001587, 0.21130694448947906, 0.30158737301826477] [0.4479699730873108, -1.2119020223617554, 0.2147180438041687, 1.4895559549331665, 1.3376060724258423, 0.07280000299215317]
[0.1236158087849617, -0.16035692393779755, 0.06449288874864578, 1.471004843711853, 0.21831181645393372, 0.2698451578617096] [0.4479699730873108, -1.2165039777755737, 0.2147180438041687, 1.488021969795227, 1.3299360275268555, 0.07280000299215317]
[0.12365365773439407, -0.16053800284862518, 0.0643557757139206, 1.461463451385498, 0.21852025389671326, 0.26828843355178833] [0.4479699730873108, -1.2180379629135132, 0.2147180438041687, 1.4818860292434692, 1.3191981315612793, 0.07320000231266022]
[0.12375810742378235, -0.16316728293895721, 0.06421109288930893, 1.44710111618042, 0.22139465808868408, 0.24507643282413483] [0.4479699730873108, -1.2272419929504395, 0.2147180438041687, 1.4680800437927246, 1.3161300420761108, 0.07320000231266022]
[0.12370897829532623, -0.16494068503379822, 0.06421482563018799, 1.4408551454544067, 0.22318601608276367, 0.2296019047498703] [0.44950395822525024, -1.2318439483642578, 0.2147180438041687, 1.4604099988937378, 1.3176640272140503, 0.07280000299215317]
[0.12338656932115555, -0.16642190515995026, 0.06434457749128342, 1.4369637966156006, 0.22446955740451813, 0.21715426445007324] [0.44950395822525024, -1.2379800081253052, 0.21625204384326935, 1.4573420286178589, 1.3161300420761108, 0.07280000299215317]
[0.12338656932115555, -0.16642190515995026, 0.06434457749128342, 1.4369637966156006, 0.22446955740451813, 0.21715426445007324] [0.44950395822525024, -1.2379800081253052, 0.21625204384326935, 1.4573420286178589, 1.3161300420761108, 0.07280000299215317]
[0.12328152358531952, -0.16625569760799408, 0.06418000906705856, 1.437652826309204, 0.2257818728685379, 0.2187923938035965] [0.4510379731655121, -1.2364460229873657, 0.21625204384326935, 1.4573420286178589, 1.3161300420761108, 0.07280000299215317]
[0.12337865680456161, -0.166432723402977, 0.0643240213394165, 1.437434434890747, 0.2244546115398407, 0.21704089641571045] [0.4510379731655121, -1.2379800081253052, 0.21778604388237, 1.4573420286178589, 1.3161300420761108, 0.07280000299215317]
[0.12342532724142075, -0.1664436310529709, 0.06449276953935623, 1.4375660419464111, 0.22294171154499054, 0.2168516367673874] [0.4510379731655121, -1.2379800081253052, 0.21778604388237, 1.4573420286178589, 1.3161300420761108, 0.07280000299215317]
[0.12347176671028137, -0.16645461320877075, 0.06466158479452133, 1.4376980066299438, 0.2214287668466568, 0.2166622430086136] [0.4510379731655121, -1.2379800081253052, 0.2208540439605713, 1.4573420286178589, 1.3161300420761108, 0.07280000299215317]
[0.12347176671028137, -0.16645461320877075, 0.06466158479452133, 1.4376980066299438, 0.2214287668466568, 0.2166622430086136] [0.4510379731655121, -1.2379800081253052, 0.22392204403877258, 1.4573420286178589, 1.3161300420761108, 0.07280000299215317]
[0.12356390058994293, -0.16647686064243317, 0.06499940156936646, 1.4379626512527466, 0.21840304136276245, 0.21628305315971375] [0.4510379731655121, -1.2379800081253052, 0.22392204403877258, 1.4573420286178589, 1.3161300420761108, 0.07280000299215317]
[0.12356390058994293, -0.16647686064243317, 0.06499940156936646, 1.4379626512527466, 0.21840304136276245, 0.21628305315971375] [0.4510379731655121, -1.2379800081253052, 0.22545604407787323, 1.4573420286178589, 1.3161300420761108, 0.07280000299215317]
[0.12356732785701752, -0.16647356748580933, 0.06501767784357071, 1.439496636390686, 0.21840304136276245, 0.21628305315971375] [0.4510379731655121, -1.2364460229873657, 0.22392204403877258, 1.4573420286178589, 1.3176640272140503, 0.07280000299215317]
