[0.17345485091209412, -0.09245163947343826, 0.06533064693212509, 1.6884089708328247, -0.09748317301273346, 0.4556182026863098] [0.5476799607276917, -0.4050179719924927, 0.6764520406723022, 1.0677059888839722, 1.0415440797805786, 0.9975999593734741]
[0.17336417734622955, -0.09236611425876617, 0.06493344902992249, 1.688269853591919, -0.09503337740898132, 0.4563666582107544] [0.5476799607276917, -0.4050179719924927, 0.6749180555343628, 1.0677059888839722, 1.0415440797805786, 0.9975999593734741]
[0.17335663735866547, -0.09211123734712601, 0.06493806093931198, 1.6889917850494385, -0.09538670629262924, 0.45760640501976013] [0.5492140054702759, -0.4050179719924927, 0.6749180555343628, 1.0677059888839722, 1.0415440797805786, 0.9975999593734741]
[0.17335663735866547, -0.09211123734712601, 0.06493806093931198, 1.6889917850494385, -0.09538670629262924, 0.45760640501976013] [0.5492140054702759, -0.4034839868545532, 0.6749180555343628, 1.0677059888839722, 1.0415440797805786, 0.9975999593734741]
[0.1733267456293106, -0.0922807827591896, 0.06480221450328827, 1.6874536275863647, -0.09396049380302429, 0.4571796953678131] [0.5492140054702759, -0.4034839868545532, 0.6733840703964233, 1.0677059888839722, 1.0415440797805786, 0.9975999593734741]
[0.17331910133361816, -0.09202584624290466, 0.06480690091848373, 1.688175082206726, -0.09431441128253937, 0.4584202170372009] [0.5492140054702759, -0.4050179719924927, 0.6733840703964233, 1.0677059888839722, 1.0415440797805786, 0.9975999593734741]
[0.17328141629695892, -0.09194064140319824, 0.06467565894126892, 1.6873594522476196, -0.09324147552251816, 0.45923304557800293] [0.5492140054702759, -0.4034839868545532, 0.6733840703964233, 1.0677059888839722, 1.0415440797805786, 0.9975999593734741]
[0.17267467081546783, -0.08826106041669846, 0.06340163201093674, 1.6885344982147217, -0.08713530749082565, 0.48139265179634094] [0.5492140054702759, -0.38507598638534546, 0.656510055065155, 1.0692399740219116, 1.0415440797805786, 0.06360000371932983]
[0.1725960075855255, -0.08775444328784943, 0.06328029930591583, 1.6861087083816528, -0.08564355224370956, 0.4851382374763489] [0.5492140054702759, -0.38507598638534546, 0.6503740549087524, 1.0692399740219116, 1.0415440797805786, 0.06360000371932983]
[0.17247305810451508, -0.08750461041927338, 0.06288544088602066, 1.683692216873169, -0.08241505920886993, 0.48756739497184753] [0.5492140054702759, -0.38507598638534546, 0.648840069770813, 1.0692399740219116, 1.0415440797805786, 0.06360000371932983]
[0.17256033420562744, -0.0876164361834526, 0.0627826601266861, 1.683793067932129, -0.08149627596139908, 0.486334890127182] [0.5492140054702759, -0.38507598638534546, 0.648840069770813, 1.0677059888839722, 1.0415440797805786, 0.06360000371932983]
[0.1725606918334961, -0.08761385083198547, 0.06276395916938782, 1.6822590827941895, -0.08149627596139908, 0.486334890127182] [0.5492140054702759, -0.38507598638534546, 0.648840069770813, 1.0677059888839722, 1.0338740348815918, 0.06360000371932983]
[0.17273642122745514, -0.08782549202442169, 0.06246471032500267, 1.6747875213623047, -0.07965829968452454, 0.48387038707733154] [0.5492140054702759, -0.3866099715232849, 0.6503740549087524, 1.0600359439849854, 1.030806064605713, 0.06320000439882278]
[0.17336614429950714, -0.08972189575433731, 0.06154291331768036, 1.671030044555664, -0.07146431505680084, 0.46937432885169983] [0.5507479906082153, -0.39427995681762695, 0.6519080400466919, 1.0462299585342407, 1.030806064605713, 0.06320000439882278]
[0.17476579546928406, -0.09330108016729355, 0.060738082975149155, 1.673501968383789, -0.061790239065885544, 0.44060635566711426] [0.5507479906082153, -0.40808597207069397, 0.6595780849456787, 1.020151972770691, 1.0292720794677734, 0.06360000371932983]
[0.17580993473529816, -0.09749393910169601, 0.05973838269710541, 1.6686877012252808, -0.0495750829577446, 0.4115898907184601] [0.5507479906082153, -0.41728997230529785, 0.6626460552215576, 1.0109479427337646, 1.030806064605713, 0.06360000371932983]
[0.17607247829437256, -0.09845822304487228, 0.0595397986471653, 1.6667085886001587, -0.04724308103322983, 0.4045698344707489] [0.5507479906082153, -0.4188239574432373, 0.6626460552215576, 1.0094139575958252, 1.0292720794677734, 0.06360000371932983]
[0.17606914043426514, -0.09924612939357758, 0.05954185500741005, 1.6644904613494873, -0.04629932716488838, 0.4007519781589508] [0.5507479906082153, -0.4249599575996399, 0.6626460552215576, 1.0078799724578857, 1.030806064605713, 0.06360000371932983]
[0.1761130839586258, -0.10173237323760986, 0.059457629919052124, 1.6578686237335205, -0.04261699691414833, 0.38804522156715393] [0.5522819757461548, -0.44336795806884766, 0.6626460552215576, 1.0048120021820068, 1.0292720794677734, 0.06360000371932983]
[0.1764068603515625, -0.10472183674573898, 0.05900723114609718, 1.6529284715652466, -0.03545263409614563, 0.3703194558620453] [0.5507479906082153, -0.4541059732437134, 0.6641800403594971, 0.9940739870071411, 1.0292720794677734, 0.06360000371932983]
[0.1771153062582016, -0.10719327628612518, 0.058262165635824203, 1.6505049467086792, -0.027473442256450653, 0.35121214389801025] [0.5507479906082153, -0.46330997347831726, 0.6687820553779602, 0.9756659865379333, 1.0292720794677734, 0.06360000371932983]
[0.17774522304534912, -0.11131242662668228, 0.05823150649666786, 1.6462115049362183, -0.022397536784410477, 0.3241342306137085] [0.5492140054702759, -0.4801839590072632, 0.6718500852584839, 0.9649279713630676, 1.0292720794677734, 0.06360000371932983]
[0.17789116501808167, -0.1163196787238121, 0.0582064688205719, 1.6375727653503418, -0.016543855890631676, 0.2950209975242615] [0.5492140054702759, -0.506261944770813, 0.6795200705528259, 0.9526559710502625, 1.027738094329834, 0.06320000439882278]
[0.1779749095439911, -0.12254326790571213, 0.05797428637742996, 1.6234610080718994, -0.007875127717852592, 0.25813475251197815] [0.5492140054702759, -0.5354079604148865, 0.6810540556907654, 0.9403839707374573, 1.024670124053955, 0.06360000371932983]
[0.17777785658836365, -0.1274331510066986, 0.05782441049814224, 1.611208438873291, -0.0008664596825838089, 0.23022808134555817] [0.5476799607276917, -0.5553499460220337, 0.6841220855712891, 0.9265779852867126, 1.024670124053955, 0.06360000371932983]
[0.17788083851337433, -0.13264791667461395, 0.05773942917585373, 1.6018962860107422, 0.006042327266186476, 0.19706284999847412] [0.5476799607276917, -0.5660879611968994, 0.687190055847168, 0.9173740148544312, 1.0154660940170288, 0.06360000371932983]
[0.17825298011302948, -0.13343767821788788, 0.0573674701154232, 1.5931384563446045, 0.00788175966590643, 0.18867750465869904] [0.5461459755897522, -0.5660879611968994, 0.6933260560035706, 0.9081699848175049, 1.0016601085662842, 0.06360000371932983]
[0.1785862147808075, -0.13476476073265076, 0.05733979865908623, 1.5840880870819092, 0.008558154106140137, 0.17767734825611115] [0.5461459755897522, -0.5660879611968994, 0.7040640711784363, 0.885159969329834, 0.9955240488052368, 0.06320000439882278]
[0.17941614985466003, -0.13918976485729218, 0.05676893889904022, 1.5843156576156616, 0.01505788043141365, 0.1409243494272232] [0.5461459755897522, -0.5752919912338257, 0.7178700566291809, 0.8667519688606262, 0.9878540635108948, 0.06360000371932983]
[0.17893284559249878, -0.14431370794773102, 0.05709642171859741, 1.5703392028808594, 0.017552144825458527, 0.11021115630865097] [0.5446119904518127, -0.6059719920158386, 0.722472071647644, 0.8529459834098816, 0.9847860336303711, 0.06360000371932983]
[0.17793616652488708, -0.1513347029685974, 0.05696090683341026, 1.5551413297653198, 0.02722753770649433, 0.0688689574599266] [0.5461459755897522, -0.6289819478988647, 0.722472071647644, 0.8345379829406738, 0.9847860336303711, 0.06320000439882278]
[0.17743943631649017, -0.1558740735054016, 0.05702283978462219, 1.5479437112808228, 0.032485123723745346, 0.040007323026657104] [0.5461459755897522, -0.6473900079727173, 0.7270740270614624, 0.8191980123519897, 0.9847860336303711, 0.06360000371932983]
[0.17670774459838867, -0.16056349873542786, 0.056495629251003265, 1.540743112564087, 0.0412898026406765, 0.009755998849868774] [0.5461459755897522, -0.6642639636993408, 0.7301420569419861, 0.8069260120391846, 0.9817180633544922, 0.06320000439882278]
[0.1758003532886505, -0.16507278382778168, 0.05658092722296715, 1.5297212600708008, 0.04579896479845047, -0.01801339164376259] [0.5461459755897522, -0.6826719641685486, 0.7362780570983887, 0.7854499816894531, 0.9817180633544922, 0.06320000439882278]
[0.17475473880767822, -0.17128583788871765, 0.056541845202445984, 1.5231131315231323, 0.05254817381501198, -0.05996305122971535] [0.5446119904518127, -0.6995459794998169, 0.7424140572547913, 0.7670419812202454, 0.9801840782165527, 0.06360000371932983]
[0.1741565614938736, -0.1749664694070816, 0.056562867015600204, 1.518558144569397, 0.0565701462328434, -0.08557257801294327] [0.5446119904518127, -0.7118179798126221, 0.7485500574111938, 0.7440319657325745, 0.9801840782165527, 0.06360000371932983]
[0.17307421565055847, -0.18014571070671082, 0.05643671378493309, 1.516452670097351, 0.06306180357933044, -0.12163881957530975] [0.5446119904518127, -0.7240899801254272, 0.7577540874481201, 0.7271579504013062, 0.9801840782165527, 0.06360000371932983]
[0.17270813882350922, -0.18248969316482544, 0.05659342184662819, 1.520072340965271, 0.06376881897449493, -0.13943691551685333] [0.5446119904518127, -0.7256239652633667, 0.7654240727424622, 0.7164199948310852, 0.9786500930786133, 0.06320000439882278]
[0.17263148725032806, -0.18419209122657776, 0.05644521117210388, 1.5260400772094727, 0.06572111696004868, -0.15441443026065826] [0.5446119904518127, -0.7256239652633667, 0.7746280431747437, 0.7087500095367432, 0.9801840782165527, 0.06360000371932983]
[0.1725592017173767, -0.1855902522802353, 0.0564628429710865, 1.5322396755218506, 0.06623650342226028, -0.16671328246593475] [0.5446119904518127, -0.7256239652633667, 0.7884340286254883, 0.6857399940490723, 0.9801840782165527, 0.06360000371932983]
[0.17241641879081726, -0.1879299283027649, 0.056734900921583176, 1.54507315158844, 0.06522704660892487, -0.18728473782539368] [0.5446119904518127, -0.7240899801254272, 0.8022400736808777, 0.6826719641685486, 0.9801840782165527, 0.06320000439882278]
[0.1723613440990448, -0.1882314831018448, 0.05700438469648361, 1.5505696535110474, 0.06265382468700409, -0.18991000950336456] [0.5461459755897522, -0.7240899801254272, 0.8068420886993408, 0.6826719641685486, 0.9801840782165527, 0.06320000439882278]
[0.17247943580150604, -0.18797117471694946, 0.056932590901851654, 1.5513536930084229, 0.06280370056629181, -0.18855001032352448] [0.5461459755897522, -0.7240899801254272, 0.8068420886993408, 0.6826719641685486, 0.9801840782165527, 0.06360000371932983]
[0.17248894274234772, -0.18833699822425842, 0.05757107958197594, 1.5583041906356812, 0.05792982876300812, -0.19171182811260223] [0.5461459755897522, -0.7240899801254272, 0.819114089012146, 0.6826719641685486, 0.9801840782165527, 0.06360000371932983]
[0.1723606139421463, -0.18845976889133453, 0.05725442245602608, 1.560035228729248, 0.059321328997612, -0.192807137966156] [0.5476799607276917, -0.7225559949874878, 0.8206480741500854, 0.6826719641685486, 0.9801840782165527, 0.06320000439882278]
[0.17248104512691498, -0.18832328915596008, 0.057394105941057205, 1.563140630722046, 0.05785716697573662, -0.19251741468906403] [0.5476799607276917, -0.7225559949874878, 0.8221820592880249, 0.6842060089111328, 0.9817180633544922, 0.06360000371932983]
[0.17250101268291473, -0.18817861378192902, 0.057528574019670486, 1.5662822723388672, 0.0570126473903656, -0.19123466312885284] [0.5492140054702759, -0.7225559949874878, 0.8221820592880249, 0.6842060089111328, 0.9878540635108948, 0.06360000371932983]
[0.17250734567642212, -0.1881798505783081, 0.057641688734292984, 1.5754863023757935, 0.0570126473903656, -0.19123466312885284] [0.5492140054702759, -0.7225559949874878, 0.8237160444259644, 0.6857399940490723, 0.9924560785293579, 0.06320000439882278]
[0.17252548038959503, -0.18809711933135986, 0.05784470960497856, 1.5767161846160889, 0.05535748228430748, -0.19048824906349182] [0.5507479906082153, -0.7225559949874878, 0.8221820592880249, 0.6888079643249512, 0.9955240488052368, 0.06320000439882278]
[0.17251558601856232, -0.18766391277313232, 0.05794624611735344, 1.5827748775482178, 0.054326072335243225, -0.1866595596075058] [0.5522819757461548, -0.7210220098495483, 0.8221820592880249, 0.6903419494628906, 1.0154660940170288, 0.06360000371932983]
[0.17252372205257416, -0.18742023408412933, 0.05774516612291336, 1.5965721607208252, 0.05759046971797943, -0.18450868129730225] [0.5507479906082153, -0.7225559949874878, 0.8160460591316223, 0.6903419494628906, 1.0185340642929077, 0.06360000371932983]
[0.1726357489824295, -0.18691200017929077, 0.0572642907500267, 1.5942925214767456, 0.0610097236931324, -0.181017205119133] [0.5507479906082153, -0.7225559949874878, 0.8053080439567566, 0.70414799451828, 1.0185340642929077, 0.06360000371932983]
[0.17277593910694122, -0.18513919413089752, 0.05769659951329231, 1.5908681154251099, 0.056830860674381256, -0.1654290109872818] [0.5507479906082153, -0.7225559949874878, 0.8022400736808777, 0.7056819796562195, 1.0185340642929077, 0.06360000371932983]
[0.17278701066970825, -0.1849299520254135, 0.057682402431964874, 1.5898053646087646, 0.056840892881155014, -0.1635972112417221] [0.5507479906082153, -0.7210220098495483, 0.8007060289382935, 0.7087500095367432, 1.0200680494308472, 0.06360000371932983]
[0.17274616658687592, -0.18417656421661377, 0.0571526400744915, 1.584125280380249, 0.06009902060031891, -0.15703491866588593] [0.5507479906082153, -0.7210220098495483, 0.7807640433311462, 0.714885950088501, 1.0200680494308472, 0.06320000439882278]
[0.172922745347023, -0.18286797404289246, 0.05667808651924133, 1.5693018436431885, 0.06506042182445526, -0.14563067257404327] [0.5476799607276917, -0.7210220098495483, 0.7638900279998779, 0.7179539799690247, 1.0200680494308472, 0.06320000439882278]
[0.17296071350574493, -0.18175309896469116, 0.05598657950758934, 1.5574754476547241, 0.07067284733057022, -0.135910764336586] [0.5461459755897522, -0.7210220098495483, 0.7485500574111938, 0.7256239652633667, 1.0200680494308472, 0.06320000439882278]
[0.17303168773651123, -0.1803719848394394, 0.055885203182697296, 1.549353003501892, 0.0714850053191185, -0.12380017340183258] [0.5446119904518127, -0.7210220098495483, 0.7347440719604492, 0.7378959655761719, 1.0200680494308472, 0.06320000439882278]
[0.17301449179649353, -0.17877809703350067, 0.05547282099723816, 1.5401328802108765, 0.07412420958280563, -0.10982897877693176] [0.5446119904518127, -0.7210220098495483, 0.7240060567855835, 0.7517019510269165, 1.0200680494308472, 0.06320000439882278]
[0.1730039417743683, -0.17647971212863922, 0.05558614432811737, 1.532631754875183, 0.07231270521879196, -0.08963631093502045] [0.5446119904518127, -0.7210220098495483, 0.7148020267486572, 0.7670419812202454, 1.0216020345687866, 0.06320000439882278]
[0.17296768724918365, -0.17376738786697388, 0.056213535368442535, 1.5403982400894165, 0.06762038171291351, -0.06584178656339645] [0.5446119904518127, -0.7210220098495483, 0.6902580261230469, 0.8038579821586609, 1.0875641107559204, 0.1876000016927719]
[0.17261134088039398, -0.16946667432785034, 0.055599357932806015, 1.5889639854431152, 0.07749674469232559, -0.02811180055141449] [0.5461459755897522, -0.7210220098495483, 0.6611120700836182, 0.8207319974899292, 1.1151760816574097, 0.06480000168085098]
[0.17226460576057434, -0.1656154990196228, 0.05534125491976738, 1.5959525108337402, 0.0813276395201683, 0.005836858879774809] [0.5461459755897522, -0.7210220098495483, 0.6365680694580078, 0.8514119982719421, 1.1381860971450806, 0.06360000371932983]
[0.1717948466539383, -0.16258086264133453, 0.054925959557294846, 1.6029458045959473, 0.08495055884122849, 0.032700423151254654] [0.5461459755897522, -0.7210220098495483, 0.6196940541267395, 0.8759559988975525, 1.1443220376968384, 0.06320000439882278]
[0.17144951224327087, -0.16030055284500122, 0.05494478717446327, 1.5977405309677124, 0.0842212662100792, 0.0529179647564888] [0.5446119904518127, -0.7210220098495483, 0.6089560389518738, 0.8897619843482971, 1.1458560228347778, 0.06320000439882278]
[0.17098064720630646, -0.1577935665845871, 0.054555829614400864, 1.601311445236206, 0.08804033696651459, 0.0752745196223259] [0.5461459755897522, -0.7210220098495483, 0.5920820236206055, 0.9081699848175049, 1.175002098083496, 0.0544000044465065]
[0.1705460399389267, -0.1552051156759262, 0.054902877658605576, 1.6306238174438477, 0.08894442021846771, 0.09855271875858307] [0.5446119904518127, -0.7225559949874878, 0.5752080678939819, 0.9327139854431152, 1.2118180990219116, 0.06320000439882278]
[0.16984786093235016, -0.15209710597991943, 0.05488648638129234, 1.6476165056228638, 0.09092329442501068, 0.12662604451179504] [0.5446119904518127, -0.7210220098495483, 0.5583340525627136, 0.951121985912323, 1.2302260398864746, 0.06320000439882278]
[0.16893549263477325, -0.14858375489711761, 0.05472782254219055, 1.6667078733444214, 0.09438095986843109, 0.15864244103431702] [0.5446119904518127, -0.7210220098495483, 0.5414600372314453, 0.9818019866943359, 1.2624400854110718, 0.06760000437498093]
[0.16812513768672943, -0.14567674696445465, 0.05501136556267738, 1.683888554573059, 0.09372678399085999, 0.1853368580341339] [0.5446119904518127, -0.7210220098495483, 0.5307220220565796, 1.0063459873199463, 1.2731781005859375, 0.06200000271201134]
[0.16741488873958588, -0.14334999024868011, 0.05523112416267395, 1.6932307481765747, 0.09279107302427292, 0.206812784075737] [0.5446119904518127, -0.7210220098495483, 0.5199840664863586, 1.0262880325317383, 1.2885180711746216, 0.06200000271201134]
[0.1662534922361374, -0.13991352915763855, 0.055424485355615616, 1.7128599882125854, 0.09318918734788895, 0.23892460763454437] [0.5446119904518127, -0.7210220098495483, 0.5061780214309692, 1.055433988571167, 1.309994101524353, 0.06200000271201134]
[0.16530831158161163, -0.13731808960437775, 0.05574653670191765, 1.7228511571884155, 0.09141724556684494, 0.26332882046699524] [0.5446119904518127, -0.7210220098495483, 0.49390605092048645, 1.0830459594726562, 1.331470012664795, 0.06200000271201134]
[0.16405539214611053, -0.13434356451034546, 0.05571601167321205, 1.7385094165802002, 0.09255983680486679, 0.29172182083129883] [0.5461459755897522, -0.7210220098495483, 0.4831680655479431, 1.1045219898223877, 1.3391400575637817, 0.06200000271201134]
[0.16296173632144928, -0.13178780674934387, 0.05595134198665619, 1.7442939281463623, 0.09110099077224731, 0.3162171244621277] [0.5461459755897522, -0.7210220098495483, 0.47396403551101685, 1.1367360353469849, 1.3468101024627686, 0.06200000271201134]
[0.1617754101753235, -0.12916313111782074, 0.05639604479074478, 1.75095534324646, 0.08788954466581345, 0.3416202962398529] [0.5461459755897522, -0.7210220098495483, 0.46476006507873535, 1.1628140211105347, 1.3544800281524658, 0.06200000271201134]
[0.15984266996383667, -0.12505163252353668, 0.056772179901599884, 1.7558058500289917, 0.08372710645198822, 0.38091734051704407] [0.5476799607276917, -0.7194879651069641, 0.45402204990386963, 1.1980960369110107, 1.3544800281524658, 0.06200000271201134]
[0.15810780227184296, -0.12176433950662613, 0.05715780332684517, 1.7533860206604004, 0.08086990565061569, 0.41367995738983154] [0.5476799607276917, -0.7194879651069641, 0.44481804966926575, 1.222640037536621, 1.3544800281524658, 0.06200000271201134]
[0.15644758939743042, -0.11872927844524384, 0.05735918506979942, 1.754382610321045, 0.07783859968185425, 0.44343021512031555] [0.5461459755897522, -0.7118179798126221, 0.43254604935646057, 1.2533199787139893, 1.3544800281524658, 0.06200000271201134]
[0.15497846901416779, -0.11359574645757675, 0.05737534165382385, 1.7591341733932495, 0.07339755445718765, 0.4856579899787903] [0.5476799607276917, -0.696478009223938, 0.42487603425979614, 1.2732620239257812, 1.3544800281524658, 0.06200000271201134]
[0.15355262160301208, -0.10925889760255814, 0.05746619775891304, 1.76604163646698, 0.06753014028072357, 0.5214537978172302] [0.5461459755897522, -0.6888079643249512, 0.41567206382751465, 1.299340009689331, 1.3529460430145264, 0.06200000271201134]
[0.15179136395454407, -0.10680928826332092, 0.057704389095306396, 1.7626080513000488, 0.06589411199092865, 0.548092246055603] [0.5461459755897522, -0.6888079643249512, 0.4110700488090515, 1.3238840103149414, 1.3529460430145264, 0.06200000271201134]
[0.15032729506492615, -0.10499025136232376, 0.05791347846388817, 1.7635786533355713, 0.06333190947771072, 0.5682523846626282] [0.5461459755897522, -0.6872739791870117, 0.4034000635147095, 1.3438260555267334, 1.3529460430145264, 0.06200000271201134]
[0.14873985946178436, -0.10302545875310898, 0.05826474353671074, 1.763545274734497, 0.060237012803554535, 0.590370237827301] [0.5461459755897522, -0.6888079643249512, 0.39573004841804504, 1.3699040412902832, 1.3529460430145264, 0.06200000271201134]
[0.14613077044487, -0.09970051050186157, 0.05874210223555565, 1.7614015340805054, 0.056084875017404556, 0.6274700164794922] [0.5461459755897522, -0.6872739791870117, 0.38345804810523987, 1.395982027053833, 1.351412057876587, 0.06200000271201134]
[0.14442595839500427, -0.09783291816711426, 0.059087060391902924, 1.7615418434143066, 0.05306470766663551, 0.6496074795722961] [0.5461459755897522, -0.6872739791870117, 0.3788560628890991, 1.4220600128173828, 1.3498780727386475, 0.06200000271201134]
[0.1421627551317215, -0.09483470022678375, 0.059521839022636414, 1.7606343030929565, 0.04750242829322815, 0.6820119023323059] [0.5461459755897522, -0.6780699491500854, 0.3711860477924347, 1.4420020580291748, 1.348344087600708, 0.06200000271201134]
[0.1404007226228714, -0.09103269129991531, 0.05945393815636635, 1.7665044069290161, 0.04330388084053993, 0.7159454822540283] [0.5461459755897522, -0.6657979488372803, 0.36351603269577026, 1.4604099988937378, 1.348344087600708, 0.06200000271201134]
[0.13907474279403687, -0.08899148553609848, 0.059876564890146255, 1.769169569015503, 0.0377243272960186, 0.736549973487854] [0.5461459755897522, -0.6611959934234619, 0.36044806241989136, 1.469614028930664, 1.348344087600708, 0.06200000271201134]
[0.1387786865234375, -0.08872903138399124, 0.05984186753630638, 1.7676100730895996, 0.037864066660404205, 0.739976167678833] [0.5461459755897522, -0.6596620082855225, 0.3573800325393677, 1.472681999206543, 1.348344087600708, 0.06200000271201134]
[0.13832257688045502, -0.08671872317790985, 0.059750668704509735, 1.7736698389053345, 0.03505626320838928, 0.7546873092651367] [0.5461459755897522, -0.6427879929542542, 0.3573800325393677, 1.4757499694824219, 1.348344087600708, 0.06200000271201134]
[0.1379968672990799, -0.08321543037891388, 0.05980969965457916, 1.7815308570861816, 0.02790149487555027, 0.7771981358528137] [0.5461459755897522, -0.6136419773101807, 0.35277804732322693, 1.4742159843444824, 1.348344087600708, 0.06200000271201134]
[0.13737013936042786, -0.07886642217636108, 0.059532467275857925, 1.792015552520752, 0.02042626403272152, 0.8050236105918884] [0.5446119904518127, -0.579893946647644, 0.34971004724502563, 1.4742159843444824, 1.3468101024627686, 0.06200000271201134]
[0.13656963407993317, -0.0736924558877945, 0.05965046584606171, 1.8062984943389893, 0.009173420257866383, 0.8380106687545776] [0.5461459755897522, -0.5522819757461548, 0.34664204716682434, 1.4742159843444824, 1.348344087600708, 0.06200000271201134]
[0.13578858971595764, -0.0695471316576004, 0.059786826372146606, 1.8146722316741943, 0.0008892898913472891, 0.8650157451629639] [0.5446119904518127, -0.5231359601020813, 0.3420400619506836, 1.4742159843444824, 1.348344087600708, 0.06200000271201134]
[0.13490281999111176, -0.06605013459920883, 0.05949428677558899, 1.8235502243041992, -0.0038318121805787086, 0.8880633115768433] [0.5461459755897522, -0.49552398920059204, 0.33743804693222046, 1.4742159843444824, 1.3468101024627686, 0.06200000271201134]
[0.13416410982608795, -0.06281685084104538, 0.05973465368151665, 1.8248745203018188, -0.011415093205869198, 0.9090932607650757] [0.5446119904518127, -0.4740479588508606, 0.3328360319137573, 1.4742159843444824, 1.3406740427017212, 0.06200000271201134]
[0.13327409327030182, -0.060113392770290375, 0.059790145605802536, 1.8180266618728638, -0.01328448485583067, 0.9298519492149353] [0.5384759902954102, -0.4617759585380554, 0.322098046541214, 1.4757499694824219, 1.3345381021499634, 0.06200000271201134]
[0.1330844610929489, -0.05980802699923515, 0.05947194993495941, 1.815119743347168, -0.011207361705601215, 0.932574987411499] [0.5384759902954102, -0.4617759585380554, 0.3190300464630127, 1.4772839546203613, 1.3345381021499634, 0.06200000271201134]
[0.13239409029483795, -0.05926036834716797, 0.05921335518360138, 1.808802604675293, -0.006557533983141184, 0.9416141510009766] [0.5308059453964233, -0.4617759585380554, 0.3067580461502075, 1.4849539995193481, 1.3345381021499634, 0.06200000271201134]
[0.13120116293430328, -0.05860593542456627, 0.059706393629312515, 1.804020881652832, -0.00692388229072094, 0.9554300308227539] [0.5277379751205444, -0.4648439884185791, 0.2990880608558655, 1.5064300298690796, 1.333004117012024, 0.06200000271201134]
[0.12890107929706573, -0.057546306401491165, 0.060211047530174255, 1.8014277219772339, -0.01122626755386591, 0.9774025678634644] [0.526203989982605, -0.46637797355651855, 0.2929520606994629, 1.5294400453567505, 1.3268680572509766, 0.06200000271201134]
[0.12703797221183777, -0.05672628805041313, 0.0605611614882946, 1.7884581089019775, -0.014249343425035477, 0.9952954053878784] [0.526203989982605, -0.467911958694458, 0.2898840308189392, 1.5371099710464478, 1.3222661018371582, 0.06200000271201134]
[0.12700660526752472, -0.05843569338321686, 0.06054263189435005, 1.7826374769210815, -0.010548423044383526, 0.9875705242156982] [0.526203989982605, -0.49552398920059204, 0.2898840308189392, 1.5524499416351318, 1.3222661018371582, 0.06200000271201134]
[0.12721258401870728, -0.0606185607612133, 0.06041024625301361, 1.777469277381897, -0.004829430021345615, 0.9756705164909363] [0.526203989982605, -0.5001260042190552, 0.2898840308189392, 1.5555180311203003, 1.3176640272140503, 0.06200000271201134]
[0.12725575268268585, -0.06081341579556465, 0.06034454330801964, 1.7739689350128174, -0.004191730171442032, 0.9743460416793823] [0.526203989982605, -0.5047279596328735, 0.2898840308189392, 1.5555180311203003, 1.3145960569381714, 0.06200000271201134]
[0.1275508999824524, -0.0618048831820488, 0.060343287885189056, 1.7659292221069336, -0.0018818231765180826, 0.967721164226532] [0.5246700048446655, -0.5185339450836182, 0.2898840308189392, 1.5570520162582397, 1.3084601163864136, 0.06200000271201134]
[0.12829157710075378, -0.06480379402637482, 0.06006592512130737, 1.7519155740737915, 0.006650360766798258, 0.9477783441543579] [0.5231359601020813, -0.5400099754333496, 0.2898840308189392, 1.5631879568099976, 1.3023240566253662, 0.06200000271201134]
[0.12860248982906342, -0.06657115370035172, 0.059610724449157715, 1.741689682006836, 0.013614472933113575, 0.9364350438117981] [0.5231359601020813, -0.5507479906082153, 0.2898840308189392, 1.5647220611572266, 1.2961881160736084, 0.06240000203251839]
[0.12877734005451202, -0.06720715761184692, 0.0596042238175869, 1.7326836585998535, 0.014075924642384052, 0.9317759871482849] [0.5231359601020813, -0.5492140054702759, 0.28835004568099976, 1.5647220611572266, 1.29312002658844, 0.06200000271201134]
[0.12881553173065186, -0.06740767508745193, 0.059562064707279205, 1.7306920289993286, 0.014690757729113102, 0.9304405450820923] [0.5216019749641418, -0.5553499460220337, 0.28835004568099976, 1.566256046295166, 1.2915860414505005, 0.06200000271201134]
[0.12930870056152344, -0.06963575631380081, 0.059511858969926834, 1.7243881225585938, 0.020479019731283188, 0.9157059192657471] [0.5216019749641418, -0.5814279913902283, 0.2898840308189392, 1.5677900314331055, 1.2915860414505005, 0.06200000271201134]
[0.13013334572315216, -0.07411428540945053, 0.05925341323018074, 1.7112213373184204, 0.032690420746803284, 0.8861229419708252] [0.5185339450836182, -0.6121079921722412, 0.2898840308189392, 1.5677900314331055, 1.2915860414505005, 0.06200000271201134]
[0.13072676956653595, -0.07780120521783829, 0.059170130640268326, 1.702777624130249, 0.042214322835206985, 0.8617770075798035] [0.5169999599456787, -0.6397199630737305, 0.2898840308189392, 1.569324016571045, 1.2915860414505005, 0.06200000271201134]
[0.13122427463531494, -0.0815371721982956, 0.05906075984239578, 1.6922067403793335, 0.05108014866709709, 0.8367651700973511] [0.5185339450836182, -0.6657979488372803, 0.2898840308189392, 1.569324016571045, 1.2915860414505005, 0.06200000271201134]
[0.13156163692474365, -0.08500877767801285, 0.05891149118542671, 1.682303547859192, 0.060938701033592224, 0.8141451478004456] [0.5185339450836182, -0.696478009223938, 0.29141804575920105, 1.569324016571045, 1.2915860414505005, 0.06200000271201134]
[0.1319216638803482, -0.08838699012994766, 0.05911554768681526, 1.675397276878357, 0.06682437658309937, 0.7911065816879272] [0.5169999599456787, -0.7210220098495483, 0.2929520606994629, 1.569324016571045, 1.2915860414505005, 0.06200000271201134]
[0.13208289444446564, -0.09149304777383804, 0.05902387946844101, 1.6672983169555664, 0.07482945173978806, 0.7705305218696594] [0.5169999599456787, -0.7470999956130981, 0.29448604583740234, 1.569324016571045, 1.2915860414505005, 0.06200000271201134]
[0.132207989692688, -0.0969167947769165, 0.05890838801860809, 1.6538861989974976, 0.08800847083330154, 0.7342276573181152] [0.5185339450836182, -0.7839159965515137, 0.2960200309753418, 1.5708580017089844, 1.2915860414505005, 0.06200000271201134]
[0.13216717541217804, -0.10358312726020813, 0.05912598967552185, 1.6353716850280762, 0.1024593636393547, 0.6892980337142944] [0.5185339450836182, -0.8253339529037476, 0.2960200309753418, 1.5708580017089844, 1.2915860414505005, 0.06200000271201134]
[0.1319231241941452, -0.10834352672100067, 0.059265244752168655, 1.6216216087341309, 0.11336196959018707, 0.6571722030639648] [0.5185339450836182, -0.8728879690170288, 0.2960200309753418, 1.5708580017089844, 1.2915860414505005, 0.06200000271201134]
[0.13117288053035736, -0.11594396829605103, 0.05949902534484863, 1.5987651348114014, 0.13142086565494537, 0.6055630445480347] [0.5185339450836182, -0.9265779852867126, 0.2960200309753418, 1.5708580017089844, 1.2915860414505005, 0.06200000271201134]
[0.13054096698760986, -0.12109515070915222, 0.060053929686546326, 1.5827782154083252, 0.1404917687177658, 0.5696331262588501] [0.5185339450836182, -0.9695299863815308, 0.2960200309753418, 1.5708580017089844, 1.2915860414505005, 0.06200000271201134]
[0.12957297265529633, -0.12679237127304077, 0.06060628592967987, 1.564432144165039, 0.1516115814447403, 0.5296558737754822] [0.5200679898262024, -1.0002100467681885, 0.2960200309753418, 1.5677900314331055, 1.2915860414505005, 0.06200000271201134]
[0.12846533954143524, -0.13161024451255798, 0.06081265211105347, 1.549096941947937, 0.16338993608951569, 0.49569037556648254] [0.5200679898262024, -1.035491943359375, 0.29448604583740234, 1.5647220611572266, 1.2915860414505005, 0.06200000271201134]
[0.12721434235572815, -0.13658444583415985, 0.06133447214961052, 1.5319554805755615, 0.1736392378807068, 0.4599139392375946] [0.5216019749641418, -1.0891820192337036, 0.2898840308189392, 1.5631879568099976, 1.2915860414505005, 0.06200000271201134]
[0.12497864663600922, -0.14383578300476074, 0.062000300735235214, 1.5065981149673462, 0.18987813591957092, 0.4067901074886322] [0.5216019749641418, -1.1459399461746216, 0.2898840308189392, 1.5555180311203003, 1.2915860414505005, 0.06200000271201134]
[0.12337382137775421, -0.1486825942993164, 0.06292257457971573, 1.4885776042938232, 0.19711516797542572, 0.37007349729537964] [0.5216019749641418, -1.167415976524353, 0.2898840308189392, 1.5447800159454346, 1.2915860414505005, 0.06200000271201134]
[0.12278413027524948, -0.1503407210111618, 0.06284936517477036, 1.4830422401428223, 0.2024959921836853, 0.35731983184814453] [0.5231359601020813, -1.182755947113037, 0.2898840308189392, 1.5386439561843872, 1.2915860414505005, 0.06200000271201134]
[0.12207035720348358, -0.15345457196235657, 0.06305792182683945, 1.4727237224578857, 0.20844727754592896, 0.33204397559165955] [0.5246700048446655, -1.202697992324829, 0.2898840308189392, 1.5340420007705688, 1.2915860414505005, 0.06200000271201134]
[0.12095289677381516, -0.15701262652873993, 0.06388789415359497, 1.4578553438186646, 0.21155144274234772, 0.30346712470054626] [0.5246700048446655, -1.228775978088379, 0.28835004568099976, 1.5294400453567505, 1.290052056312561, 0.06200000271201134]
[0.12053348124027252, -0.15896230936050415, 0.06371261924505234, 1.4501808881759644, 0.2171049565076828, 0.2872157394886017] [0.526203989982605, -1.2379800081253052, 0.2868160605430603, 1.5248379707336426, 1.290052056312561, 0.06200000271201134]
[0.12012148648500443, -0.16125701367855072, 0.06379260122776031, 1.4439351558685303, 0.22151191532611847, 0.267768532037735] [0.526203989982605, -1.2471840381622314, 0.2868160605430603, 1.511031985282898, 1.2885180711746216, 0.06200000271201134]
[0.1203945130109787, -0.16294386982917786, 0.06363534927368164, 1.4381279945373535, 0.22376325726509094, 0.25234052538871765] [0.526203989982605, -1.248718023300171, 0.2868160605430603, 1.5033619403839111, 1.290052056312561, 0.06200000271201134]
[0.12058048695325851, -0.16394983232021332, 0.06355815380811691, 1.4371641874313354, 0.22508595883846283, 0.24306261539459229] [0.526203989982605, -1.2502520084381104, 0.2868160605430603, 1.4956920146942139, 1.2885180711746216, 0.06200000271201134]
[0.12071338295936584, -0.16531918942928314, 0.06347054243087769, 1.431999921798706, 0.22678017616271973, 0.23072098195552826] [0.526203989982605, -1.2563879489898682, 0.2868160605430603, 1.4849539995193481, 1.2885180711746216, 0.06200000271201134]
[0.12083447724580765, -0.16668975353240967, 0.06340684741735458, 1.4283474683761597, 0.22842274606227875, 0.2183670550584793] [0.526203989982605, -1.2563879489898682, 0.2868160605430603, 1.472681999206543, 1.2885180711746216, 0.06200000271201134]
[0.1211257129907608, -0.16768713295459747, 0.06324116140604019, 1.4262222051620483, 0.2296958714723587, 0.20900700986385345] [0.526203989982605, -1.2563879489898682, 0.2868160605430603, 1.472681999206543, 1.2869840860366821, 0.06200000271201134]
[0.12112210690975189, -0.1676906943321228, 0.0632229670882225, 1.4246882200241089, 0.2296958714723587, 0.20900700986385345] [0.526203989982605, -1.2563879489898682, 0.2868160605430603, 1.472681999206543, 1.2869840860366821, 0.06200000271201134]
[0.12117060273885727, -0.1677044928073883, 0.06339100003242493, 1.424789547920227, 0.22818371653556824, 0.20879174768924713] [0.5277379751205444, -1.2563879489898682, 0.28835004568099976, 1.472681999206543, 1.2885180711746216, 0.06200000271201134]
[0.121255062520504, -0.16752943396568298, 0.06331941485404968, 1.4259930849075317, 0.22801171243190765, 0.21015064418315887] [0.5277379751205444, -1.2548539638519287, 0.29141804575920105, 1.472681999206543, 1.2869840860366821, 0.06200000271201134]
[0.1213548481464386, -0.1675540804862976, 0.06367386132478714, 1.4277300834655762, 0.2249879390001297, 0.20971617102622986] [0.5277379751205444, -1.2548539638519287, 0.29141804575920105, 1.472681999206543, 1.2885180711746216, 0.06200000271201134]
[0.1213548481464386, -0.1675540804862976, 0.06367386132478714, 1.4277300834655762, 0.2249879390001297, 0.20971617102622986] [0.5277379751205444, -1.2548539638519287, 0.2929520606994629, 1.472681999206543, 1.2869840860366821, 0.06200000271201134]
[0.12139906734228134, -0.1675717979669571, 0.06382384896278381, 1.4262980222702026, 0.2234761118888855, 0.2094988226890564] [0.5277379751205444, -1.2548539638519287, 0.29448604583740234, 1.472681999206543, 1.2885180711746216, 0.06200000271201134]
[0.12139906734228134, -0.1675717979669571, 0.06382384896278381, 1.4262980222702026, 0.2234761118888855, 0.2094988226890564] [0.5277379751205444, -1.2548539638519287, 0.2960200309753418, 1.472681999206543, 1.2885180711746216, 0.06200000271201134]
[0.1214025616645813, -0.16756829619407654, 0.06384207308292389, 1.427832007408142, 0.2234761118888855, 0.2094988226890564] [0.5277379751205444, -1.2548539638519287, 0.2960200309753418, 1.472681999206543, 1.2885180711746216, 0.06200000271201134]
[0.12145005166530609, -0.16758257150650024, 0.06401034444570541, 1.427934169769287, 0.22196431457996368, 0.20928139984607697] [0.5292719602584839, -1.2548539638519287, 0.2960200309753418, 1.472681999206543, 1.2885180711746216, 0.06200000271201134]
