[0.18545863032341003, -0.08240173757076263, 0.05872731655836105, 1.5900026559829712, -0.10018882900476456, 0.36803218722343445] [0.561486005783081, -0.21173396706581116, 0.8543960452079773, 0.8728879690170288, 0.7178700566291809, 0.9975999593734741]
[0.18548035621643066, -0.08267543464899063, 0.05869593843817711, 1.5877044200897217, -0.0998961478471756, 0.36680883169174194] [0.561486005783081, -0.21173396706581116, 0.8543960452079773, 0.8713539838790894, 0.7178700566291809, 0.9975999593734741]
[0.1855228692293167, -0.08249720931053162, 0.05859566107392311, 1.5901012420654297, -0.09901420772075653, 0.3670406937599182] [0.561486005783081, -0.2101999670267105, 0.8543960452079773, 0.8713539838790894, 0.7178700566291809, 0.9975999593734741]
[0.18545863032341003, -0.08240173757076263, 0.05872731655836105, 1.5900026559829712, -0.10018882900476456, 0.36803218722343445] [0.561486005783081, -0.2101999670267105, 0.8543960452079773, 0.8713539838790894, 0.7178700566291809, 0.9975999593734741]
[0.1854790896177292, -0.08277208358049393, 0.058298565447330475, 1.589888095855713, -0.09728974103927612, 0.36576253175735474] [0.561486005783081, -0.21173396706581116, 0.8543960452079773, 0.8713539838790894, 0.7178700566291809, 0.9975999593734741]
[0.18575379252433777, -0.08344130218029022, 0.0580294094979763, 1.5965620279312134, -0.09532969444990158, 0.3591325283050537] [0.5630199909210205, -0.2101999670267105, 0.8605320453643799, 0.8682860136032104, 0.7194040417671204, 0.06400000303983688]
[0.18575379252433777, -0.08344130218029022, 0.0580294094979763, 1.5965620279312134, -0.09532969444990158, 0.3591325283050537] [0.5630199909210205, -0.21173396706581116, 0.8605320453643799, 0.8682860136032104, 0.7209380865097046, 0.06360000371932983]
[0.1857522875070572, -0.08344240486621857, 0.05804820358753204, 1.5980961322784424, -0.09532969444990158, 0.3591325283050537] [0.56455397605896, -0.21173396706581116, 0.8620660305023193, 0.8667519688606262, 0.7209380865097046, 0.06360000371932983]
[0.18570010364055634, -0.08353842049837112, 0.058091189712285995, 1.6007003784179688, -0.09656797349452972, 0.35825487971305847] [0.56455397605896, -0.21173396706581116, 0.865134060382843, 0.8652179837226868, 0.7209380865097046, 0.06360000371932983]
[0.18589012324810028, -0.08429213613271713, 0.05782116949558258, 1.6038882732391357, -0.0947079136967659, 0.3523026704788208] [0.5660879611968994, -0.2132679671049118, 0.8697360754013062, 0.8652179837226868, 0.7209380865097046, 0.06400000303983688]
[0.18599477410316467, -0.085489921271801, 0.057875245809555054, 1.6018625497817993, -0.0943235456943512, 0.34651151299476624] [0.5660879611968994, -0.22553996741771698, 0.8712700605392456, 0.8652179837226868, 0.7209380865097046, 0.06400000303983688]
[0.18626894056797028, -0.08853539824485779, 0.057847488671541214, 1.5963201522827148, -0.09189741313457489, 0.33150118589401245] [0.5676219463348389, -0.2362779676914215, 0.8774060606956482, 0.8606159687042236, 0.7209380865097046, 0.06400000303983688]
[0.1867479383945465, -0.08978006988763809, 0.05766420438885689, 1.601394772529602, -0.0894448533654213, 0.32086771726608276] [0.5660879611968994, -0.2362779676914215, 0.8835420608520508, 0.8529459834098816, 0.7209380865097046, 0.06400000303983688]
[0.18690039217472076, -0.09026385098695755, 0.05740109458565712, 1.6053102016448975, -0.0878237634897232, 0.3161771893501282] [0.5676219463348389, -0.2362779676914215, 0.8881440758705139, 0.8529459834098816, 0.7209380865097046, 0.06360000371932983]
[0.18719016015529633, -0.09139996021986008, 0.05727699398994446, 1.607256531715393, -0.08594445139169693, 0.3081146776676178] [0.5676219463348389, -0.2454819679260254, 0.8896780610084534, 0.8483439683914185, 0.7209380865097046, 0.06400000303983688]
[0.18727338314056396, -0.09343789517879486, 0.057340774685144424, 1.6028175354003906, -0.08494942635297775, 0.2986392676830292] [0.5676219463348389, -0.2562199831008911, 0.8942800760269165, 0.846809983253479, 0.7209380865097046, 0.06400000303983688]
[0.18743428587913513, -0.09733761101961136, 0.057373225688934326, 1.5947664976119995, -0.08218004554510117, 0.2799258828163147] [0.5676219463348389, -0.2776959538459778, 0.8973480463027954, 0.8452759981155396, 0.7209380865097046, 0.06400000303983688]
[0.18756015598773956, -0.10078059881925583, 0.05754229053854942, 1.5893442630767822, -0.08079355955123901, 0.2627759277820587] [0.5676219463348389, -0.2976379692554474, 0.9004160761833191, 0.8422079682350159, 0.7209380865097046, 0.06400000303983688]
[0.18763959407806396, -0.10636758804321289, 0.05775374546647072, 1.579425573348999, -0.07778298854827881, 0.2351410835981369] [0.5676219463348389, -0.32218196988105774, 0.9080860614776611, 0.8422079682350159, 0.7209380865097046, 0.06400000303983688]
[0.18751507997512817, -0.11118403822183609, 0.058290231972932816, 1.5708743333816528, -0.07786450535058975, 0.21198640763759613] [0.5676219463348389, -0.3528619706630707, 0.91115403175354, 0.839139997959137, 0.7209380865097046, 0.06400000303983688]
[0.18717814981937408, -0.11775519698858261, 0.05885854363441467, 1.557457685470581, -0.07622432708740234, 0.18045344948768616] [0.5676219463348389, -0.38814395666122437, 0.9188240766525269, 0.8376059532165527, 0.7209380865097046, 0.06400000303983688]
[0.18659642338752747, -0.12480215728282928, 0.05903879180550575, 1.5391931533813477, -0.07038328051567078, 0.14687879383563995] [0.5676219463348389, -0.4157559871673584, 0.9218920469284058, 0.8314700126647949, 0.7194040417671204, 0.06400000303983688]
[0.18639196455478668, -0.12943993508815765, 0.059002265334129333, 1.5333311557769775, -0.06535936146974564, 0.1211528480052948] [0.5676219463348389, -0.4418339729309082, 0.9280280470848083, 0.8191980123519897, 0.7194040417671204, 0.06360000371932983]
[0.18590395152568817, -0.13568980991840363, 0.058902557939291, 1.521911859512329, -0.058053575456142426, 0.08703220635652542] [0.5676219463348389, -0.4617759585380554, 0.9326300621032715, 0.8099939823150635, 0.7194040417671204, 0.06360000371932983]
[0.18550759553909302, -0.13999883830547333, 0.05861217528581619, 1.5131078958511353, -0.05116627737879753, 0.06295555830001831] [0.5676219463348389, -0.48631995916366577, 0.9341640472412109, 0.7977219820022583, 0.7178700566291809, 0.06400000303983688]
[0.18476752936840057, -0.1462336629629135, 0.05843637138605118, 1.4998223781585693, -0.04190952703356743, 0.028752010315656662] [0.5676219463348389, -0.5077959895133972, 0.9372320771217346, 0.7839159965515137, 0.7163360714912415, 0.06400000303983688]
[0.1841953843832016, -0.14996476471424103, 0.05811868607997894, 1.4936772584915161, -0.03606751933693886, 0.007294775918126106] [0.5676219463348389, -0.5246700048446655, 0.9403000473976135, 0.7762459516525269, 0.7148020267486572, 0.06400000303983688]
[0.18342441320419312, -0.15373192727565765, 0.05816667899489403, 1.483924150466919, -0.03180985525250435, -0.012287793681025505] [0.5676219463348389, -0.5461459755897522, 0.9418340921401978, 0.7716439962387085, 0.7163360714912415, 0.06400000303983688]
[0.18265222012996674, -0.15717637538909912, 0.05842888355255127, 1.476075291633606, -0.029592417180538177, -0.03030240163207054] [0.5660879611968994, -0.5568839907646179, 0.9433680772781372, 0.7639739513397217, 0.7148020267486572, 0.06400000303983688]
[0.18247531354427338, -0.1591028869152069, 0.0582907535135746, 1.4741498231887817, -0.025683140382170677, -0.042801354080438614] [0.5660879611968994, -0.5599519610404968, 0.9433680772781372, 0.7517019510269165, 0.7102000713348389, 0.06400000303983688]
[0.18241576850414276, -0.16122545301914215, 0.05708964541554451, 1.459692120552063, -0.015683123841881752, -0.059050314128398895] [0.5660879611968994, -0.56455397605896, 0.9510380625724792, 0.734827995300293, 0.6841220855712891, 0.06360000371932983]
[0.18246743083000183, -0.16318656504154205, 0.05693042650818825, 1.4422112703323364, -0.014744766056537628, -0.07490192353725433] [0.56455397605896, -0.56455397605896, 0.9633100628852844, 0.7271579504013062, 0.6626460552215576, 0.06400000303983688]
[0.1824944019317627, -0.1641581654548645, 0.05696681886911392, 1.4273477792739868, -0.016658775508403778, -0.08318272233009338] [0.56455397605896, -0.56455397605896, 0.9786500930786133, 0.7225559949874878, 0.6227620840072632, 0.06400000303983688]
[0.1825176179409027, -0.16548709571361542, 0.057152219116687775, 1.3987905979156494, -0.021341482177376747, -0.09431955963373184] [0.5660879611968994, -0.56455397605896, 0.9955240488052368, 0.7179539799690247, 0.5782760381698608, 0.1664000004529953]
[0.18245935440063477, -0.16714435815811157, 0.056920263916254044, 1.374468207359314, -0.022808415815234184, -0.10832849144935608] [0.5660879611968994, -0.56455397605896, 1.0062620639801025, 0.7102839946746826, 0.5706060528755188, 0.06520000100135803]
[0.18245695531368256, -0.1676725149154663, 0.05671238154172897, 1.375360131263733, -0.020885780453681946, -0.11296533793210983] [0.5660879611968994, -0.56455397605896, 1.0093300342559814, 0.7056819796562195, 0.5706060528755188, 0.06520000100135803]
[0.18245404958724976, -0.1679949164390564, 0.05655408650636673, 1.376583456993103, -0.019363967701792717, -0.11581028252840042] [0.5660879611968994, -0.56455397605896, 1.0093300342559814, 0.7026139497756958, 0.5706060528755188, 0.06560000032186508]
[0.18251554667949677, -0.16836273670196533, 0.05643855035305023, 1.3752880096435547, -0.01756664551794529, -0.11900021880865097] [0.56455397605896, -0.56455397605896, 1.010864019393921, 0.6995459794998169, 0.5690720677375793, 0.06560000032186508]
[0.18249109387397766, -0.16963905096054077, 0.05632185563445091, 1.3837134838104248, -0.015645254403352737, -0.13033634424209595] [0.56455397605896, -0.56455397605896, 1.0354080200195312, 0.6872739791870117, 0.5690720677375793, 0.06560000032186508]
[0.18241195380687714, -0.17193661630153656, 0.057343240827322006, 1.4078171253204346, -0.022058067843317986, -0.1508929431438446] [0.5660879611968994, -0.5630199909210205, 1.061486005783081, 0.6796039938926697, 0.5690720677375793, 0.06520000100135803]
[0.18226586282253265, -0.17343983054161072, 0.05769630894064903, 1.4249333143234253, -0.024251651018857956, -0.16434359550476074] [0.5660879611968994, -0.56455397605896, 1.0798940658569336, 0.6719340085983276, 0.5706060528755188, 0.06520000100135803]
[0.18226906657218933, -0.1746266931295395, 0.057915423065423965, 1.4392629861831665, -0.025140410289168358, -0.17604653537273407] [0.5676219463348389, -0.56455397605896, 1.0937000513076782, 0.6657979488372803, 0.5721400380134583, 0.06560000032186508]
[0.18217886984348297, -0.17583295702934265, 0.05793953314423561, 1.4507182836532593, -0.0241224467754364, -0.18678003549575806] [0.5660879611968994, -0.5630199909210205, 1.1075060367584229, 0.6535259485244751, 0.5752080678939819, 0.06520000100135803]
[0.18199501931667328, -0.17721688747406006, 0.05767068266868591, 1.4677734375, -0.020842835307121277, -0.1991291344165802] [0.5660879611968994, -0.5630199909210205, 1.119778037071228, 0.6458559632301331, 0.5798100233078003, 0.06520000100135803]
[0.18196259438991547, -0.17821793258190155, 0.05799392610788345, 1.4783620834350586, -0.021625660359859467, -0.2080395668745041] [0.5660879611968994, -0.5630199909210205, 1.1305160522460938, 0.638185977935791, 0.5982180833816528, 0.06520000100135803]
[0.18180429935455322, -0.17970320582389832, 0.05785727873444557, 1.5145403146743774, -0.01651856116950512, -0.22139061987400055] [0.5660879611968994, -0.5630199909210205, 1.1381860971450806, 0.6243799924850464, 0.6273640394210815, 0.06520000100135803]
[0.18165439367294312, -0.18099935352802277, 0.05703583359718323, 1.544478178024292, -0.00605551665648818, -0.23292852938175201] [0.5660879611968994, -0.5630199909210205, 1.1412540674209595, 0.6105740070343018, 0.6473060846328735, 0.06560000032186508]
[0.18161119520664215, -0.18184661865234375, 0.056475043296813965, 1.566328525543213, 0.002162377582862973, -0.2404349148273468] [0.56455397605896, -0.5630199909210205, 1.1412540674209595, 0.6029039621353149, 0.6641800403594971, 0.06560000032186508]
[0.18156719207763672, -0.18216556310653687, 0.056211940944194794, 1.5785892009735107, 0.005803815089166164, -0.24324893951416016] [0.56455397605896, -0.5630199909210205, 1.1412540674209595, 0.599835991859436, 0.6718500852584839, 0.06520000100135803]
[0.1815369427204132, -0.18237930536270142, 0.056049056351184845, 1.5877801179885864, 0.008231394924223423, -0.24512499570846558] [0.56455397605896, -0.5630199909210205, 1.1412540674209595, 0.599835991859436, 0.6764520406723022, 0.06560000032186508]
[0.18155239522457123, -0.18227356672286987, 0.05620603635907173, 1.589321255683899, 0.007017586380243301, -0.24418693780899048] [0.56455397605896, -0.5630199909210205, 1.1412540674209595, 0.5983020067214966, 0.6810540556907654, 0.06520000100135803]
[0.1829531490802765, -0.1685577630996704, 0.05103060603141785, 1.7033195495605469, 0.059538789093494415, -0.13065500557422638] [0.5676219463348389, -0.5522819757461548, 0.9433680772781372, 0.638185977935791, 0.9449020624160767, 0.06400000303983688]
[0.18297335505485535, -0.1676190346479416, 0.05107193812727928, 1.7040773630142212, 0.059256166219711304, -0.12242402136325836] [0.5676219463348389, -0.5507479906082153, 0.9249600768089294, 0.6489239931106567, 0.9709800481796265, 0.06400000303983688]
[0.1831531822681427, -0.16510508954524994, 0.050786979496479034, 1.717530369758606, 0.06222223863005638, -0.10241486132144928] [0.5676219463348389, -0.5492140054702759, 0.9019500613212585, 0.6611959934234619, 0.9863200783729553, 0.06400000303983688]
[0.1832513064146042, -0.16269904375076294, 0.05098806321620941, 1.7122727632522583, 0.06175224483013153, -0.08143355697393417] [0.56455397605896, -0.5492140054702759, 0.8758720755577087, 0.6826719641685486, 1.004728078842163, 0.06400000303983688]
[0.1829930692911148, -0.15872661769390106, 0.051205623894929886, 1.7111412286758423, 0.06020472198724747, -0.04554351046681404] [0.56455397605896, -0.5507479906082153, 0.8359880447387695, 0.7072159647941589, 1.0400100946426392, 0.06880000233650208]
[0.1821458786725998, -0.15247957408428192, 0.05048571527004242, 1.727691888809204, 0.07071427255868912, 0.012934286147356033] [0.5630199909210205, -0.561486005783081, 0.7102000713348389, 0.7854499816894531, 1.1857401132583618, 0.21279999613761902]
[0.17969731986522675, -0.14139921963214874, 0.04857024550437927, 1.7813899517059326, 0.10088785737752914, 0.11934970319271088] [0.5492140054702759, -0.56455397605896, 0.590548038482666, 0.8452759981155396, 1.2839161157608032, 0.2947999835014343]
[0.17767803370952606, -0.1331135481595993, 0.04644479975104332, 1.7865946292877197, 0.12436982244253159, 0.19401629269123077] [0.5461459755897522, -0.561486005783081, 0.5598680377006531, 0.8682860136032104, 1.2885180711746216, 0.06680000573396683]
[0.17747829854488373, -0.1310885101556778, 0.04793526232242584, 1.7878942489624023, 0.11366810649633408, 0.21135391294956207] [0.5415439605712891, -0.5630199909210205, 0.5552660226821899, 0.8805580139160156, 1.2885180711746216, 0.06680000573396683]
[0.1772671937942505, -0.13047604262828827, 0.04874330759048462, 1.7876861095428467, 0.1079312413930893, 0.21804803609848022] [0.5430779457092285, -0.561486005783081, 0.5552660226821899, 0.8866939544677734, 1.2869840860366821, 0.06640000641345978]
[0.1769087314605713, -0.1291956752538681, 0.04869799688458443, 1.7878597974777222, 0.10693251341581345, 0.22875414788722992] [0.5415439605712891, -0.561486005783081, 0.552198052406311, 0.9035679697990417, 1.2885180711746216, 0.06640000641345978]
[0.17626407742500305, -0.12724705040454865, 0.04930714890360832, 1.7853362560272217, 0.10129258781671524, 0.24674153327941895] [0.5430779457092285, -0.5599519610404968, 0.5414600372314453, 0.9357819557189941, 1.2869840860366821, 0.06640000641345978]
[0.1749674528837204, -0.12378290295600891, 0.049819596111774445, 1.7817572355270386, 0.0963958352804184, 0.27913063764572144] [0.5430779457092285, -0.5599519610404968, 0.5245860815048218, 0.9633939862251282, 1.2885180711746216, 0.06640000641345978]
[0.1732083261013031, -0.11924233287572861, 0.050397392362356186, 1.7766088247299194, 0.09027928113937378, 0.3210276961326599] [0.5430779457092285, -0.5599519610404968, 0.5092460513114929, 1.001744031906128, 1.2885180711746216, 0.06640000641345978]
[0.17179782688617706, -0.11619880795478821, 0.05078040808439255, 1.7724894285202026, 0.08646803349256516, 0.3503567576408386] [0.5430779457092285, -0.5599519610404968, 0.4985080361366272, 1.0278220176696777, 1.2885180711746216, 0.06640000641345978]
[0.1698196679353714, -0.11231163889169693, 0.051098376512527466, 1.765401840209961, 0.0829155445098877, 0.3884393274784088] [0.5430779457092285, -0.5599519610404968, 0.47856605052948, 1.0631040334701538, 1.2869840860366821, 0.06640000641345978]
[0.16768574714660645, -0.10849334299564362, 0.05138615891337395, 1.7602483034133911, 0.07983352988958359, 0.4266681373119354] [0.5430779457092285, -0.5599519610404968, 0.4662940502166748, 1.0922499895095825, 1.2885180711746216, 0.06640000641345978]
[0.16593796014785767, -0.10559366643428802, 0.051687564700841904, 1.7584351301193237, 0.07698622345924377, 0.4563020169734955] [0.5430779457092285, -0.5599519610404968, 0.45402204990386963, 1.132133960723877, 1.2869840860366821, 0.06640000641345978]
[0.16388902068138123, -0.10239806026220322, 0.052315693348646164, 1.7546836137771606, 0.07105621695518494, 0.48949944972991943] [0.5430779457092285, -0.5599519610404968, 0.4432840347290039, 1.1612800359725952, 1.2869840860366821, 0.06640000641345978]
[0.16111361980438232, -0.09833342581987381, 0.053212720900774, 1.7506908178329468, 0.0636715441942215, 0.5328624248504639] [0.5430779457092285, -0.5584179759025574, 0.4279440641403198, 1.1919599771499634, 1.2869840860366821, 0.06640000641345978]
[0.15918175876140594, -0.09530452638864517, 0.053497567772865295, 1.7497860193252563, 0.060116756707429886, 0.5634145140647888] [0.5415439605712891, -0.5553499460220337, 0.41874003410339355, 1.2211060523986816, 1.2869840860366821, 0.06680000573396683]
[0.1565668135881424, -0.09186647832393646, 0.0538584366440773, 1.7478138208389282, 0.056256793439388275, 0.6008203625679016] [0.5430779457092285, -0.5553499460220337, 0.4080020487308502, 1.245650053024292, 1.2869840860366821, 0.06680000573396683]
[0.15494652092456818, -0.0902138277888298, 0.054334934800863266, 1.7464097738265991, 0.05238890275359154, 0.6213298439979553] [0.5430779457092285, -0.5553499460220337, 0.39879804849624634, 1.2732620239257812, 1.2869840860366821, 0.06640000641345978]
[0.15273338556289673, -0.08718925714492798, 0.054506830871105194, 1.746373176574707, 0.048510316759347916, 0.6527210474014282] [0.5430779457092285, -0.5507479906082153, 0.38959404826164246, 1.2932039499282837, 1.2854501008987427, 0.06640000641345978]
[0.15126724541187286, -0.08538587391376495, 0.054679520428180695, 1.7444502115249634, 0.04725692421197891, 0.6730918288230896] [0.5415439605712891, -0.5492140054702759, 0.3803900480270386, 1.319282054901123, 1.2854501008987427, 0.06640000641345978]
[0.14925110340118408, -0.08316059410572052, 0.05529765784740448, 1.7430644035339355, 0.04120120406150818, 0.6990905404090881] [0.5415439605712891, -0.5476799607276917, 0.374254047870636, 1.3422919511795044, 1.2777800559997559, 0.06640000641345978]
[0.14716704189777374, -0.0799577534198761, 0.05545905604958534, 1.7392916679382324, 0.03657400235533714, 0.7303534150123596] [0.5415439605712891, -0.5354079604148865, 0.36658406257629395, 1.3622339963912964, 1.2762460708618164, 0.06680000573396683]
[0.14429013431072235, -0.07623456418514252, 0.05577397346496582, 1.7397631406784058, 0.03108123503625393, 0.7698175311088562] [0.5400099754333496, -0.5292719602584839, 0.35277804732322693, 1.395982027053833, 1.2701101303100586, 0.06640000641345978]
[0.14169703423976898, -0.07388114184141159, 0.05662379786372185, 1.731002926826477, 0.023174123838543892, 0.8005779981613159] [0.5400099754333496, -0.5292719602584839, 0.34664204716682434, 1.418992042541504, 1.2685760259628296, 0.06680000573396683]
[0.13983070850372314, -0.07245004922151566, 0.057011719793081284, 1.7305017709732056, 0.01970922201871872, 0.8211360573768616] [0.5400099754333496, -0.5292719602584839, 0.34050604701042175, 1.4358659982681274, 1.2685760259628296, 0.06640000641345978]
[0.1384405642747879, -0.07142428308725357, 0.05706687644124031, 1.7284201383590698, 0.019001707434654236, 0.8362070322036743] [0.5400099754333496, -0.5308059453964233, 0.335904061794281, 1.4481379985809326, 1.2670420408248901, 0.06680000573396683]
[0.13697484135627747, -0.07037720084190369, 0.05739330127835274, 1.7296690940856934, 0.01626468636095524, 0.8519793152809143] [0.5400099754333496, -0.5292719602584839, 0.3282340466976166, 1.4711480140686035, 1.2670420408248901, 0.06680000573396683]
[0.13516226410865784, -0.06913064420223236, 0.05767982080578804, 1.7277734279632568, 0.013542463071644306, 0.8711822628974915] [0.5415439605712891, -0.526203989982605, 0.32363206148147583, 1.4818860292434692, 1.2670420408248901, 0.06640000641345978]
[0.1309625506401062, -0.08265268057584763, 0.05767716094851494, 1.7049453258514404, 0.055538006126880646, 0.8272610902786255] [0.5384759902954102, -0.676535964012146, 0.3036900460720062, 1.5601199865341187, 1.29312002658844, 0.06640000641345978]
[0.13137702643871307, -0.08602423965930939, 0.057862117886543274, 1.699381947517395, 0.06189301237463951, 0.8044566512107849] [0.5384759902954102, -0.6995459794998169, 0.3098260462284088, 1.5601199865341187, 1.2961881160736084, 0.06640000641345978]
[0.13176804780960083, -0.0892314538359642, 0.05827664956450462, 1.695695400238037, 0.06606997549533844, 0.7823680639266968] [0.5384759902954102, -0.7256239652633667, 0.31136006116867065, 1.5601199865341187, 1.3023240566253662, 0.06640000641345978]
[0.1319998800754547, -0.09298735857009888, 0.05841466039419174, 1.6916381120681763, 0.07450922578573227, 0.7573586106300354] [0.5369420051574707, -0.7547699809074402, 0.3128940463066101, 1.5601199865341187, 1.3084601163864136, 0.06680000573396683]
[0.13214869797229767, -0.09901779890060425, 0.05864274874329567, 1.6838921308517456, 0.08842141926288605, 0.7172175645828247] [0.5384759902954102, -0.7915859818458557, 0.31442803144454956, 1.5585860013961792, 1.3161300420761108, 0.06640000641345978]
[0.13201870024204254, -0.10459305346012115, 0.05876096710562706, 1.6706233024597168, 0.10208261758089066, 0.680105447769165] [0.5384759902954102, -0.8560140132904053, 0.31442803144454956, 1.5585860013961792, 1.3191981315612793, 0.06640000641345978]
[0.13158705830574036, -0.11138953268527985, 0.059039097279310226, 1.6514817476272583, 0.11794204264879227, 0.63437420129776] [0.5384759902954102, -0.8912959694862366, 0.31442803144454956, 1.5585860013961792, 1.3191981315612793, 0.06640000641345978]
[0.13099011778831482, -0.11712939292192459, 0.059415996074676514, 1.6348836421966553, 0.1306469589471817, 0.5952507853507996] [0.5384759902954102, -0.9296460151672363, 0.3159620463848114, 1.5555180311203003, 1.3191981315612793, 0.06640000641345978]
[0.13016439974308014, -0.12326821684837341, 0.060104575008153915, 1.6148570775985718, 0.14199703931808472, 0.5525567531585693] [0.5384759902954102, -0.9771999716758728, 0.3159620463848114, 1.546314001083374, 1.3191981315612793, 0.06640000641345978]
[0.12920917570590973, -0.12851957976818085, 0.06067517772316933, 1.5970607995986938, 0.1524096429347992, 0.5157051682472229] [0.5384759902954102, -1.017084002494812, 0.3159620463848114, 1.5371099710464478, 1.3191981315612793, 0.06640000641345978]
[0.12892678380012512, -0.13441286981105804, 0.06065038964152336, 1.5795179605484009, 0.16595734655857086, 0.46966245770454407] [0.5400099754333496, -1.0539000034332275, 0.3159620463848114, 1.5294400453567505, 1.3191981315612793, 0.06640000641345978]
[0.12739494442939758, -0.1407400667667389, 0.061572711914777756, 1.5568825006484985, 0.17689508199691772, 0.42354661226272583] [0.5400099754333496, -1.0968519449234009, 0.31442803144454956, 1.5279059410095215, 1.3191981315612793, 0.06640000641345978]
[0.12651938199996948, -0.14472225308418274, 0.06191336736083031, 1.54281485080719, 0.18507744371891022, 0.3932807147502899] [0.5400099754333496, -1.1213959455490112, 0.3128940463066101, 1.5248379707336426, 1.3191981315612793, 0.06640000641345978]
[0.12565405666828156, -0.14705322682857513, 0.0619882270693779, 1.5329184532165527, 0.19155177474021912, 0.37627464532852173] [0.5415439605712891, -1.1444059610366821, 0.3128940463066101, 1.5233039855957031, 1.3191981315612793, 0.06640000641345978]
[0.12493784725666046, -0.15024198591709137, 0.06245003268122673, 1.5230247974395752, 0.1964477151632309, 0.3512513041496277] [0.5415439605712891, -1.1612800359725952, 0.3128940463066101, 1.5171680450439453, 1.3176640272140503, 0.06640000641345978]
[0.12451609969139099, -0.1526160091161728, 0.06247054785490036, 1.5139535665512085, 0.20149976015090942, 0.33204129338264465] [0.5430779457092285, -1.172018051147461, 0.3128940463066101, 1.507964015007019, 1.3161300420761108, 0.06640000641345978]
[0.12438572943210602, -0.1549258828163147, 0.06252471357584, 1.5036497116088867, 0.20501981675624847, 0.3125399053096771] [0.5430779457092285, -1.1812219619750977, 0.3128940463066101, 1.4987599849700928, 1.313062071800232, 0.06640000641345978]
[0.12474352866411209, -0.15624161064624786, 0.062302906066179276, 1.4991374015808105, 0.20726124942302704, 0.30029070377349854] [0.5430779457092285, -1.1812219619750977, 0.3128940463066101, 1.4895559549331665, 1.3115280866622925, 0.06640000641345978]
[0.12497933208942413, -0.15705245733261108, 0.061879828572273254, 1.4933971166610718, 0.2101430594921112, 0.29267996549606323] [0.5430779457092285, -1.1812219619750977, 0.31442803144454956, 1.4803520441055298, 1.3007900714874268, 0.06640000641345978]
[0.12548097968101501, -0.1582159698009491, 0.06188457831740379, 1.4815807342529297, 0.2091304510831833, 0.28150850534439087] [0.5430779457092285, -1.1812219619750977, 0.31442803144454956, 1.4619439840316772, 1.294654130935669, 0.06640000641345978]
[0.12601734697818756, -0.1602044552564621, 0.06149992719292641, 1.4726464748382568, 0.21236728131771088, 0.2630554139614105] [0.5430779457092285, -1.182755947113037, 0.31442803144454956, 1.449671983718872, 1.294654130935669, 0.06640000641345978]
[0.12650685012340546, -0.16167370975017548, 0.061195872724056244, 1.4696985483169556, 0.2147916853427887, 0.2491479516029358] [0.5430779457092285, -1.182755947113037, 0.31442803144454956, 1.4389339685440063, 1.294654130935669, 0.06640000641345978]
[0.12697631120681763, -0.163150355219841, 0.06089606136083603, 1.4667149782180786, 0.21717579662799835, 0.23522590100765228] [0.5430779457092285, -1.182755947113037, 0.31442803144454956, 1.4220600128173828, 1.294654130935669, 0.06640000641345978]
[0.12748262286186218, -0.16532902419567108, 0.06055629625916481, 1.4618884325027466, 0.22046081721782684, 0.215153768658638] [0.5430779457092285, -1.1842899322509766, 0.31442803144454956, 1.3975160121917725, 1.294654130935669, 0.06640000641345978]
[0.12817716598510742, -0.16714078187942505, 0.06028501316905022, 1.4588006734848022, 0.22184248268604279, 0.1977766901254654] [0.5430779457092285, -1.1842899322509766, 0.3159620463848114, 1.3944480419158936, 1.294654130935669, 0.06640000641345978]
[0.12797734141349792, -0.16732192039489746, 0.05997619777917862, 1.4580975770950317, 0.22499233484268188, 0.19660800695419312] [0.5430779457092285, -1.182755947113037, 0.3159620463848114, 1.3944480419158936, 1.294654130935669, 0.06640000641345978]
[0.12811608612537384, -0.16714078187942505, 0.06008842960000038, 1.4591097831726074, 0.22334662079811096, 0.19784492254257202] [0.5446119904518127, -1.182755947113037, 0.31749606132507324, 1.3944480419158936, 1.294654130935669, 0.06640000641345978]
[0.12817716598510742, -0.16714078187942505, 0.06028501316905022, 1.4588006734848022, 0.22184248268604279, 0.1977766901254654] [0.5446119904518127, -1.182755947113037, 0.3159620463848114, 1.3944480419158936, 1.294654130935669, 0.06640000641345978]
[0.12811608612537384, -0.16714078187942505, 0.06008842960000038, 1.4591097831726074, 0.22334662079811096, 0.19784492254257202] [0.5446119904518127, -1.182755947113037, 0.31749606132507324, 1.3944480419158936, 1.294654130935669, 0.06640000641345978]
[0.12816376984119415, -0.1671595424413681, 0.060255736112594604, 1.4593229293823242, 0.22185680270195007, 0.19759126007556915] [0.5446119904518127, -1.1812219619750977, 0.31749606132507324, 1.395982027053833, 1.294654130935669, 0.06640000641345978]
[0.12816376984119415, -0.1671595424413681, 0.060255736112594604, 1.4593229293823242, 0.22185680270195007, 0.19759126007556915] [0.5446119904518127, -1.182755947113037, 0.31749606132507324, 1.3944480419158936, 1.294654130935669, 0.06680000573396683]
[0.12811866402626038, -0.16699311137199402, 0.06028765067458153, 1.4596641063690186, 0.2216050773859024, 0.1991424411535263] [0.5446119904518127, -1.182755947113037, 0.31749606132507324, 1.3944480419158936, 1.294654130935669, 0.06640000641345978]
[0.12819316983222961, -0.1669597327709198, 0.06000416353344917, 1.460432767868042, 0.2232038676738739, 0.19914767146110535] [0.5446119904518127, -1.1812219619750977, 0.31749606132507324, 1.395982027053833, 1.294654130935669, 0.06640000641345978]
[0.1281052976846695, -0.16701197624206543, 0.060258474200963974, 1.4601857662200928, 0.22161874175071716, 0.19895604252815247] [0.5461459755897522, -1.1812219619750977, 0.3190300464630127, 1.395982027053833, 1.294654130935669, 0.06640000641345978]
[0.1281956285238266, -0.16681231558322906, 0.060203567147254944, 1.4609862565994263, 0.22146068513393402, 0.20044277608394623] [0.5461459755897522, -1.1812219619750977, 0.3190300464630127, 1.395982027053833, 1.294654130935669, 0.06640000641345978]
[0.1281479001045227, -0.16679337620735168, 0.060036271810531616, 1.4607759714126587, 0.22295044362545013, 0.20069903135299683] [0.5461459755897522, -1.182755947113037, 0.3190300464630127, 1.395982027053833, 1.294654130935669, 0.06680000573396683]
[0.1281956285238266, -0.16681231558322906, 0.060203567147254944, 1.4609862565994263, 0.22146068513393402, 0.20044277608394623] [0.5461459755897522, -1.1812219619750977, 0.3190300464630127, 1.395982027053833, 1.294654130935669, 0.06640000641345978]
[0.12825651466846466, -0.16681231558322906, 0.06040026247501373, 1.4606733322143555, 0.21995742619037628, 0.2003742754459381] [0.5461459755897522, -1.1812219619750977, 0.31749606132507324, 1.395982027053833, 1.294654130935669, 0.06640000641345978]
[0.128057599067688, -0.16699311137199402, 0.06009116768836975, 1.459975242614746, 0.22310872375965118, 0.19921107590198517] [0.5461459755897522, -1.1812219619750977, 0.3190300464630127, 1.395982027053833, 1.294654130935669, 0.06640000641345978]
[0.1281956285238266, -0.16681231558322906, 0.060203567147254944, 1.4609862565994263, 0.22146068513393402, 0.20044277608394623] [0.5446119904518127, -1.1812219619750977, 0.3190300464630127, 1.395982027053833, 1.294654130935669, 0.06680000573396683]
[0.1281956285238266, -0.16681231558322906, 0.060203567147254944, 1.4609862565994263, 0.22146068513393402, 0.20044277608394623] [0.5461459755897522, -1.182755947113037, 0.3190300464630127, 1.395982027053833, 1.294654130935669, 0.06640000641345978]
[0.1281956285238266, -0.16681231558322906, 0.060203567147254944, 1.4609862565994263, 0.22146068513393402, 0.20044277608394623] [0.5461459755897522, -1.1812219619750977, 0.3190300464630127, 1.395982027053833, 1.294654130935669, 0.06640000641345978]
[0.12825651466846466, -0.16681231558322906, 0.06040026247501373, 1.4606733322143555, 0.21995742619037628, 0.2003742754459381] [0.5461459755897522, -1.182755947113037, 0.31749606132507324, 1.395982027053833, 1.294654130935669, 0.06640000641345978]
