[0.19615651667118073, -0.05765511095523834, 0.030706532299518585, 2.5640556812286377, 0.26743417978286743, 0.36869943141937256] [0.4847859740257263, 0.07972604036331177, 0.5951500535011292, 0.3344539701938629, 1.862234115600586, 0.9975999593734741]
[0.19643595814704895, -0.05965118855237961, 0.030526354908943176, 2.5568220615386963, 0.2689288556575775, 0.35979148745536804] [0.4801839590072632, 0.0643860399723053, 0.5920820236206055, 0.33598798513412476, 1.859166145324707, 0.035600002855062485]
[0.1975921243429184, -0.06164717674255371, 0.03443889319896698, 2.544405221939087, 0.24682460725307465, 0.35521891713142395] [0.4648439884185791, 0.05364803969860077, 0.590548038482666, 0.3528619706630707, 1.857632040977478, 0.035600002855062485]
[0.19872021675109863, -0.06196310371160507, 0.03775802627205849, 2.537731885910034, 0.23123103380203247, 0.3522639572620392] [0.4479699730873108, 0.05211403965950012, 0.5890140533447266, 0.3528619706630707, 1.857632040977478, 0.035600002855062485]
[0.1998794674873352, -0.06139441579580307, 0.04229216277599335, 2.5312647819519043, 0.20885445177555084, 0.35450953245162964] [0.4157559871673584, 0.05211403965950012, 0.5874800682067871, 0.355929970741272, 1.857632040977478, 0.035600002855062485]
[0.20292924344539642, -0.06166297197341919, 0.05395760387182236, 2.508882999420166, 0.15475261211395264, 0.3496452867984772] [0.36206597089767456, 0.05211403965950012, 0.5874800682067871, 0.3543959856033325, 1.857632040977478, 0.035600002855062485]
[0.2051076591014862, -0.06166297197341919, 0.06491398066282272, 2.4903981685638428, 0.10428778827190399, 0.34725698828697205] [0.28383195400238037, 0.05211403965950012, 0.5874800682067871, 0.355929970741272, 1.857632040977478, 0.035600002855062485]
[0.20806948840618134, -0.06166297197341919, 0.09730459004640579, 2.4372920989990234, -0.04291868954896927, 0.3456228971481323] [0.11048995703458786, 0.050580039620399475, 0.5874800682067871, 0.355929970741272, 1.857632040977478, 0.035600002855062485]
[0.2047702670097351, -0.06171008199453354, 0.13706952333450317, 2.372539520263672, -0.22356393933296204, 0.35416293144226074] [-0.07359004020690918, 0.05211403965950012, 0.5890140533447266, 0.355929970741272, 1.857632040977478, 0.035600002855062485]
[0.19907501339912415, -0.06166297197341919, 0.16057489812374115, 2.3283185958862305, -0.3322226107120514, 0.3661775588989258] [-0.2116500437259674, 0.05211403965950012, 0.5874800682067871, 0.355929970741272, 1.857632040977478, 0.035600002855062485]
[0.19108109176158905, -0.061536502093076706, 0.18221114575862885, 2.284146547317505, -0.43572136759757996, 0.3840107321739197] [-0.2837480306625366, 0.05364803969860077, 0.5859460830688477, 0.35899797081947327, 1.857632040977478, 0.035600002855062485]
[0.1850476711988449, -0.06123646721243858, 0.1946776807308197, 2.252983331680298, -0.497517466545105, 0.4000731408596039] [-0.33743804693222046, 0.05364803969860077, 0.5859460830688477, 0.36820197105407715, 1.8545640707015991, 0.035600002855062485]
[0.17916318774223328, -0.059241246432065964, 0.20336969196796417, 2.2196097373962402, -0.5454769730567932, 0.433472216129303] [-0.37272006273269653, 0.05364803969860077, 0.5844120383262634, 0.40041595697402954, 1.8499621152877808, 0.035600002855062485]
[0.1732911467552185, -0.05622761324048042, 0.20950855314731598, 2.1810860633850098, -0.5846126079559326, 0.4824475347995758] [-0.4080020487308502, 0.05364803969860077, 0.5813440680503845, 0.4479699730873108, 1.7916700839996338, 0.11960001289844513]
[0.16096386313438416, -0.0475202240049839, 0.2171364277601242, 1.996446967124939, -0.6448778510093689, 0.6151140928268433] [-0.44481804966926575, 0.05364803969860077, 0.5460620522499084, 0.6611959934234619, 1.710368037223816, 0.052000004798173904]
[0.14074981212615967, -0.029826752841472626, 0.21724532544612885, 1.7231816053390503, -0.6503192186355591, 0.8991047143936157] [-0.46782803535461426, 0.05364803969860077, 0.46169203519821167, 0.7823820114135742, 1.7088340520858765, 0.034400004893541336]
[0.1350596696138382, -0.024545034393668175, 0.2159767746925354, 1.6300578117370605, -0.625676691532135, 0.9744770526885986] [-0.4893040657043457, 0.05211403965950012, 0.45402204990386963, 0.7839159965515137, 1.7088340520858765, 0.034400004893541336]
[0.13287200033664703, -0.024588216096162796, 0.21810756623744965, 1.6109015941619873, -0.6354740262031555, 0.9879326820373535] [-0.49697405099868774, 0.05211403965950012, 0.4601580500602722, 0.7931199669837952, 1.7088340520858765, 0.034400004893541336]
[0.13113592565059662, -0.024027161300182343, 0.21851752698421478, 1.6031007766723633, -0.6392560005187988, 1.0065300464630127] [-0.5077120661735535, 0.05211403965950012, 0.4693620502948761, 0.8268679976463318, 1.7088340520858765, 0.034400004893541336]
[0.12307354062795639, -0.022188769653439522, 0.2220769077539444, 1.5506943464279175, -0.6576860547065735, 1.0808137655258179] [-0.5337900519371033, 0.05211403965950012, 0.486236035823822, 0.8774899840354919, 1.7088340520858765, 0.034800004214048386]
[0.11487648636102676, -0.020426012575626373, 0.2246834635734558, 1.4973701238632202, -0.6707000136375427, 1.160255789756775] [-0.5460620522499084, 0.050580039620399475, 0.4985080361366272, 0.9173740148544312, 1.7088340520858765, 0.034400004893541336]
[0.10891185700893402, -0.019440241158008575, 0.2262188196182251, 1.4559210538864136, -0.6769571304321289, 1.2184369564056396] [-0.5690720677375793, 0.050580039620399475, 0.5107800364494324, 0.9541900157928467, 1.7088340520858765, 0.034400004893541336]
[0.1014103889465332, -0.018357275053858757, 0.2285684198141098, 1.3997243642807007, -0.6832956075668335, 1.2870978116989136] [-0.590548038482666, 0.050580039620399475, 0.5184500217437744, 0.9848699569702148, 1.7088340520858765, 0.034400004893541336]
[0.09627962857484818, -0.01766706444323063, 0.22995170950889587, 1.359898567199707, -0.6849284172058105, 1.333704948425293] [-0.610490083694458, 0.04751203954219818, 0.5230520367622375, 0.9925400018692017, 1.7088340520858765, 0.034400004893541336]
[0.09477521479129791, -0.01870642974972725, 0.23157016932964325, 1.3452380895614624, -0.6930646300315857, 1.3408645391464233] [-0.6227620840072632, 0.039842039346694946, 0.5291880369186401, 0.9940739870071411, 1.707300066947937, 0.034400004893541336]
[0.09237172454595566, -0.02115309238433838, 0.23475469648838043, 1.3234012126922607, -0.7129133343696594, 1.3503426313400269] [-0.6396360397338867, 0.03217203915119171, 0.5414600372314453, 0.9940739870071411, 1.7088340520858765, 0.034400004893541336]
[0.089688241481781, -0.02246781997382641, 0.23738053441047668, 1.3095276355743408, -0.7298288345336914, 1.367274522781372] [-0.6549760699272156, 0.029104039072990417, 0.5598680377006531, 0.9940739870071411, 1.7088340520858765, 0.034400004893541336]
[0.08737047016620636, -0.023135308176279068, 0.23929737508296967, 1.294768214225769, -0.7416625022888184, 1.3836530447006226] [-0.6657140254974365, 0.030638039112091064, 0.5644700527191162, 0.9940739870071411, 1.7088340520858765, 0.034400004893541336]
[0.08477552980184555, -0.02265043742954731, 0.23978236317634583, 1.275524616241455, -0.7402741312980652, 1.4080077409744263] [-0.6749180555343628, 0.03217203915119171, 0.5644700527191162, 1.0155500173568726, 1.7088340520858765, 0.034400004893541336]
[0.08136947453022003, -0.02101607620716095, 0.23839274048805237, 1.2482147216796875, -0.725332498550415, 1.4492368698120117] [-0.6733840703964233, 0.03370603919029236, 0.5644700527191162, 1.0431619882583618, 1.7088340520858765, 0.034400004893541336]
[0.08064013719558716, -0.02082396298646927, 0.237934872508049, 1.2408463954925537, -0.7209798097610474, 1.4581271409988403] [-0.6749180555343628, 0.03217203915119171, 0.5660040378570557, 1.0446959733963013, 1.7088340520858765, 0.034400004893541336]
[0.08085903525352478, -0.02081293612718582, 0.2377975881099701, 1.2413413524627686, -0.7208063006401062, 1.4567879438400269] [-0.6749180555343628, 0.03370603919029236, 0.5644700527191162, 1.0446959733963013, 1.7088340520858765, 0.034400004893541336]
[0.08064013719558716, -0.02082396298646927, 0.237934872508049, 1.2408463954925537, -0.7209798097610474, 1.4581271409988403] [-0.6749180555343628, 0.03217203915119171, 0.5660040378570557, 1.0446959733963013, 1.707300066947937, 0.034400004893541336]
[0.0806475505232811, -0.02081293612718582, 0.23792146146297455, 1.2393124103546143, -0.7209798097610474, 1.4581271409988403] [-0.6733840703964233, 0.03217203915119171, 0.5644700527191162, 1.0446959733963013, 1.5891821384429932, 0.14000000059604645]
[0.08157334476709366, -0.019598467275500298, 0.23650330305099487, 1.0849765539169312, -0.7210409641265869, 1.458875060081482] [-0.6733840703964233, 0.03370603919029236, 0.5660040378570557, 1.0446959733963013, 1.5492980480194092, 0.034800004214048386]
[0.08158335089683533, -0.01958850398659706, 0.23649075627326965, 1.0834425687789917, -0.7210409641265869, 1.458875060081482] [-0.6733840703964233, 0.03370603919029236, 0.5675380229949951, 1.0446959733963013, 1.5492980480194092, 0.034400004893541336]
[0.08150113373994827, -0.019674178212881088, 0.23659846186637878, 1.0836886167526245, -0.7222262024879456, 1.4596686363220215] [-0.6733840703964233, 0.03370603919029236, 0.5690720677375793, 1.0446959733963013, 1.5492980480194092, 0.034400004893541336]
[0.08152458071708679, -0.01954176463186741, 0.2365187108516693, 1.0873605012893677, -0.7222928404808044, 1.4604103565216064] [-0.6718500852584839, 0.03370603919029236, 0.5690720677375793, 1.0446959733963013, 1.5492980480194092, 0.034400004893541336]
[0.08153453469276428, -0.019531751051545143, 0.23650617897510529, 1.0858265161514282, -0.7222928404808044, 1.4604103565216064] [-0.6718500852584839, 0.035240039229393005, 0.5690720677375793, 1.0446959733963013, 1.5492980480194092, 0.034400004893541336]
