[0.1813407987356186, -0.035852640867233276, 0.012413782067596912, 1.5511994361877441, 0.4668665826320648, 0.5242028832435608] [0.34825998544692993, 0.14875604212284088, -0.47251397371292114, 0.3574639558792114, 1.8468940258026123, 0.9979999661445618]
[0.1813407987356186, -0.035852640867233276, 0.012413782067596912, 1.5511994361877441, 0.4668665826320648, 0.5242028832435608] [0.34825998544692993, 0.14875604212284088, -0.47251397371292114, 0.3574639558792114, 1.8468940258026123, 0.9979999661445618]
[0.1813407987356186, -0.035852640867233276, 0.012413782067596912, 1.5511994361877441, 0.4668665826320648, 0.5242028832435608] [0.3497939705848694, 0.14875604212284088, -0.47251397371292114, 0.3574639558792114, 1.8468940258026123, 0.9979999661445618]
[0.1812264770269394, -0.03582168370485306, 0.012204715050756931, 1.5535695552825928, 0.46767735481262207, 0.5247517228126526] [0.34825998544692993, 0.14875604212284088, -0.4709799885749817, 0.3574639558792114, 1.8453600406646729, 0.040400005877017975]
[0.18189452588558197, -0.03582168370485306, 0.013597291894257069, 1.549278974533081, 0.46103566884994507, 0.5228301882743835] [0.33905595541000366, 0.14722204208374023, -0.46944597363471985, 0.3574639558792114, 1.8438260555267334, 0.040400005877017975]
[0.18257108330726624, -0.035790834575891495, 0.015064310282468796, 1.5465255975723267, 0.4538705348968506, 0.5211105346679688] [0.3344539701938629, 0.14722204208374023, -0.467911958694458, 0.3574639558792114, 1.8438260555267334, 0.04000000283122063]
[0.18292082846164703, -0.036098212003707886, 0.015593861229717731, 1.544346809387207, 0.4514569640159607, 0.5187079310417175] [0.32985198497772217, 0.14722204208374023, -0.467911958694458, 0.3574639558792114, 1.842292070388794, 0.040400005877017975]
[0.18421204388141632, -0.03606746345758438, 0.01847940869629383, 1.5374572277069092, 0.43760624527931213, 0.5152623653411865] [0.3053079843521118, 0.14722204208374023, -0.46637797355651855, 0.3574639558792114, 1.8407580852508545, 0.04000000283122063]
[0.18719439208507538, -0.03634434938430786, 0.025359313935041428, 1.5188218355178833, 0.4051893651485443, 0.50572669506073] [0.27002596855163574, 0.14722204208374023, -0.4648439884185791, 0.3574639558792114, 1.839224100112915, 0.04000000283122063]
[0.18930402398109436, -0.03603683039546013, 0.031159983947873116, 1.5031863451004028, 0.37812286615371704, 0.5012387633323669] [0.23474396765232086, 0.1456880420446396, -0.46637797355651855, 0.3574639558792114, 1.839224100112915, 0.04000000283122063]
[0.19162532687187195, -0.03600629046559334, 0.0379517488181591, 1.486661672592163, 0.3466196656227112, 0.49503272771835327] [0.20713196694850922, 0.14722204208374023, -0.46637797355651855, 0.35899797081947327, 1.8376901149749756, 0.040400005877017975]
[0.1926843672990799, -0.03553200513124466, 0.04383731633424759, 1.4742791652679443, 0.3230842649936676, 0.5014572739601135] [0.1611119657754898, 0.14108604192733765, -0.4648439884185791, 0.37433797121047974, 1.8376901149749756, 0.04000000283122063]
[0.1953028440475464, -0.0358382910490036, 0.053347233682870865, 1.4495511054992676, 0.28004634380340576, 0.49259454011917114] [0.12429595738649368, 0.139552041888237, -0.4648439884185791, 0.37433797121047974, 1.8376901149749756, 0.04000000283122063]
[0.19735832512378693, -0.035806670784950256, 0.06306108087301254, 1.427158236503601, 0.23620453476905823, 0.4867161810398102] [0.06907196342945099, 0.14108604192733765, -0.4617759585380554, 0.37433797121047974, 1.8361561298370361, 0.040400005877017975]
[0.19912292063236237, -0.035650283098220825, 0.07468920201063156, 1.4075090885162354, 0.1833987981081009, 0.48222020268440247] [0.01691596210002899, 0.14108604192733765, -0.44950395822525024, 0.37433797121047974, 1.8376901149749756, 0.040400005877017975]
[0.20017065107822418, -0.03525695949792862, 0.08730464428663254, 1.3992092609405518, 0.12507764995098114, 0.48103460669517517] [-0.05364803969860077, 0.14108604192733765, -0.4249599575996399, 0.37433797121047974, 1.8376901149749756, 0.040400005877017975]
[0.20037275552749634, -0.03479938209056854, 0.1029529720544815, 1.388875961303711, 0.053009286522865295, 0.48180994391441345] [-0.13495004177093506, 0.13495004177093506, -0.4019499719142914, 0.37740597128868103, 1.8376901149749756, 0.040400005877017975]
[0.19935059547424316, -0.03599826246500015, 0.12265714257955551, 1.366931438446045, -0.03643163666129112, 0.4785296618938446] [-0.2085820436477661, 0.13034804165363312, -0.3820079565048218, 0.37740597128868103, 1.8376901149749756, 0.040400005877017975]
[0.19818133115768433, -0.03586515039205551, 0.13051097095012665, 1.3677626848220825, -0.07329786568880081, 0.48229119181632996] [-0.23926204442977905, 0.13188204169273376, -0.36206597089767456, 0.37740597128868103, 1.8361561298370361, 0.040400005877017975]
[0.19694779813289642, -0.03526782616972923, 0.13653677701950073, 1.3720613718032837, -0.10231251269578934, 0.4878763258457184] [-0.269942045211792, 0.13188204169273376, -0.34519195556640625, 0.37893998622894287, 1.8361561298370361, 0.040400005877017975]
[0.19532087445259094, -0.0350162535905838, 0.14397601783275604, 1.3714059591293335, -0.1377020627260208, 0.49253973364830017] [-0.308292031288147, 0.13188204169273376, -0.3283179700374603, 0.37893998622894287, 1.8361561298370361, 0.04000000283122063]
[0.19209851324558258, -0.034779127687215805, 0.15608198940753937, 1.3584790229797363, -0.19456256926059723, 0.5000001192092896] [-0.3711860477924347, 0.13188204169273376, -0.31297796964645386, 0.37893998622894287, 1.8361561298370361, 0.040400005877017975]
[0.18840104341506958, -0.0344400517642498, 0.16694295406341553, 1.345228672027588, -0.24592256546020508, 0.5098668336868286] [-0.41260403394699097, 0.13188204169273376, -0.29917198419570923, 0.3804739713668823, 1.8361561298370361, 0.040400005877017975]
[0.1857137233018875, -0.034012943506240845, 0.1733773946762085, 1.3389137983322144, -0.276599645614624, 0.5191147923469543] [-0.4494200348854065, 0.13188204169273376, -0.2822979688644409, 0.3835419714450836, 1.8361561298370361, 0.040400005877017975]
[0.182875394821167, -0.03377709537744522, 0.17995649576187134, 1.3403445482254028, -0.30978015065193176, 0.5273725986480713] [-0.4893040657043457, 0.13034804165363312, -0.2562199831008911, 0.3835419714450836, 1.8361561298370361, 0.040400005877017975]
[0.17750521004199982, -0.033301543444395065, 0.19074705243110657, 1.339551568031311, -0.364610880613327, 0.5441044569015503] [-0.5322560667991638, 0.13188204169273376, -0.23320996761322021, 0.39121198654174805, 1.8361561298370361, 0.040400005877017975]
[0.17343111336231232, -0.03235860541462898, 0.1967540979385376, 1.329931378364563, -0.39312201738357544, 0.5642115473747253] [-0.5660040378570557, 0.13188204169273376, -0.21480196714401245, 0.4096199870109558, 1.8361561298370361, 0.040400005877017975]
[0.16845308244228363, -0.0301002599298954, 0.20229202508926392, 1.3181957006454468, -0.4182656407356262, 0.5969239473342896] [-0.6089560389518738, 0.13034804165363312, -0.18105396628379822, 0.4479699730873108, 1.8346221446990967, 0.040400005877017975]
[0.15920251607894897, -0.025744888931512833, 0.21031367778778076, 1.3002345561981201, -0.4536849856376648, 0.6654157042503357] [-0.6473060846328735, 0.13034804165363312, -0.14730596542358398, 0.4801839590072632, 1.8346221446990967, 0.04000000283122063]
[0.15301647782325745, -0.022752804681658745, 0.21428737044334412, 1.2823295593261719, -0.46904489398002625, 0.7154301404953003] [-0.6856560707092285, 0.13188204169273376, -0.11969395726919174, 0.5216019749641418, 1.8346221446990967, 0.040400005877017975]
[0.1473221331834793, -0.019714461639523506, 0.2170918881893158, 1.2652519941329956, -0.47844088077545166, 0.7644084692001343] [-0.7102000713348389, 0.13034804165363312, -0.09975196421146393, 0.56455397605896, 1.8346221446990967, 0.040400005877017975]
[0.1392623633146286, -0.015658942982554436, 0.22067387402057648, 1.2337952852249146, -0.4889647364616394, 0.8313406109809875] [-0.7362780570983887, 0.13034804165363312, -0.07674196362495422, 0.599835991859436, 1.8346221446990967, 0.040400005877017975]
[0.13349966704845428, -0.01325592864304781, 0.2231893688440323, 1.212277889251709, -0.49698778986930847, 0.8772077560424805] [-0.7623560428619385, 0.12881404161453247, -0.05679996311664581, 0.630515992641449, 1.8346221446990967, 0.04000000283122063]
[0.12906360626220703, -0.01195785403251648, 0.22515133023262024, 1.197060227394104, -0.5039597749710083, 0.9114267826080322] [-0.7792300581932068, 0.12728004157543182, -0.04299396276473999, 0.6458559632301331, 1.8346221446990967, 0.04000000283122063]
[0.12610377371311188, -0.012266711331903934, 0.22754989564418793, 1.1895500421524048, -0.5170444250106812, 0.9279673099517822] [-0.7961040735244751, 0.11961004137992859, -0.026119962334632874, 0.6473900079727173, 1.8346221446990967, 0.04000000283122063]
[0.12371654808521271, -0.013397209346294403, 0.2306092381477356, 1.197075605392456, -0.5389171242713928, 0.9372828006744385] [-0.8037740588188171, 0.1165420413017273, -0.001575961709022522, 0.6473900079727173, 1.8361561298370361, 0.04000000283122063]
[0.12188584357500076, -0.014012647792696953, 0.23271796107292175, 1.205320119857788, -0.5548350214958191, 0.9462267160415649] [-0.8083760738372803, 0.113474041223526, 0.021434038877487183, 0.6473900079727173, 1.8361561298370361, 0.040400005877017975]
[0.11821691691875458, -0.014174406416714191, 0.23611393570899963, 1.2105002403259277, -0.5786519646644592, 0.966711163520813] [-0.8237160444259644, 0.113474041223526, 0.05211403965950012, 0.6473900079727173, 1.8346221446990967, 0.04000000283122063]
[0.11428423970937729, -0.01435155514627695, 0.23955781757831573, 1.2059974670410156, -0.6010386943817139, 0.9872097373008728] [-0.8467260599136353, 0.11194004118442535, 0.07972604036331177, 0.6489239931106567, 1.8346221446990967, 0.040400005877017975]
[0.10965567082166672, -0.014606437645852566, 0.24339863657951355, 1.1990973949432373, -0.6261942982673645, 1.0117920637130737] [-0.8728040456771851, 0.113474041223526, 0.10427004098892212, 0.6581279635429382, 1.8346221446990967, 0.04000000283122063]
[0.10296743363142014, -0.014255166985094547, 0.24681712687015533, 1.1712478399276733, -0.6442850828170776, 1.0569846630096436] [-0.892746090888977, 0.10580404102802277, 0.12574604153633118, 0.6811379790306091, 1.8361561298370361, 0.040400005877017975]
[0.09982633590698242, -0.015513207763433456, 0.2479855865240097, 1.1546192169189453, -0.650303840637207, 1.0800405740737915] [-0.9065520763397217, 0.08126004040241241, 0.12881404161453247, 0.7179539799690247, 1.8361561298370361, 0.04000000283122063]
[0.09693314135074615, -0.018261078745126724, 0.2483251392841339, 1.131513237953186, -0.6506660580635071, 1.1029118299484253] [-0.9142220616340637, 0.05211403965950012, 0.12881404161453247, 0.773177981376648, 1.8361561298370361, 0.040400005877017975]
[0.09207823127508163, -0.019439930096268654, 0.2446642965078354, 1.0876420736312866, -0.6175712943077087, 1.1621578931808472] [-0.9188240766525269, -0.010779961943626404, 0.12728004157543182, 0.9419180154800415, 1.8361561298370361, 0.040400005877017975]
[0.08259811252355576, -0.0179950762540102, 0.23409317433834076, 1.016827940940857, -0.52552729845047, 1.2779860496520996] [-0.9172900915145874, -0.0629359632730484, 0.12114404141902924, 1.0891820192337036, 1.8361561298370361, 0.040400005877017975]
[0.07987319678068161, -0.022192684933543205, 0.23073652386665344, 0.9977724552154541, -0.5043072700500488, 1.301639437675476] [-0.9172900915145874, -0.12429595738649368, 0.11961004137992859, 1.1244640350341797, 1.8361561298370361, 0.040400005877017975]
[0.08153217285871506, -0.028796328231692314, 0.2329379767179489, 1.007367730140686, -0.534845769405365, 1.2725472450256348] [-0.9172900915145874, -0.15497596561908722, 0.12114404141902924, 1.132133960723877, 1.8361561298370361, 0.040400005877017975]
[0.08126483112573624, -0.03134158253669739, 0.23372499644756317, 1.0094249248504639, -0.5470321774482727, 1.26961350440979] [-0.9172900915145874, -0.16878196597099304, 0.12881404161453247, 1.1367360353469849, 1.8361561298370361, 0.040400005877017975]
[0.0809330940246582, -0.031200341880321503, 0.23358532786369324, 1.0081744194030762, -0.5457537770271301, 1.2732616662979126] [-0.9172900915145874, -0.16878196597099304, 0.12881404161453247, 1.1398040056228638, 1.8361561298370361, 0.04000000283122063]
[0.08083352446556091, -0.03111732378602028, 0.2334672212600708, 1.0075370073318481, -0.5446363687515259, 1.2744908332824707] [-0.9157560467720032, -0.1672479659318924, 0.12881404161453247, 1.1398040056228638, 1.8361561298370361, 0.040400005877017975]
[0.08077102899551392, -0.03087945468723774, 0.2333856225013733, 1.0071221590042114, -0.5434713363647461, 1.275638222694397] [-0.9172900915145874, -0.1672479659318924, 0.12881404161453247, 1.1398040056228638, 1.8361561298370361, 0.04000000283122063]
[0.08097555488348007, -0.03087945468723774, 0.2332615703344345, 1.0088363885879517, -0.5430244207382202, 1.2747520208358765] [-0.9157560467720032, -0.1672479659318924, 0.12881404161453247, 1.1398040056228638, 1.8361561298370361, 0.040400005877017975]
[0.08097555488348007, -0.03087945468723774, 0.2332615703344345, 1.0088363885879517, -0.5430244207382202, 1.2747520208358765] [-0.9157560467720032, -0.1672479659318924, 0.12881404161453247, 1.1382700204849243, 1.8361561298370361, 0.04000000283122063]
[0.08097555488348007, -0.03087945468723774, 0.2332615703344345, 1.0088363885879517, -0.5430244207382202, 1.2747520208358765] [-0.9157560467720032, -0.1672479659318924, 0.12881404161453247, 1.1382700204849243, 1.8361561298370361, 0.040400005877017975]
[0.08107537776231766, -0.03096223808825016, 0.23337961733341217, 1.009472370147705, -0.5441404581069946, 1.2735223770141602] [-0.9157560467720032, -0.1672479659318924, 0.12881404161453247, 1.1398040056228638, 1.8361561298370361, 0.040400005877017975]
[0.08107537776231766, -0.03096223808825016, 0.23337961733341217, 1.009472370147705, -0.5441404581069946, 1.2735223770141602] [-0.9157560467720032, -0.1672479659318924, 0.12881404161453247, 1.1382700204849243, 1.8361561298370361, 0.040400005877017975]
[0.08107537776231766, -0.03096223808825016, 0.23337961733341217, 1.009472370147705, -0.5441404581069946, 1.2735223770141602] [-0.9157560467720032, -0.1672479659318924, 0.12881404161453247, 1.1398040056228638, 1.8361561298370361, 0.040400005877017975]
[0.08097555488348007, -0.03087945468723774, 0.2332615703344345, 1.0088363885879517, -0.5430244207382202, 1.2747520208358765] [-0.9157560467720032, -0.1672479659318924, 0.12881404161453247, 1.1382700204849243, 1.8361561298370361, 0.040400005877017975]
[0.08107537776231766, -0.03096223808825016, 0.23337961733341217, 1.009472370147705, -0.5441404581069946, 1.2735223770141602] [-0.9157560467720032, -0.1672479659318924, 0.12881404161453247, 1.1398040056228638, 1.8361561298370361, 0.040400005877017975]
[0.08077102899551392, -0.03087945468723774, 0.2333856225013733, 1.0071221590042114, -0.5434713363647461, 1.275638222694397] [-0.9157560467720032, -0.1672479659318924, 0.12881404161453247, 1.1382700204849243, 1.8361561298370361, 0.040400005877017975]
[0.07901125401258469, -0.031345661729574203, 0.23484614491462708, 1.008027195930481, -0.5579488277435303, 1.2910826206207275] [-0.9172900915145874, -0.1672479659318924, 0.15029004216194153, 1.1382700204849243, 1.8361561298370361, 0.9979999661445618]
[0.07921802252531052, -0.031345661729574203, 0.23472478985786438, 1.0097647905349731, -0.5575246214866638, 1.2901629209518433] [-0.9172900915145874, -0.1672479659318924, 0.15029004216194153, 1.1382700204849243, 1.8361561298370361, 0.9979999661445618]
[0.07928820699453354, -0.03107881359755993, 0.23454782366752625, 1.009354829788208, -0.5553997755050659, 1.2901142835617065] [-0.9157560467720032, -0.1672479659318924, 0.14875604212284088, 1.1382700204849243, 1.8361561298370361, 0.9979999661445618]
[0.07921802252531052, -0.031345661729574203, 0.23472478985786438, 1.0097647905349731, -0.5575246214866638, 1.2901629209518433] [-0.9172900915145874, -0.1672479659318924, 0.15029004216194153, 1.1382700204849243, 1.8361561298370361, 0.9979999661445618]
[0.07915562391281128, -0.031107809394598007, 0.23464356362819672, 1.0093685388565063, -0.5563555359840393, 1.2913068532943726] [-0.9172900915145874, -0.16571396589279175, 0.15029004216194153, 1.1382700204849243, 1.8361561298370361, 0.9979999661445618]
[0.07921802252531052, -0.031345661729574203, 0.23472478985786438, 1.0097647905349731, -0.5575246214866638, 1.2901629209518433] [-0.9172900915145874, -0.1672479659318924, 0.15029004216194153, 1.1382700204849243, 1.8361561298370361, 0.9979999661445618]
[0.07901125401258469, -0.031345661729574203, 0.23484614491462708, 1.008027195930481, -0.5579488277435303, 1.2910826206207275] [-0.9172900915145874, -0.16571396589279175, 0.14875604212284088, 1.1382700204849243, 1.8361561298370361, 0.9979999661445618]
[0.07921802252531052, -0.031345661729574203, 0.23472478985786438, 1.0097647905349731, -0.5575246214866638, 1.2901629209518433] [-0.9172900915145874, -0.16571396589279175, 0.15029004216194153, 1.1382700204849243, 1.8361561298370361, 0.9979999661445618]
[0.07921802252531052, -0.031345661729574203, 0.23472478985786438, 1.0097647905349731, -0.5575246214866638, 1.2901629209518433] [-0.9172900915145874, -0.1672479659318924, 0.15029004216194153, 1.1382700204849243, 1.8361561298370361, 0.9979999661445618]
[0.07901125401258469, -0.031345661729574203, 0.23484614491462708, 1.008027195930481, -0.5579488277435303, 1.2910826206207275] [-0.9172900915145874, -0.1672479659318924, 0.15029004216194153, 1.1382700204849243, 1.8361561298370361, 0.9979999661445618]
