[0.1842256486415863, -0.07593394070863724, 0.021132690832018852, 1.571128487586975, 0.3155243396759033, 0.4227697551250458] [0.4479699730873108, -0.17951996624469757, 0.17176604270935059, 0.5890979766845703, 1.2471001148223877, 0.6028000116348267]
[0.184058278799057, -0.07592087984085083, 0.020749032497406006, 1.5706045627593994, 0.31773120164871216, 0.42326146364212036] [0.4479699730873108, -0.17951996624469757, 0.17330004274845123, 0.5906319618225098, 1.2471001148223877, 0.6028000116348267]
[0.1842256486415863, -0.07593394070863724, 0.021132690832018852, 1.571128487586975, 0.3155243396759033, 0.4227697551250458] [0.4479699730873108, -0.17951996624469757, 0.17176604270935059, 0.5890979766845703, 1.2471001148223877, 0.6028000116348267]
[0.1841796338558197, -0.07592087984085083, 0.021031469106674194, 1.569941520690918, 0.31633245944976807, 0.4230547547340393] [0.4479699730873108, -0.17951996624469757, 0.17330004274845123, 0.5890979766845703, 1.2471001148223877, 0.6028000116348267]
[0.1841118037700653, -0.07577003538608551, 0.021089663729071617, 1.5705294609069824, 0.3157152831554413, 0.42438581585884094] [0.4479699730873108, -0.17951996624469757, 0.17330004274845123, 0.5906319618225098, 1.2471001148223877, 0.6028000116348267]
[0.1842256486415863, -0.07593394070863724, 0.021132690832018852, 1.571128487586975, 0.3155243396759033, 0.4227697551250458] [0.4479699730873108, -0.17951996624469757, 0.17176604270935059, 0.5906319618225098, 1.2471001148223877, 0.6028000116348267]
[0.1841796338558197, -0.07592087984085083, 0.021031469106674194, 1.569941520690918, 0.31633245944976807, 0.4230547547340393] [0.4479699730873108, -0.17951996624469757, 0.17330004274845123, 0.5890979766845703, 1.2471001148223877, 0.6028000116348267]
[0.18415789306163788, -0.0757831335067749, 0.021191073581576347, 1.571602702140808, 0.3150356411933899, 0.4242991805076599] [0.4479699730873108, -0.17951996624469757, 0.17330004274845123, 0.5890979766845703, 1.2471001148223877, 0.6028000116348267]
[0.184058278799057, -0.07592087984085083, 0.020749032497406006, 1.5706045627593994, 0.31773120164871216, 0.42326146364212036] [0.4479699730873108, -0.17951996624469757, 0.17176604270935059, 0.5890979766845703, 1.2471001148223877, 0.6028000116348267]
[0.18517960608005524, -0.07593394070863724, 0.023399392142891884, 1.5658509731292725, 0.3043287694454193, 0.42116019129753113] [0.4356979727745056, -0.17951996624469757, 0.17483404278755188, 0.5890979766845703, 1.2471001148223877, 0.03960000351071358]
[0.1852547824382782, -0.07625431567430496, 0.02348698303103447, 1.5664230585098267, 0.3037836253643036, 0.419303834438324] [0.4356979727745056, -0.18105396628379822, 0.17636804282665253, 0.5890979766845703, 1.2471001148223877, 0.03960000351071358]
[0.18550539016723633, -0.07629499584436417, 0.02407676912844181, 1.5693449974060059, 0.29995569586753845, 0.4182651937007904] [0.43416398763656616, -0.18105396628379822, 0.17943604290485382, 0.5890979766845703, 1.2471001148223877, 0.03960000351071358]
[0.19050751626491547, -0.07630889117717743, 0.16232581436634064, 1.2872679233551025, -0.34768807888031006, 0.42528122663497925] [-0.29755404591560364, -0.17951996624469757, 0.17790204286575317, 0.5890979766845703, 1.2471001148223877, 0.03960000351071358]
[0.18486624956130981, -0.07597413659095764, 0.17737312614917755, 1.247463583946228, -0.4195943772792816, 0.44072991609573364] [-0.3773220479488373, -0.17951996624469757, 0.17790204286575317, 0.5890979766845703, 1.2471001148223877, 0.03960000351071358]
[0.18075814843177795, -0.07582344114780426, 0.18633933365345, 1.2232881784439087, -0.4638524353504181, 0.4524548351764679] [-0.4049340486526489, -0.17951996624469757, 0.17790204286575317, 0.5906319618225098, 1.2471001148223877, 0.03960000351071358]
[0.17928169667720795, -0.0753721222281456, 0.18878717720508575, 1.2141244411468506, -0.4761137366294861, 0.46070635318756104] [-0.41874003410339355, -0.17951996624469757, 0.17790204286575317, 0.5967679619789124, 1.2471001148223877, 0.03960000351071358]
[0.17732864618301392, -0.07537823170423508, 0.19232876598834991, 1.203059196472168, -0.49411237239837646, 0.4671804904937744] [-0.4494200348854065, -0.17951996624469757, 0.17790204286575317, 0.6044379472732544, 1.2471001148223877, 0.03960000351071358]
[0.17250482738018036, -0.07371247559785843, 0.19997525215148926, 1.1731038093566895, -0.5321874022483826, 0.49269402027130127] [-0.49083805084228516, -0.16878196597099304, 0.17790204286575317, 0.6075059771537781, 1.2471001148223877, 0.03960000351071358]
[0.16833986341953278, -0.07083658874034882, 0.20548367500305176, 1.14404296875, -0.5585096478462219, 0.5237511992454529] [-0.5261200666427612, -0.1641799658536911, 0.17790204286575317, 0.6335839629173279, 1.2471001148223877, 0.03960000351071358]
[0.16213427484035492, -0.06762786209583282, 0.2112046629190445, 1.0985878705978394, -0.5869783163070679, 0.5765323042869568] [-0.5552660226821899, -0.1641799658536911, 0.17790204286575317, 0.6627299785614014, 1.2471001148223877, 0.03960000351071358]
[0.15656521916389465, -0.06477180868387222, 0.21565043926239014, 1.0559604167938232, -0.6083688139915466, 0.6255219578742981] [-0.5936160683631897, -0.16571396589279175, 0.17943604290485382, 0.6980119943618774, 1.2471001148223877, 0.03960000351071358]
[0.15037250518798828, -0.0619930624961853, 0.22035546600818634, 1.0093134641647339, -0.6308572292327881, 0.67787766456604] [-0.6365680694580078, -0.16571396589279175, 0.17790204286575317, 0.7332940101623535, 1.2471001148223877, 0.03960000351071358]
[0.1423168182373047, -0.05872363597154617, 0.22594253718852997, 0.9451386332511902, -0.6559176445007324, 0.7447812557220459] [-0.6687820553779602, -0.16571396589279175, 0.17943604290485382, 0.7578380107879639, 1.2471001148223877, 0.03960000351071358]
[0.13754110038280487, -0.056571897119283676, 0.2287900298833847, 0.9054887890815735, -0.6672635674476624, 0.7864146828651428] [-0.7009960412979126, -0.16571396589279175, 0.17790204286575317, 0.7839159965515137, 1.2471001148223877, 0.03960000351071358]
[0.13216900825500488, -0.0548832081258297, 0.2319738119840622, 0.8600419759750366, -0.6799805760383606, 0.8294239044189453] [-0.7316760420799255, -0.16571396589279175, 0.17790204286575317, 0.8007899522781372, 1.2471001148223877, 0.03960000351071358]
[0.12521125376224518, -0.05323527380824089, 0.23655137419700623, 0.8051654100418091, -0.7001609802246094, 0.8794662952423096] [-0.7654240727424622, -0.16571396589279175, 0.17943604290485382, 0.8191980123519897, 1.2471001148223877, 0.03960000351071358]
[0.12060906738042831, -0.05222504958510399, 0.23938047885894775, 0.7674586176872253, -0.7119590044021606, 0.9122987985610962] [-0.799172043800354, -0.16571396589279175, 0.17943604290485382, 0.8330039978027344, 1.2471001148223877, 0.03960000351071358]
[0.11436235904693604, -0.05060828849673271, 0.24254517257213593, 0.7145132422447205, -0.7232100367546082, 0.9602605700492859] [-0.8329200744628906, -0.1641799658536911, 0.17943604290485382, 0.8498779535293579, 1.2471001148223877, 0.03960000351071358]
[0.10880746692419052, -0.049229420721530914, 0.245359405875206, 0.6673446297645569, -0.7328945994377136, 1.0014266967773438] [-0.8605320453643799, -0.16571396589279175, 0.17943604290485382, 0.8606159687042236, 1.2471001148223877, 0.03960000351071358]
[0.10505049675703049, -0.048661522567272186, 0.24712155759334564, 0.6355106234550476, -0.739197850227356, 1.0283963680267334] [-0.8820080757141113, -0.16571396589279175, 0.17943604290485382, 0.8728879690170288, 1.2471001148223877, 0.03960000351071358]
[0.10121780633926392, -0.04782504215836525, 0.2487228363752365, 0.602398157119751, -0.7437082529067993, 1.0571680068969727] [-0.9050180912017822, -0.1641799658536911, 0.17943604290485382, 0.8805580139160156, 1.2471001148223877, 0.03960000351071358]
[0.09772422164678574, -0.046528466045856476, 0.2501588761806488, 0.5717486143112183, -0.7463182806968689, 1.0843350887298584] [-0.9280280470848083, -0.1611119657754898, 0.17943604290485382, 0.885159969329834, 1.2471001148223877, 0.03960000351071358]
[0.09345197677612305, -0.04641111195087433, 0.2527048587799072, 0.5370025634765625, -0.7579475045204163, 1.1089372634887695] [-0.9525720477104187, -0.1611119657754898, 0.17943604290485382, 0.885159969329834, 1.2471001148223877, 0.03960000351071358]
[0.09030087292194366, -0.04629392921924591, 0.2544412612915039, 0.5111193060874939, -0.7656521201133728, 1.1276354789733887] [-0.9740480780601501, -0.1611119657754898, 0.17943604290485382, 0.8866939544677734, 1.2471001148223877, 0.03960000351071358]
[0.08776794373989105, -0.04641111195087433, 0.25604113936424255, 0.49091625213623047, -0.7738280892372131, 1.1408871412277222] [-0.9878540635108948, -0.1611119657754898, 0.17943604290485382, 0.885159969329834, 1.2471001148223877, 0.03960000351071358]
[0.08608735352754593, -0.04641111195087433, 0.25697457790374756, 0.4772096872329712, -0.7782567739486694, 1.1504881381988525] [-1.0001261234283447, -0.1611119657754898, 0.17943604290485382, 0.885159969329834, 1.2471001148223877, 0.03960000351071358]
[0.08435435593128204, -0.04613728076219559, 0.2578228712081909, 0.4626561105251312, -0.781402051448822, 1.16154944896698] [-1.007796049118042, -0.15957796573638916, 0.17943604290485382, 0.885159969329834, 1.2471001148223877, 0.03960000351071358]
[0.08386978507041931, -0.04613728076219559, 0.25808092951774597, 0.4586867392063141, -0.7826189398765564, 1.164346694946289] [-1.0093300342559814, -0.15957796573638916, 0.18097004294395447, 0.885159969329834, 1.2471001148223877, 0.03960000351071358]
[0.08411217480897903, -0.04613728076219559, 0.2579520642757416, 0.4606725871562958, -0.7820114493370056, 1.1629468202590942] [-1.007796049118042, -0.15957796573638916, 0.17943604290485382, 0.885159969329834, 1.2471001148223877, 0.03960000351071358]
[0.08386978507041931, -0.04613728076219559, 0.25808092951774597, 0.4586867392063141, -0.7826189398765564, 1.164346694946289] [-1.0093300342559814, -0.1580439656972885, 0.17943604290485382, 0.885159969329834, 1.2471001148223877, 0.03960000351071358]
[0.08341311663389206, -0.04476998373866081, 0.2578679025173187, 0.4531228840351105, -0.7772430777549744, 1.1723381280899048] [-1.0139321088790894, -0.14270396530628204, 0.17943604290485382, 0.885159969329834, 1.2471001148223877, 0.03960000351071358]
[0.08038074523210526, -0.03960349038243294, 0.25761422514915466, 0.42249786853790283, -0.7593333125114441, 1.2089319229125977] [-1.0292720794677734, -0.10895595699548721, 0.17943604290485382, 0.885159969329834, 1.2471001148223877, 0.03960000351071358]
[0.07734474539756775, -0.034754615277051926, 0.25726181268692017, 0.39377716183662415, -0.7417023181915283, 1.2427003383636475] [-1.046146035194397, -0.08441196382045746, 0.17943604290485382, 0.885159969329834, 1.2471001148223877, 0.03960000351071358]
[0.07378668338060379, -0.029953958466649055, 0.2569672465324402, 0.36232826113700867, -0.7240940928459167, 1.2775561809539795] [-1.0584180355072021, -0.05833396315574646, 0.17943604290485382, 0.885159969329834, 1.2471001148223877, 0.03960000351071358]
[0.0637299120426178, -0.01846189610660076, 0.24876438081264496, 0.27656394243240356, -0.6234135031700134, 1.391684889793396] [-1.0798940658569336, -0.035323962569236755, 0.17943604290485382, 0.9833359718322754, 1.2455661296844482, 0.03960000351071358]
[0.06364358216524124, -0.018795538693666458, 0.24909652769565582, 0.27562668919563293, -0.6262829899787903, 1.3908051252365112] [-1.0798940658569336, -0.03839196264743805, 0.17943604290485382, 0.9818019866943359, 1.2455661296844482, 0.03960000351071358]
[0.06398674845695496, -0.019291367381811142, 0.24921217560768127, 0.2780933380126953, -0.628666341304779, 1.3879085779190063] [-1.0783600807189941, -0.039925962686538696, 0.17943604290485382, 0.9818019866943359, 1.2455661296844482, 0.03960000351071358]
[0.06398674845695496, -0.019291367381811142, 0.24921217560768127, 0.2780933380126953, -0.628666341304779, 1.3879085779190063] [-1.0783600807189941, -0.039925962686538696, 0.17943604290485382, 0.9818019866943359, 1.2455661296844482, 0.03960000351071358]
[0.06398674845695496, -0.019291367381811142, 0.24921217560768127, 0.2780933380126953, -0.628666341304779, 1.3879085779190063] [-1.0783600807189941, -0.039925962686538696, 0.17943604290485382, 0.9818019866943359, 1.2471001148223877, 0.03960000351071358]
[0.06398674845695496, -0.019291367381811142, 0.24921217560768127, 0.2780933380126953, -0.628666341304779, 1.3879085779190063] [-1.0783600807189941, -0.039925962686538696, 0.17943604290485382, 0.9818019866943359, 1.2455661296844482, 0.03960000351071358]
[0.06398674845695496, -0.019291367381811142, 0.24921217560768127, 0.2780933380126953, -0.628666341304779, 1.3879085779190063] [-1.0783600807189941, -0.039925962686538696, 0.17943604290485382, 0.9818019866943359, 1.2455661296844482, 0.03960000351071358]
[0.06398674845695496, -0.019291367381811142, 0.24921217560768127, 0.2780933380126953, -0.628666341304779, 1.3879085779190063] [-1.0783600807189941, -0.039925962686538696, 0.17943604290485382, 0.9818019866943359, 1.2455661296844482, 0.03960000351071358]
[0.06398674845695496, -0.019291367381811142, 0.24921217560768127, 0.2780933380126953, -0.628666341304779, 1.3879085779190063] [-1.0783600807189941, -0.039925962686538696, 0.17943604290485382, 0.9818019866943359, 1.2455661296844482, 0.03960000351071358]
[0.06398674845695496, -0.019291367381811142, 0.24921217560768127, 0.2780933380126953, -0.628666341304779, 1.3879085779190063] [-1.0783600807189941, -0.039925962686538696, 0.17943604290485382, 0.9818019866943359, 1.2455661296844482, 0.03960000351071358]
