[0.07570347189903259, -0.18113769590854645, 0.3076823651790619, 2.9204659461975098, 0.28059273958206177, -0.33486583828926086] [0.2684919834136963, -0.30990996956825256, 1.6858240365982056, 0.05986796319484711, 1.3437421321868896, 0.9971999526023865, -1.2992560863494873, -1.2962720394134521]
[0.07569248229265213, -0.18120160698890686, 0.3073185682296753, 2.920074939727783, 0.28237152099609375, -0.3350013196468353] [0.27002596855163574, -0.3114439845085144, 1.6873581409454346, 0.05833396315574646, 1.3437421321868896, 0.9971999526023865, -1.3069260120391846, -1.2855340242385864]
[0.07587680965662003, -0.18165676295757294, 0.30607789754867554, 2.922823905944824, 0.2883991599082947, -0.3372363746166229] [0.27002596855163574, -0.3114439845085144, 1.691960096359253, 0.05833396315574646, 1.3422080278396606, 0.9971999526023865, -1.3069260120391846, -1.282465934753418]
[0.07610876858234406, -0.18168962001800537, 0.30580052733421326, 2.9238317012786865, 0.28977832198143005, -0.3374633491039276] [0.2715599536895752, -0.3114439845085144, 1.691960096359253, 0.05833396315574646, 1.3437421321868896, 0.9971999526023865, -1.3069260120391846, -1.282465934753418]
[0.07611106336116791, -0.18173979222774506, 0.30566537380218506, 2.922565221786499, 0.2900106608867645, -0.337299108505249] [0.2715599536895752, -0.3114439845085144, 1.691960096359253, 0.05833396315574646, 1.3437421321868896, 0.9968000054359436, -1.3069260120391846, -1.282465934753418]
[0.07598524540662766, -0.1817150115966797, 0.3053955137729645, 2.923387050628662, 0.29130327701568604, -0.33757877349853516] [0.2715599536895752, -0.3114439845085144, 1.6904261112213135, 0.05833396315574646, 1.3437421321868896, 0.9971999526023865, -1.3053920269012451, -1.2809319496154785]
[0.07578306645154953, -0.18168741464614868, 0.3052789866924286, 2.92303729057312, 0.29192420840263367, -0.33767130970954895] [0.27309396862983704, -0.3114439845085144, 1.691960096359253, 0.05833396315574646, 1.3437421321868896, 0.9968000054359436, -1.3053920269012451, -1.279397964477539]
[0.07563631236553192, -0.18171194195747375, 0.30542269349098206, 2.9234471321105957, 0.29102465510368347, -0.3375534117221832] [0.2746279835700989, -0.3114439845085144, 1.691960096359253, 0.05833396315574646, 1.3437421321868896, 0.9968000054359436, -1.3053920269012451, -1.279397964477539]
[0.07556045055389404, -0.1813477724790573, 0.3054445683956146, 2.9049997329711914, 0.29007697105407715, -0.336527019739151] [0.27616196870803833, -0.3114439845085144, 1.6674160957336426, 0.05986796319484711, 1.3406740427017212, 0.07080000638961792, -1.3053920269012451, -1.2778639793395996]
[0.07576689124107361, -0.1805482804775238, 0.3049863576889038, 2.8746509552001953, 0.29193633794784546, -0.33385926485061646] [0.2776959538459778, -0.30990996956825256, 1.6459400653839111, 0.061401963233947754, 1.3268680572509766, 0.07080000638961792, -1.3053920269012451, -1.2778639793395996]
[0.07602985948324203, -0.18010136485099792, 0.30548498034477234, 2.8446924686431885, 0.28601425886154175, -0.33217155933380127] [0.2776959538459778, -0.30990996956825256, 1.6259980201721191, 0.07213996350765228, 1.3222661018371582, 0.07080000638961792, -1.3038580417633057, -1.2778639793395996]
[0.07663886249065399, -0.1797395497560501, 0.3088274598121643, 2.8281431198120117, 0.2593265175819397, -0.3292819857597351] [0.2746279835700989, -0.30990996956825256, 1.6060560941696167, 0.11355795711278915, 1.3191981315612793, 0.07120000571012497, -1.3007900714874268, -1.2732620239257812]
[0.07761134207248688, -0.1788657307624817, 0.31556469202041626, 2.8011746406555176, 0.2044866979122162, -0.3218502998352051] [0.27002596855163574, -0.30990996956825256, 1.57230806350708, 0.1672479659318924, 1.3161300420761108, 0.07080000638961792, -1.2992560863494873, -1.2717280387878418]
[0.07821367681026459, -0.17748908698558807, 0.3216511905193329, 2.768826961517334, 0.15143680572509766, -0.31102609634399414] [0.27002596855163574, -0.30990996956825256, 1.5431621074676514, 0.21480196714401245, 1.313062071800232, 0.07080000638961792, -1.2992560863494873, -1.2717280387878418]
[0.07887056469917297, -0.1755754053592682, 0.3269635736942291, 2.7345099449157715, 0.10373029112815857, -0.2969626188278198] [0.27002596855163574, -0.3083759546279907, 1.498676061630249, 0.27616196870803833, 1.313062071800232, 0.07080000638961792, -1.3007900714874268, -1.2717280387878418]
[0.07960199564695358, -0.16830143332481384, 0.337313711643219, 2.63482666015625, -9.609002154320478e-05, -0.2424805462360382] [0.28689998388290405, -0.3114439845085144, 1.3222661018371582, 0.48631995916366577, 1.313062071800232, 0.07080000638961792, -1.3023240566253662, -1.2747960090637207]
[0.07833807915449142, -0.1431170105934143, 0.35416680574417114, 2.379342555999756, -0.17310795187950134, -0.040714699774980545] [0.2853659689426422, -0.31297796964645386, 1.0292720794677734, 0.7455660104751587, 1.313062071800232, 0.07120000571012497, -1.3038580417633057, -1.2747960090637207]
[0.07162774354219437, -0.11342991143465042, 0.36177727580070496, 2.1424403190612793, -0.25830549001693726, 0.21678254008293152] [0.2776959538459778, -0.30990996956825256, 0.7930360436439514, 0.9035679697990417, 1.3115280866622925, 0.07080000638961792, -1.3038580417633057, -1.2747960090637207]
[0.06417154520750046, -0.09105590730905533, 0.35485708713531494, 1.9473247528076172, -0.21133048832416534, 0.4238937497138977] [0.27616196870803833, -0.30990996956825256, 0.5890140533447266, 0.9818019866943359, 1.3115280866622925, 0.07080000638961792, -1.3038580417633057, -1.2747960090637207]
[0.056338127702474594, -0.07633420825004578, 0.3487524390220642, 1.8461573123931885, -0.16728776693344116, 0.5684718489646912] [0.27616196870803833, -0.30377396941185, 0.5537320375442505, 1.040094017982483, 1.3115280866622925, 0.07080000638961792, -1.3007900714874268, -1.2717280387878418]
[0.052259933203458786, -0.0709509402513504, 0.35102492570877075, 1.835096001625061, -0.1885116994380951, 0.6219396591186523] [0.2746279835700989, -0.2915019690990448, 0.5414600372314453, 1.093783974647522, 1.309994101524353, 0.07080000638961792, -1.2977221012115479, -1.2686599493026733]
[0.043651703745126724, -0.06291042268276215, 0.3550025224685669, 1.8078525066375732, -0.22583018243312836, 0.7221163511276245] [0.2746279835700989, -0.28689998388290405, 0.513848066329956, 1.2686599493026733, 1.294654130935669, 0.07080000638961792, -1.3007900714874268, -1.2701940536499023]
[0.02533479407429695, -0.05018744245171547, 0.35747918486595154, 1.693865418434143, -0.26132792234420776, 0.921991765499115] [0.2746279835700989, -0.2884339690208435, 0.43101203441619873, 1.4021179676055908, 1.251702070236206, 0.06880000233650208, -1.2977221012115479, -1.2671259641647339]
[0.01931946724653244, -0.045995213091373444, 0.35480406880378723, 1.659835934638977, -0.24046890437602997, 0.9872573018074036] [0.2746279835700989, -0.2884339690208435, 0.41874003410339355, 1.418992042541504, 1.251702070236206, 0.06880000233650208, -1.2915860414505005, -1.260990023612976]
[0.014993292279541492, -0.044152576476335526, 0.35511353611946106, 1.6441911458969116, -0.2392442673444748, 1.0228362083435059] [0.27616196870803833, -0.2853659689426422, 0.3972640633583069, 1.4466040134429932, 1.251702070236206, 0.06880000233650208, -1.2854501008987427, -1.2548539638519287]
[0.007603108882904053, -0.038174234330654144, 0.3565472960472107, 1.6182218790054321, -0.24102933704853058, 1.0959798097610474] [0.27616196870803833, -0.2654239535331726, 0.37578803300857544, 1.492624044418335, 1.2501680850982666, 0.06880000233650208, -1.2823820114135742, -1.2517859935760498]
[-0.0005031611071899533, -0.03148520365357399, 0.35820427536964417, 1.6014043092727661, -0.2536877989768982, 1.1803860664367676] [0.27616196870803833, -0.22707396745681763, 0.36044806241989136, 1.5340420007705688, 1.251702070236206, 0.06840000301599503, -1.2777800559997559, -1.2471840381622314]
[-0.006372358184307814, -0.02660888247191906, 0.35784298181533813, 1.5919463634490967, -0.2485220730304718, 1.23856782913208] [0.27616196870803833, -0.20406396687030792, 0.33437004685401917, 1.566256046295166, 1.2501680850982666, 0.06880000233650208, -1.2731781005859375, -1.241047978401184]
[-0.008897283114492893, -0.023778745904564857, 0.35673874616622925, 1.5890175104141235, -0.23729506134986877, 1.262749433517456] [0.28076398372650146, -0.18258796632289886, 0.308292031288147, 1.5739259719848633, 1.251702070236206, 0.06880000233650208, -1.2655080556869507, -1.2303099632263184]
[-0.012407106347382069, -0.020728319883346558, 0.3537762463092804, 1.5897427797317505, -0.21324504911899567, 1.289883017539978] [0.2884339690208435, -0.1672479659318924, 0.2806800603866577, 1.5831300020217896, 1.251702070236206, 0.06880000233650208, -1.2593721151351929, -1.2241740226745605]
[-0.015736842527985573, -0.018011540174484253, 0.3526667058467865, 1.583590030670166, -0.19989974796772003, 1.315428376197815] [0.2884339690208435, -0.15037396550178528, 0.2638060450553894, 1.5908000469207764, 1.251702070236206, 0.06880000233650208, -1.2532360553741455, -1.2180379629135132]
[-0.01806313544511795, -0.016238780692219734, 0.3523542582988739, 1.5800565481185913, -0.19391725957393646, 1.3333656787872314] [0.2884339690208435, -0.13196596503257751, 0.25153404474258423, 1.5908000469207764, 1.2532360553741455, 0.06880000233650208, -1.2486340999603271, -1.2119020223617554]
[-0.021028246730566025, -0.014151866547763348, 0.3515845835208893, 1.5743129253387451, -0.1837601214647293, 1.354215145111084] [0.28996795415878296, -0.12122795730829239, 0.2377280443906784, 1.5908000469207764, 1.2532360553741455, 0.06880000233650208, -1.2394300699234009, -1.2042319774627686]
[-0.023476362228393555, -0.013126116245985031, 0.35049960017204285, 1.5701520442962646, -0.16954568028450012, 1.3668941259384155] [0.2915019690990448, -0.1150919571518898, 0.21932004392147064, 1.5908000469207764, 1.2670420408248901, 0.06880000233650208, -1.2302260398864746, -1.1950279474258423]
[-0.025737855583429337, -0.01262708194553852, 0.3499166667461395, 1.5789660215377808, -0.15881510078907013, 1.3749732971191406] [0.29610395431518555, -0.11355795711278915, 0.20551404356956482, 1.5908000469207764, 1.2777800559997559, 0.06880000233650208, -1.2179540395736694, -1.1812219619750977]
[-0.027709389105439186, -0.012060752138495445, 0.3504241108894348, 1.584445834159851, -0.15702609717845917, 1.3817732334136963] [0.2976379692554474, -0.10742195695638657, 0.20244604349136353, 1.5908000469207764, 1.2961881160736084, 0.06880000233650208, -1.2041480541229248, -1.1628140211105347]
[-0.030426686629652977, -0.011785398237407207, 0.35187968611717224, 1.5922428369522095, -0.15885254740715027, 1.3870420455932617] [0.2976379692554474, -0.10588795691728592, 0.20091204345226288, 1.589266061782837, 1.3161300420761108, 0.06880000233650208, -1.1888080835342407, -1.1505420207977295]
[-0.03331659361720085, -0.011467184871435165, 0.35285770893096924, 1.5922964811325073, -0.1554946005344391, 1.392315149307251] [0.3007059693336487, -0.10588795691728592, 0.1947760432958603, 1.5908000469207764, 1.325334072113037, 0.06880000233650208, -1.1719341278076172, -1.1352019309997559]
[-0.03619200363755226, -0.01148275937885046, 0.35237932205200195, 1.60102117061615, -0.14700433611869812, 1.39400053024292] [0.31604596972465515, -0.10588795691728592, 0.18097004294395447, 1.589266061782837, 1.333004117012024, 0.06880000233650208, -1.1611961126327515, -1.1244640350341797]
[-0.039076924324035645, -0.011241978034377098, 0.35036882758140564, 1.603689193725586, -0.13315731287002563, 1.3972351551055908] [0.33598798513412476, -0.10588795691728592, 0.165630042552948, 1.5861979722976685, 1.333004117012024, 0.06880000233650208, -1.1565940380096436, -1.1198619604110718]
[-0.04095396399497986, -0.011003461666405201, 0.3483648896217346, 1.6102994680404663, -0.1202373206615448, 1.3998589515686035] [0.34212398529052734, -0.10435395687818527, 0.15335804224014282, 1.5831300020217896, 1.331470012664795, 0.06880000233650208, -1.1565940380096436, -1.1198619604110718]
[-0.04204457625746727, -0.010798724368214607, 0.3466520607471466, 1.6091387271881104, -0.10682833194732666, 1.4035346508026123] [0.3467259705066681, -0.10588795691728592, 0.1426200419664383, 1.5800620317459106, 1.3299360275268555, 0.06920000165700912, -1.158128023147583, -1.1198619604110718]
[-0.04272127151489258, -0.010618126951158047, 0.34492921829223633, 1.611680269241333, -0.09564721584320068, 1.4060462713241577] [0.3528619706630707, -0.10588795691728592, 0.13188204169273376, 1.5708580017089844, 1.3299360275268555, 0.06880000233650208, -1.158128023147583, -1.1198619604110718]
[-0.043302904814481735, -0.01036518719047308, 0.34334805607795715, 1.6153838634490967, -0.08640764653682709, 1.4095978736877441] [0.35899797081947327, -0.10435395687818527, 0.12574604153633118, 1.569324016571045, 1.328402042388916, 0.06880000233650208, -1.158128023147583, -1.1213959455490112]
[-0.043270789086818695, -0.010481766425073147, 0.3428259491920471, 1.6183183193206787, -0.0839172899723053, 1.408309817314148] [0.3605319857597351, -0.10588795691728592, 0.12574604153633118, 1.569324016571045, 1.328402042388916, 0.06880000233650208, -1.1596620082855225, -1.1213959455490112]
[-0.042512472718954086, -0.011332632973790169, 0.34195902943611145, 1.6275062561035156, -0.0828242301940918, 1.4045040607452393] [0.3605319857597351, -0.10588795691728592, 0.12421204149723053, 1.566256046295166, 1.328402042388916, 0.06880000233650208, -1.158128023147583, -1.1213959455490112]
[-0.04210798069834709, -0.01179530005902052, 0.34122464060783386, 1.6332037448883057, -0.08035773038864136, 1.4026025533676147] [0.36206597089767456, -0.10588795691728592, 0.12574604153633118, 1.561653971672058, 1.3268680572509766, 0.06880000233650208, -1.1611961126327515, -1.1213959455490112]
[-0.04182135686278343, -0.012093696743249893, 0.3410698175430298, 1.6346604824066162, -0.08167290687561035, 1.4010266065597534] [0.3605319857597351, -0.10588795691728592, 0.12574604153633118, 1.5585860013961792, 1.325334072113037, 0.06880000233650208, -1.1611961126327515, -1.1229300498962402]
[-0.04161004349589348, -0.012236741371452808, 0.34084591269493103, 1.6333566904067993, -0.08171496540307999, 1.4006305932998657] [0.3605319857597351, -0.10588795691728592, 0.12574604153633118, 1.5570520162582397, 1.3222661018371582, 0.06880000233650208, -1.1642640829086304, -1.1244640350341797]
[-0.04098668694496155, -0.012468047440052032, 0.3408212661743164, 1.6315866708755493, -0.08253180235624313, 1.3981385231018066] [0.35899797081947327, -0.10895595699548721, 0.12881404161453247, 1.5509159564971924, 1.313062071800232, 0.06880000233650208, -1.1673320531845093, -1.129065990447998]
[-0.04026971012353897, -0.012628248892724514, 0.34083864092826843, 1.6191213130950928, -0.08469997346401215, 1.395798921585083] [0.3574639558792114, -0.11048995703458786, 0.13188204169273376, 1.5478479862213135, 1.3007900714874268, 0.06880000233650208, -1.1719341278076172, -1.1336679458618164]
[-0.03908270597457886, -0.012984703294932842, 0.3408890664577484, 1.6106880903244019, -0.08724147081375122, 1.3900446891784668] [0.3543959856033325, -0.11202395707368851, 0.1364840418100357, 1.5401780605316162, 1.290052056312561, 0.06920000165700912, -1.1765360832214355, -1.1367360353469849]
[-0.03737357258796692, -0.01301630213856697, 0.3409087061882019, 1.599663257598877, -0.08617333322763443, 1.381032109260559] [0.3497939705848694, -0.11202395707368851, 0.13801804184913635, 1.526371955871582, 1.2793140411376953, 0.06880000233650208, -1.1796040534973145, -1.1398040056228638]
[-0.03371451050043106, -0.013281073421239853, 0.3403031527996063, 1.5921827554702759, -0.08399219065904617, 1.356441855430603] [0.34825998544692993, -0.11202395707368851, 0.1426200419664383, 1.5033619403839111, 1.2670420408248901, 0.06880000233650208, -1.181138038635254, -1.1413379907608032]
[-0.031059805303812027, -0.013760930858552456, 0.3401188850402832, 1.5786447525024414, -0.0855017825961113, 1.3363085985183716] [0.3467259705066681, -0.11355795711278915, 0.15182404220104218, 1.492624044418335, 1.2501680850982666, 0.06880000233650208, -1.1872740983963013, -1.14900803565979]
[-0.02843359485268593, -0.014442461542785168, 0.3402377665042877, 1.5677839517593384, -0.09124106168746948, 1.320793628692627] [0.34519195556640625, -0.11662595719099045, 0.16409604251384735, 1.4772839546203613, 1.2348281145095825, 0.06880000233650208, -1.1964781284332275, -1.1582119464874268]
[-0.024387890473008156, -0.014966617338359356, 0.340475469827652, 1.5602866411209106, -0.09681284427642822, 1.2957391738891602] [0.33905595541000366, -0.11662595719099045, 0.17790204286575317, 1.4542739391326904, 1.21642005443573, 0.06880000233650208, -1.2118180990219116, -1.1735520362854004]
[-0.019423848018050194, -0.015456298366189003, 0.3409443497657776, 1.543243646621704, -0.10086792707443237, 1.2734142541885376] [0.3237159848213196, -0.11662595719099045, 0.1855720430612564, 1.4420020580291748, 1.2072160243988037, 0.06880000233650208, -1.2256240844726562, -1.187358021736145]
[-0.0158022940158844, -0.016068650409579277, 0.3411071300506592, 1.5386149883270264, -0.09882063418626785, 1.2604823112487793] [0.30684196949005127, -0.12122795730829239, 0.18710604310035706, 1.4281959533691406, 1.201080083847046, 0.06880000233650208, -1.2378960847854614, -1.1980960369110107]
[-0.01059203501790762, -0.017668697983026505, 0.3412773311138153, 1.5239596366882324, -0.0932527557015419, 1.2338154315948486] [0.2853659689426422, -0.13043196499347687, 0.1855720430612564, 1.4067200422286987, 1.1949440240859985, 0.06920000165700912, -1.2440320253372192, -1.202697992324829]
[-0.007425704970955849, -0.018001476302742958, 0.3409113585948944, 1.5167335271835327, -0.08836110681295395, 1.2199246883392334] [0.27309396862983704, -0.13043196499347687, 0.1855720430612564, 1.391379952430725, 1.1903420686721802, 0.06880000233650208, -1.2471001148223877, -1.2042319774627686]
[-0.004618701059371233, -0.018349234014749527, 0.3405606150627136, 1.506338357925415, -0.0834796130657196, 1.2042056322097778] [0.2654239535331726, -0.13043196499347687, 0.1855720430612564, 1.3699040412902832, 1.1826720237731934, 0.06880000233650208, -1.2486340999603271, -1.2042319774627686]
[-0.001705585396848619, -0.018921300768852234, 0.3403070867061615, 1.4990200996398926, -0.07825412601232529, 1.183971881866455] [0.25928795337677, -0.13043196499347687, 0.1855720430612564, 1.3545639514923096, 1.181138038635254, 0.06880000233650208, -1.2486340999603271, -1.205765962600708]
[0.0005250180838629603, -0.019206557422876358, 0.3406182825565338, 1.487583875656128, -0.07530088722705841, 1.1694186925888062] [0.2500839829444885, -0.13043196499347687, 0.1855720430612564, 1.3392239809036255, 1.1719341278076172, 0.06880000233650208, -1.254770040512085, -1.2134360074996948]
[0.0034993807785212994, -0.019741548225283623, 0.3410802185535431, 1.4678412675857544, -0.07344306260347366, 1.152852177619934] [0.23474396765232086, -0.13043196499347687, 0.1855720430612564, 1.3146799802780151, 1.155060052871704, 0.06880000233650208, -1.2701101303100586, -1.2303099632263184]
[0.008038689382374287, -0.020744457840919495, 0.3416329026222229, 1.444797158241272, -0.0726281926035881, 1.1330230236053467] [0.2132679671049118, -0.13196596503257751, 0.1855720430612564, 1.3008739948272705, 1.1473901271820068, 0.06880000233650208, -1.29312002658844, -1.2517859935760498]
[0.01258254237473011, -0.02097994275391102, 0.3421550989151001, 1.4353752136230469, -0.07224723696708679, 1.1218210458755493] [0.18258796632289886, -0.13043196499347687, 0.1855720430612564, 1.2809319496154785, 1.1458560228347778, 0.06880000233650208, -1.313062071800232, -1.2732620239257812]
[0.018076520413160324, -0.021533994004130363, 0.34226298332214355, 1.430292010307312, -0.06897398829460144, 1.1032884120941162] [0.1580439656972885, -0.13043196499347687, 0.1855720430612564, 1.2625240087509155, 1.1443220376968384, 0.06880000233650208, -1.3268680572509766, -1.2870680093765259]
[0.023745952174067497, -0.022594092413783073, 0.3408675789833069, 1.4324076175689697, -0.06267601251602173, 1.0826014280319214] [0.14730596542358398, -0.13043196499347687, 0.1855720430612564, 1.2425819635391235, 1.1443220376968384, 0.06880000233650208, -1.328402042388916, -1.2870680093765259]
[0.027342170476913452, -0.02342512086033821, 0.3397435247898102, 1.435534119606018, -0.05470828711986542, 1.0606671571731567] [0.1411699652671814, -0.13043196499347687, 0.1855720430612564, 1.2119020223617554, 1.142788052558899, 0.06880000233650208, -1.3299360275268555, -1.2870680093765259]
[0.03152013570070267, -0.024860896170139313, 0.3395869731903076, 1.424634575843811, -0.04866054281592369, 1.028463363647461] [0.13196596503257751, -0.13043196499347687, 0.1855720430612564, 1.1796879768371582, 1.135118007659912, 0.06880000233650208, -1.328402042388916, -1.2870680093765259]
[0.03476004675030708, -0.026135139167308807, 0.33933913707733154, 1.410703182220459, -0.0427730418741703, 1.001213550567627] [0.12582996487617493, -0.12889796495437622, 0.1855720430612564, 1.1505420207977295, 1.1289820671081543, 0.06880000233650208, -1.3299360275268555, -1.2886019945144653]
[0.036939043551683426, -0.026523930951952934, 0.33927813172340393, 1.409258484840393, -0.03972749784588814, 0.9835476279258728] [0.11969395726919174, -0.1181599572300911, 0.18403804302215576, 1.1305999755859375, 1.1274480819702148, 0.06880000233650208, -1.328402042388916, -1.2870680093765259]
[0.03892157971858978, -0.026566006243228912, 0.3391103446483612, 1.406931757926941, -0.03628036007285118, 0.9662010669708252] [0.1181599572300911, -0.11355795711278915, 0.1855720430612564, 1.1029880046844482, 1.1274480819702148, 0.06880000233650208, -1.3299360275268555, -1.2870680093765259]
[0.04122049733996391, -0.027368050068616867, 0.338519811630249, 1.4097745418548584, -0.031343668699264526, 0.9466871023178101] [0.11662595719099045, -0.11048995703458786, 0.1855720430612564, 1.0799779891967773, 1.1274480819702148, 0.06880000233650208, -1.3299360275268555, -1.2886019945144653]
[0.043201692402362823, -0.028472784906625748, 0.33808714151382446, 1.4093561172485352, -0.026588698849081993, 0.927602231502533] [0.11662595719099045, -0.11048995703458786, 0.1855720430612564, 1.0631040334701538, 1.1274480819702148, 0.06880000233650208, -1.3299360275268555, -1.2870680093765259]
[0.04438221454620361, -0.029157625511288643, 0.33765676617622375, 1.409812569618225, -0.023105723783373833, 0.9159068465232849] [0.1150919571518898, -0.11048995703458786, 0.1855720430612564, 1.0569679737091064, 1.1274480819702148, 0.06880000233650208, -1.3299360275268555, -1.2886019945144653]
[0.044297218322753906, -0.028897879645228386, 0.33788001537323, 1.4088724851608276, -0.024299021810293198, 0.9175194501876831] [0.1150919571518898, -0.11048995703458786, 0.1855720430612564, 1.0569679737091064, 1.1259140968322754, 0.06880000233650208, -1.3299360275268555, -1.2855340242385864]
[0.04407570883631706, -0.029002686962485313, 0.33812323212623596, 1.4075661897659302, -0.025232885032892227, 0.917822003364563] [0.11355795711278915, -0.11048995703458786, 0.1855720430612564, 1.0615699291229248, 1.1274480819702148, 0.06880000233650208, -1.3268680572509766, -1.284000039100647]
[0.04346838220953941, -0.029140930622816086, 0.3382965922355652, 1.4053415060043335, -0.026007030159235, 0.921218752861023] [0.1150919571518898, -0.11355795711278915, 0.18403804302215576, 1.0692399740219116, 1.1274480819702148, 0.06880000233650208, -1.3268680572509766, -1.282465934753418]
[0.042526666074991226, -0.029686471447348595, 0.33822134137153625, 1.406254529953003, -0.026773817837238312, 0.9281499981880188] [0.11662595719099045, -0.12582996487617493, 0.18403804302215576, 1.0830459594726562, 1.1274480819702148, 0.06880000233650208, -1.3238000869750977, -1.2809319496154785]
[0.04263202100992203, -0.031114162877202034, 0.33855491876602173, 1.4063518047332764, -0.027238385751843452, 0.9208105802536011] [0.1181599572300911, -0.1350339651107788, 0.18403804302215576, 1.0845799446105957, 1.1458560228347778, 0.06880000233650208, -1.3176640272140503, -1.2747960090637207]
[0.04219521954655647, -0.032221097499132156, 0.33915287256240845, 1.433431625366211, -0.027164926752448082, 0.9150053858757019] [0.12122795730829239, -0.1411699652671814, 0.18403804302215576, 1.0830459594726562, 1.1688660383224487, 0.06880000233650208, -1.313062071800232, -1.2701940536499023]
[0.04094383493065834, -0.03183422610163689, 0.3414389491081238, 1.4436413049697876, -0.03134802728891373, 0.9119144082069397] [0.12429595738649368, -0.14577196538448334, 0.18403804302215576, 1.0845799446105957, 1.1888080835342407, 0.06880000233650208, -1.309994101524353, -1.2671259641647339]
[0.040114205330610275, -0.03159148618578911, 0.34284594655036926, 1.455523133277893, -0.03416198864579201, 0.9105293154716492] [0.12736396491527557, -0.15344196557998657, 0.18403804302215576, 1.0876480340957642, 1.2179540395736694, 0.07360000163316727, -1.3053920269012451, -1.260990023612976]
[0.0391995869576931, -0.03281993046402931, 0.34367188811302185, 1.4778940677642822, -0.030524929985404015, 0.9043857455253601] [0.12736396491527557, -0.1641799658536911, 0.17483404278755188, 1.0876480340957642, 1.2440320253372192, 0.06880000233650208, -1.3007900714874268, -1.2579219341278076]
[0.03887637332081795, -0.03405783697962761, 0.34413981437683105, 1.4872716665267944, -0.02850828506052494, 0.8964641094207764] [0.12889796495437622, -0.17491796612739563, 0.17330004274845123, 1.090716004371643, 1.251702070236206, 0.06880000233650208, -1.2961881160736084, -1.2517859935760498]
[0.03851670026779175, -0.036071620881557465, 0.34460753202438354, 1.4912313222885132, -0.028291326016187668, 0.8864290714263916] [0.13043196499347687, -0.1902579665184021, 0.16716404259204865, 1.093783974647522, 1.2639740705490112, 0.06880000233650208, -1.2869840860366821, -1.245650053024292]
[0.037723053246736526, -0.03829400986433029, 0.3444615304470062, 1.4951976537704468, -0.023243989795446396, 0.8757332563400269] [0.13656796514987946, -0.20406396687030792, 0.1625620424747467, 1.0999200344085693, 1.2701101303100586, 0.06880000233650208, -1.2762460708618164, -1.2333779335021973]
[0.035722922533750534, -0.03926006704568863, 0.34425660967826843, 1.493016242980957, -0.019381539896130562, 0.8754529356956482] [0.14577196538448334, -0.2132679671049118, 0.15489204227924347, 1.1152600049972534, 1.274712085723877, 0.06880000233650208, -1.2655080556869507, -1.2241740226745605]
[0.03229401633143425, -0.039594437927007675, 0.34432709217071533, 1.4959975481033325, -0.018045000731945038, 0.8886052966117859] [0.15650996565818787, -0.22553996741771698, 0.15182404220104218, 1.1428719758987427, 1.2839161157608032, 0.06840000301599503, -1.2593721151351929, -1.2165039777755737]
[0.029022982344031334, -0.0409817136824131, 0.344546377658844, 1.5000147819519043, -0.01834231987595558, 0.898108959197998] [0.1641799658536911, -0.24701596796512604, 0.14875604212284088, 1.170483946800232, 1.290052056312561, 0.06840000301599503, -1.2563040256500244, -1.2134360074996948]
[0.025703806430101395, -0.04351998120546341, 0.344612181186676, 1.497709035873413, -0.016848960891366005, 0.9067267775535583] [0.1672479659318924, -0.27616196870803833, 0.1426200419664383, 1.1996300220489502, 1.2915860414505005, 0.06880000233650208, -1.2532360553741455, -1.2134360074996948]
[0.023815488442778587, -0.046123210340738297, 0.34500575065612793, 1.4901784658432007, -0.015923302620649338, 0.9094061851501465] [0.1672479659318924, -0.30377396941185, 0.13495004177093506, 1.2364460229873657, 1.29312002658844, 0.06880000233650208, -1.2532360553741455, -1.2134360074996948]
[0.021751241758465767, -0.04791558161377907, 0.3445854187011719, 1.486261248588562, -0.011175563558936119, 0.9168268442153931] [0.1672479659318924, -0.32524996995925903, 0.13034804165363312, 1.260990023612976, 1.294654130935669, 0.06880000233650208, -1.2532360553741455, -1.2119020223617554]
[0.019463447853922844, -0.050170186907052994, 0.34454959630966187, 1.4799741506576538, -0.008721592836081982, 0.9239867329597473] [0.1672479659318924, -0.355929970741272, 0.12267804145812988, 1.2962720394134521, 1.294654130935669, 0.06880000233650208, -1.251702070236206, -1.2119020223617554]
[0.017478665336966515, -0.05300110578536987, 0.3444414734840393, 1.4771283864974976, -0.004672959912568331, 0.9266051054000854] [0.1672479659318924, -0.39121198654174805, 0.113474041223526, 1.3315539360046387, 1.3023240566253662, 0.06880000233650208, -1.2486340999603271, -1.208833932876587]
[0.015199350193142891, -0.05605219304561615, 0.34385406970977783, 1.4764798879623413, 0.005003869999200106, 0.927219033241272] [0.1672479659318924, -0.421891987323761, 0.10273604094982147, 1.3653019666671753, 1.309994101524353, 0.06840000301599503, -1.2440320253372192, -1.2042319774627686]
[0.012246092781424522, -0.057465169578790665, 0.3435651361942291, 1.4763762950897217, 0.011382301338016987, 0.9395787715911865] [0.1672479659318924, -0.4449019730091095, 0.087396040558815, 1.4097880125045776, 1.3207321166992188, 0.06880000233650208, -1.2378960847854614, -1.2011640071868896]
[0.008042670786380768, -0.05851765349507332, 0.34340569376945496, 1.4842629432678223, 0.018866732716560364, 0.9598994255065918] [0.1672479659318924, -0.46944597363471985, 0.07665804028511047, 1.4450700283050537, 1.3376060724258423, 0.06880000233650208, -1.2332940101623535, -1.1965620517730713]
[0.00456415256485343, -0.06065967679023743, 0.34307652711868286, 1.4927442073822021, 0.028033394366502762, 0.9695160984992981] [0.1672479659318924, -0.5016599893569946, 0.0643860399723053, 1.4818860292434692, 1.3498780727386475, 0.06880000233650208, -1.2302260398864746, -1.1934939622879028]
[0.0016626096330583096, -0.06262151151895523, 0.3430529832839966, 1.4965263605117798, 0.03388161212205887, 0.9753403067588806] [0.16878196597099304, -0.5246700048446655, 0.055182039737701416, 1.5125659704208374, 1.3544800281524658, 0.06880000233650208, -1.2286920547485352, -1.1919599771499634]
[-0.0015527702635154128, -0.0640370324254036, 0.34282198548316956, 1.4993830919265747, 0.040159981697797775, 0.9872410893440247] [0.1672479659318924, -0.5522819757461548, 0.04444403946399689, 1.5539840459823608, 1.363684058189392, 0.06880000233650208, -1.2271580696105957, -1.1919599771499634]
[-0.0028360169380903244, -0.06715339422225952, 0.3421323299407959, 1.5071510076522827, 0.05091089755296707, 0.9747906923294067] [0.1672479659318924, -0.5752919912338257, 0.03677403926849365, 1.5861979722976685, 1.3744220733642578, 0.06880000233650208, -1.2256240844726562, -1.190425992012024]
[-0.00257126591168344, -0.07011008262634277, 0.3416016399860382, 1.513256549835205, 0.05867960676550865, 0.9542567133903503] [0.1672479659318924, -0.5952339768409729, 0.03217203915119171, 1.6092079877853394, 1.3820921182632446, 0.06880000233650208, -1.2256240844726562, -1.1888920068740845]
[-0.0026928011793643236, -0.07117971777915955, 0.34127095341682434, 1.5160382986068726, 0.06326506286859512, 0.9471817016601562] [0.1672479659318924, -0.599835991859436, 0.024502038955688477, 1.6092079877853394, 1.3851600885391235, 0.06880000233650208, -1.21642005443573, -1.1796879768371582]
[-0.0035898657515645027, -0.07121291756629944, 0.3409467935562134, 1.5167746543884277, 0.06948442757129669, 0.9481224417686462] [0.1672479659318924, -0.599835991859436, 0.0122300386428833, 1.6092079877853394, 1.3943641185760498, 0.06840000301599503, -1.2087500095367432, -1.170483946800232]
[-0.004901260137557983, -0.07122036069631577, 0.3405741751194, 1.5187811851501465, 0.07770751416683197, 0.9492525458335876] [0.1672479659318924, -0.599835991859436, 0.001492038369178772, 1.6092079877853394, 1.3974320888519287, 0.06840000301599503, -1.1995460987091064, -1.1612800359725952]
[-0.007057952228933573, -0.0713043138384819, 0.34050238132476807, 1.5139421224594116, 0.08431994915008545, 0.9501193761825562] [0.1672479659318924, -0.599835991859436, -0.01231396198272705, 1.6092079877853394, 1.402034044265747, 0.06880000233650208, -1.1826720237731934, -1.1474740505218506]
[-0.008973930962383747, -0.07135576009750366, 0.3405053913593292, 1.509861707687378, 0.09030955284833908, 0.9507046341896057] [0.16878196597099304, -0.599835991859436, -0.029187962412834167, 1.6092079877853394, 1.4173741340637207, 0.06880000233650208, -1.155060052871704, -1.1183279752731323]
[-0.013745946809649467, -0.07146144658327103, 0.3401723802089691, 1.5030765533447266, 0.10569345951080322, 0.9516690373420715] [0.1703159660100937, -0.599835991859436, -0.05373196303844452, 1.6092079877853394, 1.4189081192016602, 0.06880000233650208, -1.13972008228302, -1.1029880046844482]
[-0.016613729298114777, -0.07168705016374588, 0.3402356505393982, 1.500542163848877, 0.1122184619307518, 0.9516420960426331] [0.17184996604919434, -0.599835991859436, -0.07060596346855164, 1.6076740026474, 1.4357820749282837, 0.06880000233650208, -1.124380111694336, -1.0891820192337036]
[-0.01937934197485447, -0.07204200327396393, 0.34040677547454834, 1.5058550834655762, 0.11998811364173889, 0.9497482776641846] [0.17184996604919434, -0.599835991859436, -0.0890139639377594, 1.6076740026474, 1.4511220455169678, 0.06880000233650208, -1.1090400218963623, -1.075376033782959]
[-0.022533617913722992, -0.07214826345443726, 0.34064680337905884, 1.4969429969787598, 0.12672361731529236, 0.9488016366958618] [0.17184996604919434, -0.6013699769973755, -0.10435395687818527, 1.6076740026474, 1.4511220455169678, 0.06880000233650208, -1.0937000513076782, -1.0615699291229248]
[-0.024903949350118637, -0.07246797531843185, 0.34125998616218567, 1.4846173524856567, 0.12828576564788818, 0.9445480108261108] [0.17184996604919434, -0.6059719920158386, -0.10895595699548721, 1.6061400175094604, 1.4511220455169678, 0.06880000233650208, -1.0906320810317993, -1.058501958847046]
[-0.025780649855732918, -0.07265825569629669, 0.3418004512786865, 1.4797730445861816, 0.12658432126045227, 0.9424477815628052] [0.17184996604919434, -0.6075059771537781, -0.10895595699548721, 1.6061400175094604, 1.4511220455169678, 0.06840000301599503, -1.0906320810317993, -1.0569679737091064]
[-0.02618120051920414, -0.07260777801275253, 0.3418462872505188, 1.4791239500045776, 0.12632732093334198, 0.9423691630363464] [0.17184996604919434, -0.6059719920158386, -0.10895595699548721, 1.600003957748413, 1.4511220455169678, 0.06880000233650208, -1.0906320810317993, -1.0569679737091064]
[-0.025886449962854385, -0.0730823501944542, 0.34177732467651367, 1.480420470237732, 0.12786950170993805, 0.9397414326667786] [0.17184996604919434, -0.6075059771537781, -0.10742195695638657, 1.5831300020217896, 1.4480540752410889, 0.06880000233650208, -1.0921660661697388, -1.058501958847046]
[-0.024952594190835953, -0.07368478178977966, 0.34051522612571716, 1.4866365194320679, 0.13549938797950745, 0.9389445185661316] [0.17184996604919434, -0.6075059771537781, -0.10588795691728592, 1.5800620317459106, 1.4434521198272705, 0.06880000233650208, -1.0937000513076782, -1.0600359439849854]
[-0.024481263011693954, -0.07399071007966995, 0.34053272008895874, 1.4849494695663452, 0.1358659863471985, 0.936718225479126] [0.17338396608829498, -0.6075059771537781, -0.10588795691728592, 1.5723919868469238, 1.4434521198272705, 0.06880000233650208, -1.0937000513076782, -1.0600359439849854]
[-0.024197788909077644, -0.074053555727005, 0.34026893973350525, 1.483686089515686, 0.1375918984413147, 0.936547577381134] [0.17184996604919434, -0.6075059771537781, -0.10435395687818527, 1.5555180311203003, 1.4357820749282837, 0.06880000233650208, -1.0967680215835571, -1.0615699291229248]
[-0.02370789274573326, -0.07410313934087753, 0.3402758836746216, 1.47439706325531, 0.13622857630252838, 0.9349542856216431] [0.17184996604919434, -0.6075059771537781, -0.10281995683908463, 1.5371099710464478, 1.4235100746154785, 0.06880000233650208, -1.101370096206665, -1.0661720037460327]
[-0.020224185660481453, -0.07583917677402496, 0.33992087841033936, 1.4552626609802246, 0.13453884422779083, 0.9074787497520447] [0.17184996604919434, -0.6075059771537781, -0.09361596405506134, 1.492624044418335, 1.3928301334381104, 0.06880000233650208, -1.1121081113815308, -1.0769100189208984]
[-0.015409477986395359, -0.07793109863996506, 0.33923545479774475, 1.4355369806289673, 0.13546493649482727, 0.8723424077033997] [0.16878196597099304, -0.6090399622917175, -0.09054796397686005, 1.4634779691696167, 1.3820921182632446, 0.06880000233650208, -1.1182440519332886, -1.0830459594726562]
[-0.01125683169811964, -0.08004184067249298, 0.33906790614128113, 1.415677547454834, 0.13234587013721466, 0.8399969935417175] [0.1672479659318924, -0.6075059771537781, -0.08287796378135681, 1.437399983406067, 1.3590821027755737, 0.06880000233650208, -1.1289820671081543, -1.093783974647522]
[-0.00679589482024312, -0.08205043524503708, 0.3391904830932617, 1.3927549123764038, 0.12786297500133514, 0.8090060949325562] [0.1641799658536911, -0.6075059771537781, -0.07213996350765228, 1.4051859378814697, 1.3422080278396606, 0.06840000301599503, -1.1412540674209595, -1.1060559749603271]
[-0.0021391992922872305, -0.08437152951955795, 0.3390672504901886, 1.3814581632614136, 0.12214397639036179, 0.7783336043357849] [0.16264596581459045, -0.6090399622917175, -0.05679996311664581, 1.37910795211792, 1.3207321166992188, 0.06840000301599503, -1.1565940380096436, -1.1213959455490112]
[0.0020502705592662096, -0.08586248755455017, 0.338902086019516, 1.374153971672058, 0.11557147651910782, 0.7568162083625793] [0.1611119657754898, -0.6090399622917175, -0.03839196264743805, 1.3530299663543701, 1.3069260120391846, 0.06840000301599503, -1.1704000234603882, -1.1367360353469849]
[0.006197571288794279, -0.0873003676533699, 0.33869728446006775, 1.3688709735870361, 0.11007902771234512, 0.736703634262085] [0.1611119657754898, -0.6075059771537781, -0.021517962217330933, 1.3392239809036255, 1.2885180711746216, 0.06880000233650208, -1.1826720237731934, -1.1474740505218506]
[0.009150746278464794, -0.08834768086671829, 0.33873239159584045, 1.3634732961654663, 0.10328927636146545, 0.7224363684654236] [0.1611119657754898, -0.6075059771537781, -4.1961669921875e-05, 1.3146799802780151, 1.2685760259628296, 0.06880000233650208, -1.1964781284332275, -1.1628140211105347]
[0.013816539198160172, -0.09058667719364166, 0.33867955207824707, 1.3547132015228271, 0.09401755779981613, 0.6954208612442017] [0.15957796573638916, -0.6075059771537781, 0.024502038955688477, 1.2947380542755127, 1.2532360553741455, 0.06840000301599503, -1.2118180990219116, -1.1796879768371582]
[0.01940571516752243, -0.09294593334197998, 0.3386426270008087, 1.3539460897445679, 0.08107410371303558, 0.6659855246543884] [0.15957796573638916, -0.6090399622917175, 0.04291003942489624, 1.2671259641647339, 1.2440320253372192, 0.06880000233650208, -1.2256240844726562, -1.1919599771499634]
[0.02393259108066559, -0.09488356858491898, 0.3380899131298065, 1.359588623046875, 0.07744631171226501, 0.6402318477630615] [0.1580439656972885, -0.6090399622917175, 0.06285203993320465, 1.245650053024292, 1.2394300699234009, 0.06880000233650208, -1.236362099647522, -1.2011640071868896]
[0.02737182192504406, -0.09639907628297806, 0.337727427482605, 1.365626573562622, 0.07447034865617752, 0.6223009824752808] [0.1580439656972885, -0.6075059771537781, 0.07512404024600983, 1.2211060523986816, 1.2332940101623535, 0.06880000233650208, -1.2394300699234009, -1.202697992324829]
[0.03049895167350769, -0.0987236276268959, 0.336734414100647, 1.3637315034866333, 0.07774653285741806, 0.5959427952766418] [0.1580439656972885, -0.6075059771537781, 0.07972604036331177, 1.1965620517730713, 1.2286920547485352, 0.06880000233650208, -1.2409640550613403, -1.2042319774627686]
[0.03327753767371178, -0.1011011004447937, 0.3363439440727234, 1.3625589609146118, 0.07796407490968704, 0.5692791938781738] [0.1580439656972885, -0.6075059771537781, 0.09353204071521759, 1.1628140211105347, 1.2194880247116089, 0.06880000233650208, -1.254770040512085, -1.222640037536621]
[0.03722930699586868, -0.1037900373339653, 0.3373168110847473, 1.3639289140701294, 0.06397922337055206, 0.5389107465744019] [0.15037396550178528, -0.6090399622917175, 0.11500804126262665, 1.152076005935669, 1.21642005443573, 0.06880000233650208, -1.2701101303100586, -1.2379800081253052]
[0.039920441806316376, -0.10474532097578049, 0.3377936780452728, 1.369606852531433, 0.05670807883143425, 0.5280820727348328] [0.14577196538448334, -0.6075059771537781, 0.13495004177093506, 1.1367360353469849, 1.21642005443573, 0.06880000233650208, -1.2839161157608032, -1.2517859935760498]
[0.04432583227753639, -0.10703801363706589, 0.3383030295372009, 1.3807594776153564, 0.04590509086847305, 0.5037471652030945] [0.13963596522808075, -0.6075059771537781, 0.15029004216194153, 1.1198619604110718, 1.213352084159851, 0.06840000301599503, -1.2977221012115479, -1.2701940536499023]
[0.047767069190740585, -0.10850544273853302, 0.3385546803474426, 1.3851321935653687, 0.03956906497478485, 0.48814505338668823] [0.12736396491527557, -0.6075059771537781, 0.165630042552948, 1.1060559749603271, 1.2087500095367432, 0.06840000301599503, -1.3145960569381714, -1.2886019945144653]
[0.0516665056347847, -0.11003729701042175, 0.33902060985565186, 1.386978030204773, 0.031302791088819504, 0.4722149968147278] [0.11662595719099045, -0.6075059771537781, 0.17943604290485382, 1.0876480340957642, 1.2041480541229248, 0.06840000301599503, -1.3299360275268555, -1.299340009689331]
[0.056731387972831726, -0.11305105686187744, 0.3371308743953705, 1.3918564319610596, 0.039207249879837036, 0.4393072724342346] [0.11202395707368851, -0.6059719920158386, 0.18403804302215576, 1.0600359439849854, 1.2041480541229248, 0.06840000301599503, -1.3299360275268555, -1.299340009689331]
[0.05809740349650383, -0.11411341279745102, 0.3362657129764557, 1.396631121635437, 0.04312053322792053, 0.42989006638526917] [0.11202395707368851, -0.6075059771537781, 0.1886400431394577, 1.0477639436721802, 1.2041480541229248, 0.06840000301599503, -1.3299360275268555, -1.299340009689331]
[0.06026826426386833, -0.11684706807136536, 0.33604106307029724, 1.4014681577682495, 0.043087515980005264, 0.40128427743911743] [0.11202395707368851, -0.6059719920158386, 0.20091204345226288, 1.017084002494812, 1.2041480541229248, 0.06880000233650208, -1.3299360275268555, -1.3008739948272705]
[0.06146693229675293, -0.11909005790948868, 0.3365417420864105, 1.4089115858078003, 0.03704826161265373, 0.3793645203113556] [0.11355795711278915, -0.6059719920158386, 0.21625204384326935, 1.0048120021820068, 1.2041480541229248, 0.06840000301599503, -1.3299360275268555, -1.3008739948272705]
[0.06360867619514465, -0.12288565188646317, 0.3414110243320465, 1.4482133388519287, -0.006838113069534302, 0.340834379196167] [0.12122795730829239, -0.6059719920158386, 0.2990880608558655, 0.9741320013999939, 1.2041480541229248, 0.06840000301599503, -1.3299360275268555, -1.3008739948272705]
[0.06481478363275528, -0.12612725794315338, 0.34610119462013245, 1.480845332145691, -0.045376621186733246, 0.311489075422287] [0.12276195734739304, -0.6059719920158386, 0.3650500476360321, 0.9572579860687256, 1.2041480541229248, 0.06880000233650208, -1.3299360275268555, -1.299340009689331]
[0.06729542464017868, -0.1330503523349762, 0.35351601243019104, 1.5549544095993042, -0.10920237749814987, 0.24417270720005035] [0.12889796495437622, -0.5952339768409729, 0.5307220220565796, 0.8452759981155396, 1.2041480541229248, 0.06840000301599503, -1.3299360275268555, -1.299340009689331]
[0.07286573201417923, -0.15455538034439087, 0.36596348881721497, 1.7660731077194214, -0.20126067101955414, 0.03273496404290199] [0.13043196499347687, -0.572223961353302, 0.7899680733680725, 0.6550599932670593, 1.2056820392608643, 0.06840000301599503, -1.3299360275268555, -1.3008739948272705]
[0.07322614639997482, -0.17914031445980072, 0.36794182658195496, 1.9995907545089722, -0.19927853345870972, -0.1841638833284378] [0.1350339651107788, -0.572223961353302, 0.9755820631980896, 0.5369420051574707, 1.2286920547485352, 0.06880000233650208, -1.3299360275268555, -1.3008739948272705]
[0.07175716012716293, -0.19108344614505768, 0.3658185601234436, 2.1353578567504883, -0.1729249209165573, -0.2852669060230255] [0.14577196538448334, -0.572223961353302, 1.0798940658569336, 0.47558197379112244, 1.231760025024414, 0.06840000301599503, -1.3299360275268555, -1.3008739948272705]
[0.0704399049282074, -0.19685864448547363, 0.36334243416786194, 2.2093517780303955, -0.15481983125209808, -0.33274632692337036] [0.1611119657754898, -0.572223961353302, 1.1259140968322754, 0.46944597363471985, 1.236362099647522, 0.06840000301599503, -1.3299360275268555, -1.3008739948272705]
[0.06989413499832153, -0.1987185776233673, 0.36196285486221313, 2.2410085201263428, -0.1464194357395172, -0.3470930755138397] [0.16878196597099304, -0.572223961353302, 1.1596620082855225, 0.4510379731655121, 1.2440320253372192, 0.06880000233650208, -1.331470012664795, -1.3008739948272705]
[0.06920471042394638, -0.20220746099948883, 0.36056238412857056, 2.297761917114258, -0.1305893212556839, -0.3756292760372162] [0.16878196597099304, -0.5706899762153625, 1.213352084159851, 0.40655195713043213, 1.2670420408248901, 0.06840000301599503, -1.3299360275268555, -1.299340009689331]
[0.06802770495414734, -0.2073672115802765, 0.3580639064311981, 2.368556261062622, -0.10259924829006195, -0.41696619987487793] [0.16878196597099304, -0.5706899762153625, 1.2670420408248901, 0.363599956035614, 1.2685760259628296, 0.06880000233650208, -1.3299360275268555, -1.3008739948272705]
[0.06634155660867691, -0.21479438245296478, 0.35170871019363403, 2.4707789421081543, -0.03916190564632416, -0.4791446626186371] [0.1672479659318924, -0.56455397605896, 1.4971420764923096, 0.12736396491527557, 1.2685760259628296, 0.06880000233650208, -1.3299360275268555, -1.2962720394134521]
[0.05856635421514511, -0.22886787354946136, 0.3228248953819275, 2.7917065620422363, 0.22154271602630615, -0.5896264910697937] [0.18565596640110016, -0.5630199909210205, 1.6980960369110107, 0.01844996213912964, 1.2670420408248901, 0.06880000233650208, -1.3299360275268555, -1.2978060245513916]
[0.05868738144636154, -0.22880280017852783, 0.32319068908691406, 2.8112757205963135, 0.22025297582149506, -0.5883679986000061] [0.17798596620559692, -0.5630199909210205, 1.704232096672058, 0.019983962178230286, 1.2655080556869507, 0.06880000233650208, -1.328402042388916, -1.2962720394134521]
[0.05866726487874985, -0.22853055596351624, 0.32304647564888, 2.812527656555176, 0.2210511863231659, -0.587088406085968] [0.18565596640110016, -0.561486005783081, 1.707300066947937, 0.01844996213912964, 1.2670420408248901, 0.06840000301599503, -1.328402042388916, -1.299340009689331]
[0.05813797935843468, -0.2285795509815216, 0.3202168047428131, 2.803774833679199, 0.23449653387069702, -0.58914715051651] [0.19792796671390533, -0.561486005783081, 1.707300066947937, 0.01844996213912964, 1.2670420408248901, 0.06840000301599503, -1.3299360275268555, -1.2978060245513916]
[0.057668112218379974, -0.22887633740901947, 0.3188546299934387, 2.800415277481079, 0.24097275733947754, -0.5917492508888245] [0.2132679671049118, -0.5630199909210205, 1.7088340520858765, 0.01844996213912964, 1.2670420408248901, 0.06880000233650208, -1.3299360275268555, -1.2978060245513916]
[0.05636608600616455, -0.22859708964824677, 0.31367477774620056, 2.788058280944824, 0.26609647274017334, -0.5945567488670349] [0.24394796788692474, -0.561486005783081, 1.7134361267089844, 0.01844996213912964, 1.2670420408248901, 0.06840000301599503, -1.3299360275268555, -1.299340009689331]
[0.05511339753866196, -0.22861874103546143, 0.3091326057910919, 2.7744812965393066, 0.2880695164203644, -0.598660945892334] [0.26388996839523315, -0.561486005783081, 1.7149701118469238, 0.01844996213912964, 1.2670420408248901, 0.06880000233650208, -1.3299360275268555, -1.2978060245513916]
[0.05493099242448807, -0.22864611446857452, 0.30860820412635803, 2.7743008136749268, 0.2905908226966858, -0.5991990566253662] [0.2654239535331726, -0.561486005783081, 1.7149701118469238, 0.019983962178230286, 1.2670420408248901, 0.06880000233650208, -1.328402042388916, -1.2978060245513916]
[0.0547940619289875, -0.22863048315048218, 0.3084062337875366, 2.772138833999634, 0.291502982378006, -0.5993776917457581] [0.26695796847343445, -0.561486005783081, 1.7149701118469238, 0.019983962178230286, 1.2670420408248901, 0.06880000233650208, -1.328402042388916, -1.299340009689331]
[0.05445980280637741, -0.22891630232334137, 0.30793166160583496, 2.771306276321411, 0.29384931921958923, -0.6014692783355713] [0.2684919834136963, -0.5630199909210205, 1.7149701118469238, 0.019983962178230286, 1.2670420408248901, 0.06840000301599503, -1.3299360275268555, -1.299340009689331]
[0.054613929241895676, -0.2289244830608368, 0.30775824189186096, 2.770733118057251, 0.29474616050720215, -0.6016363501548767] [0.27002596855163574, -0.5630199909210205, 1.7149701118469238, 0.021517962217330933, 1.2670420408248901, 0.06840000301599503, -1.3299360275268555, -1.299340009689331]
[0.05451637879014015, -0.22889962792396545, 0.30787280201911926, 2.770975112915039, 0.2941368520259857, -0.6015459895133972] [0.27002596855163574, -0.5630199909210205, 1.7149701118469238, 0.021517962217330933, 1.2670420408248901, 0.06880000233650208, -1.3299360275268555, -1.299340009689331]
[0.055192314088344574, -0.22735637426376343, 0.3100011646747589, 2.7741904258728027, 0.28599807620048523, -0.5968269109725952] [0.27002596855163574, -0.5630199909210205, 1.7149701118469238, 0.021517962217330933, 1.2655080556869507, 0.06840000301599503, -1.3299360275268555, -1.299340009689331]
[0.05541802942752838, -0.22670221328735352, 0.3108726739883423, 2.7755520343780518, 0.2825307250022888, -0.594904899597168] [0.27002596855163574, -0.5630199909210205, 1.7149701118469238, 0.021517962217330933, 1.2670420408248901, 0.06840000301599503, -1.3299360275268555, -1.299340009689331]
[0.055473510175943375, -0.2264149785041809, 0.31135329604148865, 2.776242256164551, 0.28062358498573303, -0.5940514206886292] [0.27002596855163574, -0.5630199909210205, 1.7149701118469238, 0.021517962217330933, 1.2670420408248901, 0.06840000301599503, -1.3299360275268555, -1.299340009689331]
[0.05480964854359627, -0.22825799882411957, 0.30871015787124634, 2.7723066806793213, 0.2908512353897095, -0.5995798707008362] [0.27002596855163574, -0.5630199909210205, 1.7149701118469238, 0.019983962178230286, 1.2670420408248901, 0.06880000233650208, -1.328402042388916, -1.299340009689331]
