[0.05009448900818825, -0.22818580269813538, 0.3104003369808197, 2.9488415718078613, 0.2855166792869568, -0.5811482667922974] [0.28996795415878296, -0.5538159608840942, 1.4818021059036255, 0.03839196264743805, 1.6643481254577637, 0.9971999526023865, -1.2992560863494873, -1.2962720394134521]
[0.05011308565735817, -0.2281668484210968, 0.3104041814804077, 2.947338819503784, 0.2855260968208313, -0.5810875296592712] [0.28996795415878296, -0.5538159608840942, 1.483336091041565, 0.03839196264743805, 1.6643481254577637, 0.9971999526023865, -1.3069260120391846, -1.2901359796524048]
[0.05054127052426338, -0.22824279963970184, 0.30969035625457764, 2.9469025135040283, 0.2886485159397125, -0.5818725824356079] [0.28996795415878296, -0.5538159608840942, 1.483336091041565, 0.03839196264743805, 1.6643481254577637, 0.9971999526023865, -1.3084601163864136, -1.2901359796524048]
[0.050892338156700134, -0.2283102571964264, 0.30897095799446106, 2.943455934524536, 0.2916935980319977, -0.5827621221542358] [0.28996795415878296, -0.5538159608840942, 1.483336091041565, 0.03839196264743805, 1.6643481254577637, 0.9971999526023865, -1.3084601163864136, -1.2901359796524048]
[0.05104389414191246, -0.22833837568759918, 0.30876338481903076, 2.94437313079834, 0.29265064001083374, -0.582983672618866] [0.28996795415878296, -0.5538159608840942, 1.483336091041565, 0.03839196264743805, 1.6643481254577637, 0.9971999526023865, -1.3084601163864136, -1.2901359796524048]
[0.05110407620668411, -0.2283104956150055, 0.30870798230171204, 2.9439456462860107, 0.2930188477039337, -0.5831650495529175] [0.28996795415878296, -0.5538159608840942, 1.483336091041565, 0.03839196264743805, 1.6643481254577637, 0.9971999526023865, -1.3084601163864136, -1.2901359796524048]
[0.05227544531226158, -0.22628098726272583, 0.3138324022293091, 2.9140889644622803, 0.2554416358470917, -0.5675375461578369] [0.2884339690208435, -0.5522819757461548, 1.4526560306549072, 0.07674196362495422, 1.6520761251449585, 0.07720000296831131, -1.2915860414505005, -1.2671259641647339]
[0.05284509062767029, -0.22431710362434387, 0.3189762234687805, 2.9097511768341064, 0.22447486221790314, -0.5563778281211853] [0.28383195400238037, -0.5522819757461548, 1.4373160600662231, 0.12582996487617493, 1.6505420207977295, 0.07720000296831131, -1.2839161157608032, -1.2579219341278076]
[0.05429130792617798, -0.22110702097415924, 0.3316847085952759, 2.905132532119751, 0.12954315543174744, -0.5252288579940796] [0.2746279835700989, -0.5522819757461548, 1.425044059753418, 0.18872396647930145, 1.6505420207977295, 0.07720000296831131, -1.2793140411376953, -1.2517859935760498]
[0.05448916554450989, -0.21937502920627594, 0.33774128556251526, 2.9036293029785156, 0.08279769122600555, -0.5099846720695496] [0.2746279835700989, -0.5522819757461548, 1.4127720594406128, 0.2500839829444885, 1.6505420207977295, 0.07720000296831131, -1.2762460708618164, -1.2502520084381104]
[0.055257536470890045, -0.2145722210407257, 0.3487717807292938, 2.8786919116973877, -0.012348656542599201, -0.47011712193489075] [0.28689998388290405, -0.5522819757461548, 1.3299360275268555, 0.4709799885749817, 1.6505420207977295, 0.07680000364780426, -1.2762460708618164, -1.2502520084381104]
[0.05771923437714577, -0.1932106912136078, 0.3690299391746521, 2.706972122192383, -0.20633575320243835, -0.2997491657733917] [0.2853659689426422, -0.5522819757461548, 1.1289820671081543, 0.6872739791870117, 1.6505420207977295, 0.07720000296831131, -1.2777800559997559, -1.2502520084381104]
[0.0587032176554203, -0.168952077627182, 0.37688443064689636, 2.503213405609131, -0.2854636013507843, -0.0973442867398262] [0.2822979688644409, -0.5522819757461548, 0.9449020624160767, 0.8130619525909424, 1.6505420207977295, 0.07720000296831131, -1.2762460708618164, -1.2502520084381104]
[0.057896584272384644, -0.14904697239398956, 0.3762326240539551, 2.337433338165283, -0.28633201122283936, 0.07542067766189575] [0.2746279835700989, -0.5522819757461548, 0.8099100589752197, 0.8974319696426392, 1.6505420207977295, 0.07720000296831131, -1.2731781005859375, -1.244115948677063]
[0.05397823080420494, -0.1300424039363861, 0.3730278015136719, 2.1975290775299072, -0.26374390721321106, 0.24524490535259247] [0.2715599536895752, -0.5522819757461548, 0.6595780849456787, 1.0232199430465698, 1.64900803565979, 0.07720000296831131, -1.2685760259628296, -1.2349120378494263]
[0.04588814824819565, -0.10968183726072311, 0.3680934011936188, 2.067800760269165, -0.22032681107521057, 0.43670031428337097] [0.26388996839523315, -0.5522819757461548, 0.516916036605835, 1.1643480062484741, 1.64900803565979, 0.07720000296831131, -1.2563040256500244, -1.2241740226745605]
[0.033922962844371796, -0.09280245751142502, 0.36447057127952576, 1.9817157983779907, -0.18516990542411804, 0.611981987953186] [0.25928795337677, -0.5507479906082153, 0.41567206382751465, 1.2962720394134521, 1.6474740505218506, 0.07720000296831131, -1.2424980401992798, -1.210368037223816]
[0.02527199313044548, -0.08445468544960022, 0.3635523021221161, 1.9378118515014648, -0.17010754346847534, 0.7093190550804138] [0.2500839829444885, -0.5415439605712891, 0.3788560628890991, 1.3468940258026123, 1.6474740505218506, 0.07720000296831131, -1.2271580696105957, -1.1919599771499634]
[0.02015145681798458, -0.07840690016746521, 0.3680724799633026, 1.9141868352890015, -0.1940251588821411, 0.7633342146873474] [0.23167596757411957, -0.5077959895133972, 0.37272006273269653, 1.356097936630249, 1.6459400653839111, 0.07720000296831131, -1.2072160243988037, -1.1689499616622925]
[0.014972539618611336, -0.07184023410081863, 0.37168771028518677, 1.8876914978027344, -0.20738719403743744, 0.8142592310905457] [0.2163359671831131, -0.46944597363471985, 0.3481760621070862, 1.357632040977478, 1.6474740505218506, 0.07720000296831131, -1.1903420686721802, -1.152076005935669]
[0.009871899150311947, -0.06466267257928848, 0.37354499101638794, 1.8621189594268799, -0.20814722776412964, 0.8644037246704102] [0.20713196694850922, -0.429561972618103, 0.3190300464630127, 1.356097936630249, 1.6474740505218506, 0.07720000296831131, -1.1734681129455566, -1.132133960723877]
[0.00426408601924777, -0.05694626644253731, 0.3743886947631836, 1.836685299873352, -0.2002853900194168, 0.9203094840049744] [0.1963939666748047, -0.3835419714450836, 0.2868160605430603, 1.356097936630249, 1.6474740505218506, 0.07720000296831131, -1.1611961126327515, -1.1183279752731323]
[-0.001144557842053473, -0.049435555934906006, 0.3737785816192627, 1.804226040840149, -0.1780649572610855, 0.974729597568512] [0.18105396628379822, -0.34825998544692993, 0.23312604427337646, 1.356097936630249, 1.6459400653839111, 0.07680000364780426, -1.1473901271820068, -1.1045219898223877]
[-0.0062035308219492435, -0.04273058846592903, 0.37224656343460083, 1.7721738815307617, -0.14836697280406952, 1.0230131149291992] [0.1703159660100937, -0.30377396941185, 0.1855720430612564, 1.356097936630249, 1.6474740505218506, 0.07680000364780426, -1.1320500373840332, -1.0876480340957642]
[-0.011544355191290379, -0.035796403884887695, 0.37012770771980286, 1.741870403289795, -0.11532306671142578, 1.0705901384353638] [0.16264596581459045, -0.26695796847343445, 0.14108604192733765, 1.3514959812164307, 1.6474740505218506, 0.07680000364780426, -1.1151760816574097, -1.0723079442977905]
[-0.015640314668416977, -0.03172057494521141, 0.36770099401474, 1.7199753522872925, -0.08549093455076218, 1.0996578931808472] [0.15650996565818787, -0.23167596757411957, 0.09506604075431824, 1.3514959812164307, 1.6474740505218506, 0.07720000296831131, -1.101370096206665, -1.058501958847046]
[-0.020977918058633804, -0.026938078925013542, 0.36569803953170776, 1.6896973848342896, -0.05418175831437111, 1.1357879638671875] [0.14883996546268463, -0.1963939666748047, 0.04444403946399689, 1.3514959812164307, 1.6474740505218506, 0.07680000364780426, -1.0860300064086914, -1.0416280031204224]
[-0.026485685259103775, -0.02198009379208088, 0.36320337653160095, 1.6592798233032227, -0.019372273236513138, 1.1730369329452515] [0.1411699652671814, -0.1611119657754898, 0.001492038369178772, 1.3514959812164307, 1.6474740505218506, 0.07720000296831131, -1.0737581253051758, -1.0293560028076172]
[-0.03284148499369621, -0.016223356127738953, 0.35928741097450256, 1.6276835203170776, 0.026423819363117218, 1.2157407999038696] [0.13963596522808075, -0.12429595738649368, -0.04759596288204193, 1.3514959812164307, 1.6474740505218506, 0.07720000296831131, -1.06302011013031, -1.020151972770691]
[-0.03662220761179924, -0.012843932025134563, 0.3566252887248993, 1.6128860712051392, 0.05377122759819031, 1.2422223091125488] [0.13963596522808075, -0.08747996389865875, -0.08441196382045746, 1.3514959812164307, 1.6474740505218506, 0.07720000296831131, -1.0568840503692627, -1.014016032218933]
[-0.041182950139045715, -0.009038198739290237, 0.3539518415927887, 1.5956954956054688, 0.08145371079444885, 1.2741060256958008] [0.13963596522808075, -0.05986796319484711, -0.10895595699548721, 1.3499619960784912, 1.6474740505218506, 0.07720000296831131, -1.0507481098175049, -1.0094139575958252]
[-0.04438529908657074, -0.0051784999668598175, 0.3519580066204071, 1.5837711095809937, 0.10206879675388336, 1.2966974973678589] [0.13963596522808075, -0.02765396237373352, -0.11969395726919174, 1.3361560106277466, 1.6474740505218506, 0.07720000296831131, -1.046146035194397, -1.0048120021820068]
[-0.046697948127985, -0.002968750661239028, 0.35136353969573975, 1.5754725933074951, 0.1099068894982338, 1.310797095298767] [0.13963596522808075, -0.013847962021827698, -0.13196596503257751, 1.3361560106277466, 1.6474740505218506, 0.07720000296831131, -1.0415440797805786, -1.001744031906128]
[-0.04892968386411667, -0.0013461393536999822, 0.35016530752182007, 1.5673943758010864, 0.12252066284418106, 1.3245891332626343] [0.13963596522808075, 0.00762803852558136, -0.14883996546268463, 1.3346220254898071, 1.6474740505218506, 0.07720000296831131, -1.0369420051574707, -0.99714195728302]
[-0.05183893442153931, 0.0013154922053217888, 0.3483946621417999, 1.5578893423080444, 0.14053751528263092, 1.3454039096832275] [0.13963596522808075, 0.02757003903388977, -0.1611119657754898, 1.3346220254898071, 1.6474740505218506, 0.07720000296831131, -1.0354080200195312, -0.99714195728302]
[-0.05386804789304733, 0.00329728820361197, 0.34802114963531494, 1.5540775060653687, 0.14504919946193695, 1.3614965677261353] [0.13963596522808075, 0.045978039503097534, -0.1641799658536911, 1.3284859657287598, 1.6474740505218506, 0.07720000296831131, -1.0354080200195312, -0.99714195728302]
[-0.05520173907279968, 0.00537352217361331, 0.3480672240257263, 1.5504792928695679, 0.14535638689994812, 1.3735297918319702] [0.13963596522808075, 0.0643860399723053, -0.1641799658536911, 1.3254179954528809, 1.6474740505218506, 0.07720000296831131, -1.0354080200195312, -0.99714195728302]
[-0.05592035502195358, 0.006260133348405361, 0.3479313850402832, 1.5491278171539307, 0.1471766084432602, 1.3793857097625732] [0.13963596522808075, 0.06592004001140594, -0.1641799658536911, 1.3254179954528809, 1.6474740505218506, 0.07720000296831131, -1.0354080200195312, -0.99714195728302]
[-0.05606173351407051, 0.006432317662984133, 0.34794023633003235, 1.5507867336273193, 0.14720487594604492, 1.3809552192687988] [0.13963596522808075, 0.07205604016780853, -0.16264596581459045, 1.3254179954528809, 1.6459400653839111, 0.07720000296831131, -1.0354080200195312, -0.99714195728302]
[-0.05722321942448616, 0.008443012833595276, 0.347738116979599, 1.5508257150650024, 0.14834201335906982, 1.3917335271835327] [0.13963596522808075, 0.08893004059791565, -0.1641799658536911, 1.317747950553894, 1.6459400653839111, 0.07680000364780426, -1.0369420051574707, -0.99714195728302]
[-0.057840004563331604, 0.009737598709762096, 0.34766048192977905, 1.5501290559768677, 0.14835992455482483, 1.3978337049484253] [0.1411699652671814, 0.09660004079341888, -0.1641799658536911, 1.3085440397262573, 1.6474740505218506, 0.07720000296831131, -1.0369420051574707, -0.9986760020256042]
[-0.05694602429866791, 0.009671316482126713, 0.34750229120254517, 1.5520052909851074, 0.14818058907985687, 1.392062783241272] [0.14270396530628204, 0.09660004079341888, -0.1641799658536911, 1.3054759502410889, 1.6459400653839111, 0.07720000296831131, -1.0369420051574707, -1.0002100467681885]
[-0.056484173983335495, 0.009571116417646408, 0.34690752625465393, 1.5556769371032715, 0.14865680038928986, 1.389815330505371] [0.15037396550178528, 0.09660004079341888, -0.16571396589279175, 1.3039419651031494, 1.6459400653839111, 0.07720000296831131, -1.0400100946426392, -1.001744031906128]
[-0.05629642680287361, 0.009521274827420712, 0.34542936086654663, 1.5612865686416626, 0.15606145560741425, 1.3904119729995728] [0.15344196557998657, 0.09660004079341888, -0.17645196616649628, 1.3039419651031494, 1.6474740505218506, 0.07720000296831131, -1.043078064918518, -1.0048120021820068]
[-0.055727045983076096, 0.009281902574002743, 0.3437091112136841, 1.5592219829559326, 0.16966833174228668, 1.3880361318588257] [0.15344196557998657, 0.09660004079341888, -0.18565596640110016, 1.299340009689331, 1.6474740505218506, 0.07680000364780426, -1.046146035194397, -1.0078799724578857]
[-0.053903475403785706, 0.009317443706095219, 0.3431685268878937, 1.5598745346069336, 0.172340527176857, 1.377524495124817] [0.15344196557998657, 0.09660004079341888, -0.1871899664402008, 1.2855340242385864, 1.6474740505218506, 0.07720000296831131, -1.0492141246795654, -1.0109479427337646]
[-0.051415059715509415, 0.009006308391690254, 0.34285882115364075, 1.5638290643692017, 0.17202258110046387, 1.3613505363464355] [0.15650996565818787, 0.09660004079341888, -0.18565596640110016, 1.2717280387878418, 1.6459400653839111, 0.07680000364780426, -1.0553500652313232, -1.0186179876327515]
[-0.05018807202577591, 0.009015676565468311, 0.3424074053764343, 1.5669867992401123, 0.17299309372901917, 1.3591591119766235] [0.15497596561908722, 0.09660004079341888, -0.18565596640110016, 1.2717280387878418, 1.6459400653839111, 0.07720000296831131, -1.06302011013031, -1.0247540473937988]
[-0.04855870455503464, 0.0085761658847332, 0.3415616750717163, 1.5799800157546997, 0.17405426502227783, 1.3566956520080566] [0.15650996565818787, 0.09506604075431824, -0.1841219663619995, 1.2701940536499023, 1.6459400653839111, 0.07680000364780426, -1.066088080406189, -1.0308899879455566]
[-0.045806653797626495, 0.007241217419505119, 0.3406340181827545, 1.592803955078125, 0.1743966042995453, 1.3439819812774658] [0.15497596561908722, 0.087396040558815, -0.18258796632289886, 1.2548539638519287, 1.6474740505218506, 0.07720000296831131, -1.0752921104431152, -1.040094017982483]
[-0.04185860604047775, 0.0055503277108073235, 0.34008678793907166, 1.5969880819320679, 0.17441001534461975, 1.3181790113449097] [0.15650996565818787, 0.07359004020690918, -0.17798596620559692, 1.2395139932632446, 1.6474740505218506, 0.07720000296831131, -1.0829620361328125, -1.0462299585342407]
[-0.03778355196118355, 0.004575791303068399, 0.339753657579422, 1.6040356159210205, 0.17152003943920135, 1.2945300340652466] [0.15650996565818787, 0.07359004020690918, -0.17491796612739563, 1.210368037223816, 1.6474740505218506, 0.07720000296831131, -1.0937000513076782, -1.055433988571167]
[-0.032198466360569, 0.003845800179988146, 0.339053213596344, 1.6104152202606201, 0.17123660445213318, 1.2619695663452148] [0.15497596561908722, 0.07205604016780853, -0.17338396608829498, 1.1858240365982056, 1.6459400653839111, 0.07680000364780426, -1.101370096206665, -1.0677059888839722]
[-0.02808099426329136, 0.003443126566708088, 0.3388829231262207, 1.6134167909622192, 0.16999851167201996, 1.2395917177200317] [0.15344196557998657, 0.07205604016780853, -0.16878196597099304, 1.1566779613494873, 1.6459400653839111, 0.07720000296831131, -1.1136420965194702, -1.078444004058838]
[-0.022662444040179253, 0.00269734556786716, 0.3384194076061249, 1.623453140258789, 0.16692602634429932, 1.2119907140731812] [0.15190796554088593, 0.07205604016780853, -0.16264596581459045, 1.1367360353469849, 1.6459400653839111, 0.07680000364780426, -1.124380111694336, -1.0876480340957642]
[-0.01823217049241066, 0.002006039721891284, 0.3380105197429657, 1.6257566213607788, 0.166014164686203, 1.1882425546646118] [0.14577196538448334, 0.07052204012870789, -0.1611119657754898, 1.109123945236206, 1.6459400653839111, 0.07720000296831131, -1.1335840225219727, -1.0983860492706299]
[-0.013917566277086735, 0.0007670390768907964, 0.33765339851379395, 1.6288585662841797, 0.16526739299297333, 1.1630053520202637] [0.14577196538448334, 0.06745404005050659, -0.15650996565818787, 1.0861139297485352, 1.6459400653839111, 0.07720000296831131, -1.1412540674209595, -1.1075899600982666]
[-0.009526150301098824, -0.0001575861097080633, 0.33711063861846924, 1.632139801979065, 0.164695605635643, 1.1363290548324585] [0.1442379653453827, 0.06745404005050659, -0.15344196557998657, 1.058501958847046, 1.6459400653839111, 0.07720000296831131, -1.1504580974578857, -1.1152600049972534]
[-0.005739368963986635, -0.0010475778253749013, 0.33647119998931885, 1.6357790231704712, 0.16506345570087433, 1.117478847503662] [0.14270396530628204, 0.06745404005050659, -0.15344196557998657, 1.040094017982483, 1.6459400653839111, 0.07720000296831131, -1.1565940380096436, -1.1213959455490112]
[-0.0017455883789807558, -0.002036712598055601, 0.3359363377094269, 1.636259913444519, 0.16623470187187195, 1.0899760723114014] [0.13656796514987946, 0.06745404005050659, -0.15190796554088593, 1.0063459873199463, 1.6459400653839111, 0.07720000296831131, -1.162730097770691, -1.1259980201721191]
[0.0020385298412293196, -0.0031643921975046396, 0.33630460500717163, 1.6298316717147827, 0.1646788865327835, 1.0632117986679077] [0.12889796495437622, 0.06745404005050659, -0.15344196557998657, 0.9802680015563965, 1.6459400653839111, 0.07720000296831131, -1.1688660383224487, -1.1336679458618164]
[0.007451541721820831, -0.004839503671973944, 0.33663347363471985, 1.6225923299789429, 0.16347283124923706, 1.0257866382598877] [0.12122795730829239, 0.06745404005050659, -0.15344196557998657, 0.9465199708938599, 1.6459400653839111, 0.07720000296831131, -1.178070068359375, -1.1398040056228638]
[0.012013919651508331, -0.006490402389317751, 0.33636775612831116, 1.6172645092010498, 0.16448691487312317, 0.9930732250213623] [0.11355795711278915, 0.06745404005050659, -0.15190796554088593, 0.912771999835968, 1.6459400653839111, 0.07680000364780426, -1.1872740983963013, -1.152076005935669]
[0.01650632545351982, -0.008091194555163383, 0.3368609547615051, 1.610331416130066, 0.16191038489341736, 0.9630798697471619] [0.10128595679998398, 0.06745404005050659, -0.15344196557998657, 0.8744219541549683, 1.6459400653839111, 0.07720000296831131, -1.198012113571167, -1.1643480062484741]
[0.021881239488720894, -0.010047512128949165, 0.3369988203048706, 1.6050660610198975, 0.1602802276611328, 0.9290260672569275] [0.09361596405506134, 0.06745404005050659, -0.15190796554088593, 0.8514119982719421, 1.6459400653839111, 0.07680000364780426, -1.2102841138839722, -1.1766200065612793]
[0.027262168005108833, -0.012019103392958641, 0.3373963534832001, 1.5986509323120117, 0.1572926640510559, 0.8964044451713562] [0.08134396374225616, 0.06745404005050659, -0.15344196557998657, 0.8191980123519897, 1.6459400653839111, 0.07680000364780426, -1.2225561141967773, -1.187358021736145]
[0.03239735588431358, -0.014082654379308224, 0.33678898215293884, 1.597744345664978, 0.1580389440059662, 0.8660878539085388] [0.07060596346855164, 0.06745404005050659, -0.15344196557998657, 0.7900519967079163, 1.6459400653839111, 0.07720000296831131, -1.231760025024414, -1.1965620517730713]
[0.03716905042529106, -0.01611967943608761, 0.3369230329990387, 1.5926843881607056, 0.15613368153572083, 0.834869921207428] [0.0629359632730484, 0.06745404005050659, -0.15190796554088593, 0.7609059810638428, 1.6459400653839111, 0.07720000296831131, -1.2394300699234009, -1.2011640071868896]
[0.04128377512097359, -0.018183724954724312, 0.33659684658050537, 1.58985435962677, 0.15596860647201538, 0.8052998185157776] [0.05679996311664581, 0.06745404005050659, -0.15344196557998657, 0.7317599654197693, 1.6459400653839111, 0.07720000296831131, -1.2424980401992798, -1.202697992324829]
[0.044440243393182755, -0.01992500200867653, 0.33581504225730896, 1.5890840291976929, 0.15846028923988342, 0.7795259356498718] [0.05679996311664581, 0.06745404005050659, -0.15344196557998657, 0.7072159647941589, 1.6459400653839111, 0.07720000296831131, -1.2440320253372192, -1.202697992324829]
[0.04738805443048477, -0.02157801203429699, 0.33565858006477356, 1.5858154296875, 0.15847769379615784, 0.7533639669418335] [0.055265963077545166, 0.06898804008960724, -0.15344196557998657, 0.6750019788742065, 1.6459400653839111, 0.07720000296831131, -1.2440320253372192, -1.2042319774627686]
[0.05029841139912605, -0.024007728323340416, 0.33547091484069824, 1.5822815895080566, 0.15777687728405, 0.7224285006523132] [0.05373196303844452, 0.07052204012870789, -0.15344196557998657, 0.6443219780921936, 1.6459400653839111, 0.07680000364780426, -1.2486340999603271, -1.210368037223816]
[0.05280197039246559, -0.025351878255605698, 0.3358969986438751, 1.5774682760238647, 0.15549978613853455, 0.7006936073303223] [0.046061962842941284, 0.07052204012870789, -0.15344196557998657, 0.6259139776229858, 1.6444060802459717, 0.07720000296831131, -1.2655080556869507, -1.2272419929504395]
[0.056145235896110535, -0.026598813012242317, 0.33726218342781067, 1.5682978630065918, 0.14896725118160248, 0.6829643249511719] [0.02765396237373352, 0.07052204012870789, -0.15344196557998657, 0.6121079921722412, 1.6459400653839111, 0.07680000364780426, -1.2869840860366821, -1.2502520084381104]
[0.06015441566705704, -0.02704574353992939, 0.33855506777763367, 1.5633563995361328, 0.14336559176445007, 0.6745855808258057] [0.001575961709022522, 0.07052204012870789, -0.15344196557998657, 0.6090399622917175, 1.6459400653839111, 0.07720000296831131, -1.309994101524353, -1.2732620239257812]
[0.06414706259965897, -0.02710925228893757, 0.33887454867362976, 1.5598262548446655, 0.14057686924934387, 0.6743824481964111] [-0.019900038838386536, 0.07052204012870789, -0.15344196557998657, 0.6090399622917175, 1.6444060802459717, 0.07720000296831131, -1.325334072113037, -1.2870680093765259]
[0.06790333241224289, -0.027725761756300926, 0.33617332577705383, 1.5699018239974976, 0.14986887574195862, 0.6726908087730408] [-0.024502038955688477, 0.07052204012870789, -0.15344196557998657, 0.6105740070343018, 1.6459400653839111, 0.07720000296831131, -1.325334072113037, -1.2870680093765259]
[0.06873476505279541, -0.027348630130290985, 0.33519279956817627, 1.5718882083892822, 0.15330658853054047, 0.6766130328178406] [-0.02296803891658783, 0.07052204012870789, -0.15344196557998657, 0.6105740070343018, 1.6444060802459717, 0.07680000364780426, -1.325334072113037, -1.2855340242385864]
[0.06911730021238327, -0.02734956331551075, 0.3349057734012604, 1.5762523412704468, 0.15387162566184998, 0.6771165132522583] [-0.024502038955688477, 0.07052204012870789, -0.15190796554088593, 0.6121079921722412, 1.6459400653839111, 0.07720000296831131, -1.325334072113037, -1.2855340242385864]
[0.06918609142303467, -0.02726638689637184, 0.3348903954029083, 1.5748283863067627, 0.15360382199287415, 0.6785969138145447] [-0.02757003903388977, 0.07052204012870789, -0.15190796554088593, 0.6136419773101807, 1.6459400653839111, 0.07680000364780426, -1.325334072113037, -1.284000039100647]
[0.0690113753080368, -0.026857076212763786, 0.3350578844547272, 1.576545238494873, 0.153269961476326, 0.6833346486091614] [-0.029104039072990417, 0.07052204012870789, -0.15190796554088593, 0.6167099475860596, 1.6444060802459717, 0.07720000296831131, -1.3222661018371582, -1.282465934753418]
[0.06823781877756119, -0.026332663372159004, 0.33553847670555115, 1.576168417930603, 0.15146632492542267, 0.6908965110778809] [-0.02757003903388977, 0.07052204012870789, -0.15344196557998657, 0.6243799924850464, 1.6444060802459717, 0.07720000296831131, -1.3191981315612793, -1.279397964477539]
[0.0672343447804451, -0.025606472045183182, 0.33642128109931946, 1.5702446699142456, 0.14906884729862213, 0.6944167613983154] [-0.02757003903388977, 0.07052204012870789, -0.15344196557998657, 0.6335839629173279, 1.6459400653839111, 0.07680000364780426, -1.3145960569381714, -1.2747960090637207]
[0.0651605948805809, -0.023803040385246277, 0.33880022168159485, 1.5642069578170776, 0.14125807583332062, 0.7032814025878906] [-0.02757003903388977, 0.07052204012870789, -0.15344196557998657, 0.638185977935791, 1.6459400653839111, 0.07680000364780426, -1.3053920269012451, -1.2671259641647339]
[0.06331314146518707, -0.02341492474079132, 0.3399829864501953, 1.5558151006698608, 0.13834528625011444, 0.7063572406768799] [-0.021434038877487183, 0.07052204012870789, -0.15957796573638916, 0.6397199630737305, 1.6459400653839111, 0.07680000364780426, -1.29312002658844, -1.2579219341278076]
[0.06137184426188469, -0.0235295370221138, 0.3405236601829529, 1.5464327335357666, 0.13812841475009918, 0.705832839012146] [-0.01836603879928589, 0.06898804008960724, -0.16571396589279175, 0.6397199630737305, 1.6459400653839111, 0.07720000296831131, -1.2839161157608032, -1.2471840381622314]
[0.0596839003264904, -0.02387399785220623, 0.3420344293117523, 1.541969656944275, 0.13205204904079437, 0.7051628232002258] [-0.015298038721084595, 0.06745404005050659, -0.16571396589279175, 0.6412539482116699, 1.6474740505218506, 0.07720000296831131, -1.2793140411376953, -1.2395139932632446]
[0.058044709265232086, -0.023707369342446327, 0.34299299120903015, 1.5393719673156738, 0.12826810777187347, 0.7078849077224731] [-0.0122300386428833, 0.06745404005050659, -0.1672479659318924, 0.6443219780921936, 1.6474740505218506, 0.07720000296831131, -1.2701101303100586, -1.2318439483642578]
[0.05700050666928291, -0.024279706180095673, 0.3434029221534729, 1.5377086400985718, 0.12712758779525757, 0.7031196355819702] [-0.003026038408279419, 0.0643860399723053, -0.16878196597099304, 0.6427879929542542, 1.6474740505218506, 0.07680000364780426, -1.2639740705490112, -1.222640037536621]
[0.05547945573925972, -0.024574579671025276, 0.3432861864566803, 1.5353742837905884, 0.12855994701385498, 0.7029165029525757] [0.003109961748123169, 0.06285203993320465, -0.1703159660100937, 0.6443219780921936, 1.6474740505218506, 0.07720000296831131, -1.2532360553741455, -1.2134360074996948]
[0.05431128293275833, -0.02489875815808773, 0.34306153655052185, 1.536344289779663, 0.13008224964141846, 0.7013590931892395] [0.01231396198272705, 0.05978403985500336, -0.17338396608829498, 0.6473900079727173, 1.6474740505218506, 0.07680000364780426, -1.2440320253372192, -1.2042319774627686]
[0.05243322625756264, -0.025360822677612305, 0.3426666259765625, 1.533431887626648, 0.13265952467918396, 0.701238751411438] [0.019983962178230286, 0.05671603977680206, -0.17491796612739563, 0.6473900079727173, 1.64900803565979, 0.07680000364780426, -1.231760025024414, -1.1950279474258423]
[0.05112336203455925, -0.026022035628557205, 0.34273651242256165, 1.5349946022033691, 0.1320374757051468, 0.6981530785560608] [0.03225596249103546, 0.050580039620399475, -0.17491796612739563, 0.6504579782485962, 1.64900803565979, 0.07680000364780426, -1.2240900993347168, -1.1842899322509766]
[0.049378734081983566, -0.02786722034215927, 0.3427191376686096, 1.535326361656189, 0.13236168026924133, 0.6919718980789185] [0.04145996272563934, 0.03677403926849365, -0.17491796612739563, 0.6611959934234619, 1.64900803565979, 0.07680000364780426, -1.2118180990219116, -1.1689499616622925]
[0.04706995189189911, -0.03016480803489685, 0.3425527513027191, 1.5353748798370361, 0.13494513928890228, 0.6902372241020203] [0.050663962960243225, 0.0122300386428833, -0.17798596620559692, 0.6857399940490723, 1.64900803565979, 0.07720000296831131, -1.201080083847046, -1.1612800359725952]
[0.04442378506064415, -0.033203303813934326, 0.3427073061466217, 1.5318528413772583, 0.13777241110801697, 0.6909708976745605] [0.055265963077545166, -0.013847962021827698, -0.18258796632289886, 0.7133519649505615, 1.64900803565979, 0.07680000364780426, -1.1903420686721802, -1.1536099910736084]
[0.0417325422167778, -0.036117635667324066, 0.3427542746067047, 1.5306644439697266, 0.14066991209983826, 0.6934332847595215] [0.0629359632730484, -0.039925962686538696, -0.18565596640110016, 0.7470999956130981, 1.64900803565979, 0.07680000364780426, -1.1826720237731934, -1.1413379907608032]
[0.03902794048190117, -0.03879304602742195, 0.34266430139541626, 1.528315782546997, 0.14474336802959442, 0.6957597136497498] [0.06907196342945099, -0.06907196342945099, -0.1902579665184021, 0.7793139815330505, 1.64900803565979, 0.07720000296831131, -1.1688660383224487, -1.1305999755859375]
[0.03565036132931709, -0.04180493578314781, 0.34254759550094604, 1.5271334648132324, 0.14883604645729065, 0.7011359930038452] [0.07674196362495422, -0.10281995683908463, -0.19485996663570404, 0.8207319974899292, 1.64900803565979, 0.07680000364780426, -1.158128023147583, -1.1198619604110718]
[0.033204127103090286, -0.04396506026387215, 0.34226563572883606, 1.529143214225769, 0.151985764503479, 0.7055633068084717] [0.08287796378135681, -0.13656796514987946, -0.1963939666748047, 0.8606159687042236, 1.64900803565979, 0.07680000364780426, -1.1473901271820068, -1.1106579303741455]
[0.02911660075187683, -0.04798818379640579, 0.34225285053253174, 1.5322966575622559, 0.15551738440990448, 0.7112935185432434] [0.09054796397686005, -0.1703159660100937, -0.19792796671390533, 0.8958979845046997, 1.64900803565979, 0.07680000364780426, -1.1366521120071411, -1.0983860492706299]
[0.02578919194638729, -0.05022498965263367, 0.34209033846855164, 1.5344455242156982, 0.15838202834129333, 0.7171865105628967] [0.09668396413326263, -0.19792796671390533, -0.19946196675300598, 0.9357819557189941, 1.6505420207977295, 0.07680000364780426, -1.124380111694336, -1.0861139297485352]
[0.021620584651827812, -0.052165303379297256, 0.3416885435581207, 1.53702712059021, 0.16384311020374298, 0.7288941740989685] [0.10435395687818527, -0.22400596737861633, -0.20406396687030792, 0.9725979566574097, 1.6520761251449585, 0.07680000364780426, -1.1121081113815308, -1.075376033782959]
[0.017136767506599426, -0.05355987325310707, 0.3419917821884155, 1.5374395847320557, 0.1665637493133545, 0.7447180151939392] [0.10742195695638657, -0.251617968082428, -0.2101999670267105, 1.014016032218933, 1.653610110282898, 0.07720000296831131, -1.104438066482544, -1.0677059888839722]
[0.013420426286756992, -0.056042641401290894, 0.3418358862400055, 1.5385117530822754, 0.1716848611831665, 0.7529726028442383] [0.10895595699548721, -0.28383195400238037, -0.21480196714401245, 1.0600359439849854, 1.6551440954208374, 0.07680000364780426, -1.0983021259307861, -1.0615699291229248]
[0.009774979203939438, -0.05840204283595085, 0.34176644682884216, 1.5384846925735474, 0.17726580798625946, 0.7624250650405884] [0.10895595699548721, -0.3145119547843933, -0.22707396745681763, 1.1029880046844482, 1.6551440954208374, 0.07680000364780426, -1.0890980958938599, -1.052366018295288]
[0.004113094415515661, -0.05984828993678093, 0.34132614731788635, 1.5398868322372437, 0.1874285638332367, 0.7865655422210693] [0.10895595699548721, -0.34519195556640625, -0.23781196773052216, 1.1628140211105347, 1.6643481254577637, 0.07680000364780426, -1.0783600807189941, -1.040094017982483]
[-0.0006833410006947815, -0.06296803802251816, 0.3408733606338501, 1.5499615669250488, 0.1974887102842331, 0.7970243692398071] [0.10895595699548721, -0.3896779716014862, -0.25315195322036743, 1.222640037536621, 1.6796880960464478, 0.07680000364780426, -1.0676220655441284, -1.0293560028076172]
[-0.005709944758564234, -0.06581555306911469, 0.340289443731308, 1.5637317895889282, 0.2089802324771881, 0.8088821768760681] [0.10895595699548721, -0.4249599575996399, -0.2623559832572937, 1.260990023612976, 1.6842900514602661, 0.07680000364780426, -1.0568840503692627, -1.020151972770691]
[-0.011014399118721485, -0.06872022897005081, 0.34005028009414673, 1.564639925956726, 0.21545284986495972, 0.8161432147026062] [0.11048995703458786, -0.4541059732437134, -0.27309396862983704, 1.3008739948272705, 1.6842900514602661, 0.07680000364780426, -1.043078064918518, -1.0063459873199463]
[-0.01508671510964632, -0.06913706660270691, 0.3400276005268097, 1.5615003108978271, 0.2207530289888382, 0.8293656706809998] [0.11048995703458786, -0.4740479588508606, -0.2853659689426422, 1.3300199508666992, 1.6842900514602661, 0.07680000364780426, -1.0323400497436523, -0.9956079721450806]
[-0.01815211772918701, -0.07179675996303558, 0.34035012125968933, 1.5567072629928589, 0.22088319063186646, 0.8193623423576355] [0.11355795711278915, -0.4939899742603302, -0.28689998388290405, 1.3300199508666992, 1.6858240365982056, 0.07720000296831131, -1.027738094329834, -0.9925400018692017]
[-0.01839420385658741, -0.07448313385248184, 0.3403916358947754, 1.5541255474090576, 0.21935594081878662, 0.7974875569343567] [0.11662595719099045, -0.5047279596328735, -0.28689998388290405, 1.3208160400390625, 1.6858240365982056, 0.07680000364780426, -1.027738094329834, -0.9910060167312622]
[-0.01784593053162098, -0.07516463100910187, 0.34084901213645935, 1.5512778759002686, 0.2156067043542862, 0.7865974307060242] [0.11969395726919174, -0.5031939744949341, -0.28689998388290405, 1.2978060245513916, 1.6842900514602661, 0.07680000364780426, -1.027738094329834, -0.9925400018692017]
[-0.016130762174725533, -0.07689539343118668, 0.3410583734512329, 1.547483205795288, 0.21236230432987213, 0.7653743028640747] [0.11969395726919174, -0.506261944770813, -0.28383195400238037, 1.2870680093765259, 1.6858240365982056, 0.07680000364780426, -1.030806064605713, -0.99714195728302]
[-0.012454806827008724, -0.07949482649564743, 0.3398795425891876, 1.5500638484954834, 0.21999676525592804, 0.7331159710884094] [0.12276195734739304, -0.506261944770813, -0.2822979688644409, 1.2517859935760498, 1.6842900514602661, 0.07680000364780426, -1.0354080200195312, -1.0002100467681885]
[-0.008312871679663658, -0.08277879655361176, 0.3395237922668457, 1.5497698783874512, 0.22150488197803497, 0.6920405626296997] [0.12582996487617493, -0.5077959895133972, -0.2776959538459778, 1.202697992324829, 1.6842900514602661, 0.07680000364780426, -1.0400100946426392, -1.0032780170440674]
[-0.0026343425270169973, -0.0874623954296112, 0.3393600881099701, 1.5439435243606567, 0.21748080849647522, 0.6326355338096619] [0.12889796495437622, -0.5077959895133972, -0.27309396862983704, 1.1474740505218506, 1.6842900514602661, 0.07680000364780426, -1.043078064918518, -1.0063459873199463]
[0.0016746788751333952, -0.09143830090761185, 0.33964717388153076, 1.537367343902588, 0.21235765516757965, 0.5836213827133179] [0.13196596503257751, -0.5077959895133972, -0.27002596855163574, 1.0999200344085693, 1.6842900514602661, 0.07680000364780426, -1.0446120500564575, -1.0078799724578857]
[0.005847313906997442, -0.09604854881763458, 0.33962133526802063, 1.5305005311965942, 0.20816056430339813, 0.5315818786621094] [0.1350339651107788, -0.5077959895133972, -0.2684919834136963, 1.0492980480194092, 1.6827560663223267, 0.07680000364780426, -1.046146035194397, -1.0094139575958252]
[0.009019775316119194, -0.09975048899650574, 0.3398282825946808, 1.5257006883621216, 0.20272377133369446, 0.4904773235321045] [0.13656796514987946, -0.5077959895133972, -0.2654239535331726, 1.0048120021820068, 1.6827560663223267, 0.07680000364780426, -1.0522820949554443, -1.0216859579086304]
[0.011950653977692127, -0.10253866761922836, 0.3403513431549072, 1.5257606506347656, 0.19579419493675232, 0.4591675102710724] [0.13656796514987946, -0.5077959895133972, -0.251617968082428, 0.9802680015563965, 1.6827560663223267, 0.07720000296831131, -1.0706900358200073, -1.040094017982483]
[0.015596308745443821, -0.10469125956296921, 0.3406570553779602, 1.5359046459197998, 0.18789196014404297, 0.43625718355178833] [0.13656796514987946, -0.5077959895133972, -0.23320996761322021, 0.9557240009307861, 1.6827560663223267, 0.07720000296831131, -1.0921660661697388, -1.0600359439849854]
[0.019530462101101875, -0.10608618706464767, 0.34056270122528076, 1.549399495124817, 0.18376053869724274, 0.4207517206668854] [0.1350339651107788, -0.506261944770813, -0.2132679671049118, 0.9327139854431152, 1.6827560663223267, 0.07680000364780426, -1.1059720516204834, -1.075376033782959]
[0.02429468184709549, -0.10867249220609665, 0.3399018943309784, 1.5635929107666016, 0.1807747334241867, 0.39362844824790955] [0.1350339651107788, -0.5077959895133972, -0.1933259665966034, 0.905102014541626, 1.6827560663223267, 0.07680000364780426, -1.1213120222091675, -1.090716004371643]
[0.029131339862942696, -0.11171171069145203, 0.3401736319065094, 1.5792534351348877, 0.17056967318058014, 0.36298078298568726] [0.1350339651107788, -0.5077959895133972, -0.17184996604919434, 0.8713539838790894, 1.6827560663223267, 0.07680000364780426, -1.135118007659912, -1.1045219898223877]
[0.03216702118515968, -0.11361028254032135, 0.33933958411216736, 1.5898131132125854, 0.17110475897789001, 0.3447350561618805] [0.1350339651107788, -0.5077959895133972, -0.14730596542358398, 0.8483439683914185, 1.6827560663223267, 0.07720000296831131, -1.155060052871704, -1.1244640350341797]
[0.03658401593565941, -0.11633577942848206, 0.3392494320869446, 1.60566246509552, 0.1644344925880432, 0.31917762756347656] [0.13349996507167816, -0.5077959895133972, -0.12736396491527557, 0.8130619525909424, 1.6827560663223267, 0.07680000364780426, -1.1704000234603882, -1.1398040056228638]
[0.04230954498052597, -0.12056778371334076, 0.33852797746658325, 1.626548171043396, 0.15922664105892181, 0.27831342816352844] [0.13349996507167816, -0.5077959895133972, -0.10281995683908463, 0.78084796667099, 1.6812220811843872, 0.07680000364780426, -1.1842060089111328, -1.1536099910736084]
[0.04623585194349289, -0.12341289967298508, 0.33809491991996765, 1.6411621570587158, 0.15492898225784302, 0.2517997622489929] [0.13196596503257751, -0.5077959895133972, -0.07827596366405487, 0.7547699809074402, 1.6812220811843872, 0.07680000364780426, -1.2026140689849854, -1.1735520362854004]
[0.050327327102422714, -0.12651681900024414, 0.33762118220329285, 1.6576913595199585, 0.1514054238796234, 0.22180086374282837] [0.12889796495437622, -0.506261944770813, -0.05219796299934387, 0.7210220098495483, 1.6812220811843872, 0.07680000364780426, -1.221022129058838, -1.190425992012024]
[0.054376862943172455, -0.12947382032871246, 0.3372619152069092, 1.6748324632644653, 0.14685283601284027, 0.19454656541347504] [0.12429595738649368, -0.5077959895133972, -0.024585962295532227, 0.6888079643249512, 1.6812220811843872, 0.07680000364780426, -1.2394300699234009, -1.205765962600708]
[0.05923769623041153, -0.13343371450901031, 0.33572614192962646, 1.6976521015167236, 0.14755332469940186, 0.15939342975616455] [0.12429595738649368, -0.5077959895133972, -0.001575961709022522, 0.6627299785614014, 1.6827560663223267, 0.07720000296831131, -1.2563040256500244, -1.2272419929504395]
[0.06312578171491623, -0.13671743869781494, 0.33546575903892517, 1.7191612720489502, 0.14231236279010773, 0.12820419669151306] [0.12122795730829239, -0.506261944770813, 0.03677403926849365, 0.6213119626045227, 1.6827560663223267, 0.07680000364780426, -1.2793140411376953, -1.248718023300171]
[0.06763535737991333, -0.14039377868175507, 0.3330334722995758, 1.7417995929718018, 0.14748157560825348, 0.09845700860023499] [0.1181599572300911, -0.5077959895133972, 0.05825003981590271, 0.6013699769973755, 1.6827560663223267, 0.07680000364780426, -1.3007900714874268, -1.2701940536499023]
[0.07136092334985733, -0.14234530925750732, 0.33099833130836487, 1.7527520656585693, 0.15434624254703522, 0.07955589890480042] [0.10588795691728592, -0.5077959895133972, 0.07819204032421112, 0.572223961353302, 1.6827560663223267, 0.07720000296831131, -1.3222661018371582, -1.2916699647903442]
[0.07618589699268341, -0.1456974297761917, 0.3292491137981415, 1.761259913444519, 0.15820863842964172, 0.05157805234193802] [0.10128595679998398, -0.5077959895133972, 0.09199804067611694, 0.5492140054702759, 1.6812220811843872, 0.07680000364780426, -1.3222661018371582, -1.2901359796524048]
[0.07810936868190765, -0.14827147126197815, 0.32818159461021423, 1.7740402221679688, 0.16052046418190002, 0.029642503708600998] [0.10128595679998398, -0.5077959895133972, 0.10427004098892212, 0.5446119904518127, 1.6827560663223267, 0.07680000364780426, -1.3222661018371582, -1.2901359796524048]
[0.07857292890548706, -0.14848199486732483, 0.32963889837265015, 1.7889738082885742, 0.14979568123817444, 0.027295634150505066] [0.09975196421146393, -0.5077959895133972, 0.12881404161453247, 0.5446119904518127, 1.6827560663223267, 0.07720000296831131, -1.3222661018371582, -1.2901359796524048]
[0.07912686467170715, -0.1501389741897583, 0.3341408371925354, 1.8407446146011353, 0.11680406332015991, 0.018728546798229218] [0.09668396413326263, -0.5169999599456787, 0.20398004353046417, 0.5400099754333496, 1.6827560663223267, 0.07680000364780426, -1.3222661018371582, -1.2901359796524048]
[0.07885129749774933, -0.1543930470943451, 0.3393329083919525, 1.9065937995910645, 0.07788373529911041, -0.00615294324234128] [0.09821796417236328, -0.5277379751205444, 0.3190300464630127, 0.533873975276947, 1.6842900514602661, 0.07680000364780426, -1.3238000869750977, -1.2901359796524048]
[0.07920119166374207, -0.16712965071201324, 0.35062360763549805, 2.125901222229004, -0.007435362786054611, -0.10687348246574402] [0.11048995703458786, -0.5246700048446655, 0.6335000395774841, 0.42649397253990173, 1.6842900514602661, 0.07680000364780426, -1.3238000869750977, -1.2932039499282837]
[0.07650909572839737, -0.18779143691062927, 0.3546563386917114, 2.41452956199646, -0.03243362531065941, -0.2708290219306946] [0.13196596503257751, -0.5246700048446655, 0.9264940619468689, 0.3405899703502655, 1.6842900514602661, 0.07680000364780426, -1.3238000869750977, -1.2947380542755127]
[0.07324022799730301, -0.1976071447134018, 0.3549145758152008, 2.6257340908050537, -0.042333249002695084, -0.3428536057472229] [0.1611119657754898, -0.5246700048446655, 1.1182440519332886, 0.3405899703502655, 1.6858240365982056, 0.07680000364780426, -1.3238000869750977, -1.2947380542755127]
[0.07133280485868454, -0.20214961469173431, 0.35235878825187683, 2.7258081436157227, -0.03509392961859703, -0.374957412481308] [0.1902579665184021, -0.5246700048446655, 1.1842060089111328, 0.3405899703502655, 1.6873581409454346, 0.07680000364780426, -1.3238000869750977, -1.2947380542755127]
[0.07066787034273148, -0.20367683470249176, 0.35019516944885254, 2.760514259338379, -0.026636430993676186, -0.3851129710674286] [0.1963939666748047, -0.5231359601020813, 1.2194880247116089, 0.3375219702720642, 1.6873581409454346, 0.07680000364780426, -1.3238000869750977, -1.2947380542755127]
[0.06992372125387192, -0.20537211000919342, 0.3504951596260071, 2.7884726524353027, -0.028455495834350586, -0.39621642231941223] [0.19792796671390533, -0.5246700048446655, 1.251702070236206, 0.3344539701938629, 1.688892126083374, 0.07680000364780426, -1.3238000869750977, -1.2932039499282837]
[0.06941413879394531, -0.20645028352737427, 0.34980344772338867, 2.81230092048645, -0.0253208689391613, -0.4043111205101013] [0.20559796690940857, -0.5216019749641418, 1.2915860414505005, 0.3283179700374603, 1.6950280666351318, 0.07680000364780426, -1.3238000869750977, -1.2947380542755127]
[0.06896325200796127, -0.20831350982189178, 0.3466906249523163, 2.8720507621765137, -0.002479166490957141, -0.4225834012031555] [0.2101999670267105, -0.5123980045318604, 1.3498780727386475, 0.2822979688644409, 1.6965620517730713, 0.07680000364780426, -1.325334072113037, -1.2932039499282837]
[0.06573028117418289, -0.21713761985301971, 0.3297964036464691, 3.0038580894470215, 0.1473167985677719, -0.49816203117370605] [0.20713196694850922, -0.5077959895133972, 1.5769100189208984, 0.01691596210002899, 1.6980960369110107, 0.07680000364780426, -1.325334072113037, -1.2916699647903442]
[0.05621427670121193, -0.22329458594322205, 0.303117960691452, -3.091935157775879, 0.32323163747787476, -0.5523096323013306] [0.2976379692554474, -0.5108639597892761, 1.711902141571045, 0.024585962295532227, 1.691960096359253, 0.07680000364780426, -1.325334072113037, -1.2901359796524048]
[0.056342318654060364, -0.22303514182567596, 0.3030652403831482, -3.0898122787475586, 0.32336702942848206, -0.5507820248603821] [0.2976379692554474, -0.5093299746513367, 1.710368037223816, 0.02765396237373352, 1.691960096359253, 0.07680000364780426, -1.325334072113037, -1.2901359796524048]
[0.05618593096733093, -0.22308051586151123, 0.30244505405426025, -3.094223976135254, 0.3261711001396179, -0.5511143207550049] [0.3007059693336487, -0.5093299746513367, 1.704232096672058, 0.030721962451934814, 1.691960096359253, 0.07680000364780426, -1.325334072113037, -1.2901359796524048]
[0.05607755109667778, -0.2232562154531479, 0.3025262951850891, -3.099519729614258, 0.32594287395477295, -0.5525407195091248] [0.30223995447158813, -0.5108639597892761, 1.6996300220489502, 0.030721962451934814, 1.691960096359253, 0.07680000364780426, -1.325334072113037, -1.2916699647903442]
[0.05607930198311806, -0.22329197824001312, 0.3024880290031433, -3.1008405685424805, 0.32599160075187683, -0.552473247051239] [0.30223995447158813, -0.5093299746513367, 1.6996300220489502, 0.030721962451934814, 1.691960096359253, 0.07680000364780426, -1.325334072113037, -1.2916699647903442]
[0.05611995607614517, -0.22302889823913574, 0.3021627962589264, -3.1009254455566406, 0.3274245858192444, -0.5510962605476379] [0.3007059693336487, -0.5093299746513367, 1.7011641263961792, 0.030721962451934814, 1.691960096359253, 0.07680000364780426, -1.325334072113037, -1.2916699647903442]
[0.056263312697410583, -0.22301612794399261, 0.30235862731933594, -3.1017417907714844, 0.3264046609401703, -0.5508173108100891] [0.30223995447158813, -0.5093299746513367, 1.7011641263961792, 0.030721962451934814, 1.691960096359253, 0.07680000364780426, -1.325334072113037, -1.2916699647903442]
[0.05614202842116356, -0.2230500429868698, 0.3024454414844513, -3.098360538482666, 0.3258403241634369, -0.5507672429084778] [0.30223995447158813, -0.5093299746513367, 1.6996300220489502, 0.030721962451934814, 1.691960096359253, 0.07680000364780426, -1.325334072113037, -1.2916699647903442]
[0.05617775768041611, -0.22303065657615662, 0.3023785650730133, -3.0999953746795654, 0.3260563313961029, -0.5507492423057556] [0.3007059693336487, -0.5093299746513367, 1.6996300220489502, 0.030721962451934814, 1.691960096359253, 0.07680000364780426, -1.325334072113037, -1.2916699647903442]
[0.05626250058412552, -0.22304049134254456, 0.30234813690185547, -3.100255012512207, 0.3264700770378113, -0.5508826971054077] [0.30223995447158813, -0.5093299746513367, 1.7011641263961792, 0.030721962451934814, 1.691960096359253, 0.07680000364780426, -1.325334072113037, -1.2916699647903442]
