[0.05472622066736221, -0.2226240634918213, 0.3110974133014679, -2.812795400619507, 0.2781592309474945, -0.5238538384437561] [0.2654239535331726, -0.4878539741039276, 1.8438260555267334, 0.02765396237373352, 1.7932040691375732, 0.9968000054359436, -1.3069260120391846, -1.2855340242385864]
[0.057033367455005646, -0.21981467306613922, 0.3111608624458313, -2.8212082386016846, 0.2815137207508087, -0.5193148851394653] [0.27616196870803833, -0.4878539741039276, 1.8438260555267334, 0.029187962412834167, 1.7932040691375732, 0.06680000573396683, -1.3069260120391846, -1.2855340242385864]
[0.057023484259843826, -0.21980278193950653, 0.3111933171749115, -2.821197032928467, 0.28140518069267273, -0.5193114280700684] [0.2746279835700989, -0.4878539741039276, 1.8438260555267334, 0.02765396237373352, 1.7932040691375732, 0.06640000641345978, -1.3069260120391846, -1.2855340242385864]
[0.057063356041908264, -0.2197725921869278, 0.31119975447654724, -2.8214945793151855, 0.28153112530708313, -0.5193718671798706] [0.27616196870803833, -0.4878539741039276, 1.8438260555267334, 0.029187962412834167, 1.7932040691375732, 0.06680000573396683, -1.3069260120391846, -1.2855340242385864]
[0.05713735893368721, -0.21961398422718048, 0.31123805046081543, -2.8363404273986816, 0.2813241183757782, -0.51873779296875] [0.2746279835700989, -0.4878539741039276, 1.8269520998001099, 0.029187962412834167, 1.7886021137237549, 0.06680000573396683, -1.3069260120391846, -1.2855340242385864]
[0.057229410856962204, -0.21945767104625702, 0.31129395961761475, -2.848737955093384, 0.281322181224823, -0.518663763999939] [0.2746279835700989, -0.4878539741039276, 1.823884129524231, 0.030721962451934814, 1.7701940536499023, 0.06680000573396683, -1.3069260120391846, -1.2855340242385864]
[0.05765056237578392, -0.21902208030223846, 0.3116737902164459, -2.889416217803955, 0.2801622450351715, -0.5181410908699036] [0.2715599536895752, -0.4878539741039276, 1.8085440397262573, 0.035323962569236755, 1.7410480976104736, 0.06640000641345978, -1.3053920269012451, -1.282465934753418]
[0.05811019614338875, -0.21868057548999786, 0.3132342994213104, -2.915093183517456, 0.2721537947654724, -0.5168311595916748] [0.26082196831703186, -0.4878539741039276, 1.7947380542755127, 0.039925962686538696, 1.7333780527114868, 0.06640000641345978, -1.3053920269012451, -1.279397964477539]
[0.05830856412649155, -0.21839553117752075, 0.31547853350639343, -2.932853937149048, 0.2600770890712738, -0.5149173140525818] [0.26082196831703186, -0.4878539741039276, 1.7793980836868286, 0.04145996272563934, 1.7318440675735474, 0.06680000573396683, -1.3038580417633057, -1.2778639793395996]
[0.058896638453006744, -0.21803411841392517, 0.31866729259490967, -2.957857608795166, 0.23326057195663452, -0.5130620002746582] [0.25928795337677, -0.48631995916366577, 1.7563880681991577, 0.0859459638595581, 1.7257081270217896, 0.06640000641345978, -1.3038580417633057, -1.279397964477539]
[0.05940680205821991, -0.21802638471126556, 0.322933167219162, -2.9757959842681885, 0.19615668058395386, -0.5122630000114441] [0.25928795337677, -0.48631995916366577, 1.7349120378494263, 0.12736396491527557, 1.7257081270217896, 0.06640000641345978, -1.3038580417633057, -1.279397964477539]
[0.06016141176223755, -0.21743552386760712, 0.32952505350112915, -3.00687837600708, 0.13916362822055817, -0.5077030658721924] [0.25928795337677, -0.48631995916366577, 1.7011641263961792, 0.1841219663619995, 1.7241740226745605, 0.06680000573396683, -1.3038580417633057, -1.279397964477539]
[0.060811225324869156, -0.21635732054710388, 0.33590370416641235, -3.0354347229003906, 0.085533507168293, -0.5001022219657898] [0.25775396823883057, -0.4847859740257263, 1.6612800359725952, 0.251617968082428, 1.7257081270217896, 0.06640000641345978, -1.3038580417633057, -1.279397964477539]
[0.06204328313469887, -0.2129254937171936, 0.3454758822917938, -3.0887060165405273, 0.0014998764963820577, -0.4768563508987427] [0.25775396823883057, -0.48325198888778687, 1.57230806350708, 0.37893998622894287, 1.7241740226745605, 0.06640000641345978, -1.3038580417633057, -1.279397964477539]
[0.06493883579969406, -0.19732247292995453, 0.3635636568069458, 2.9897096157073975, -0.16233935952186584, -0.3603741526603699] [0.25928795337677, -0.48325198888778687, 1.325334072113037, 0.579893946647644, 1.7257081270217896, 0.06640000641345978, -1.3053920269012451, -1.279397964477539]
[0.06722670793533325, -0.17332346737384796, 0.37466228008270264, 2.7641327381134033, -0.2717549204826355, -0.1710798293352127] [0.25928795337677, -0.47251397371292114, 1.1259140968322754, 0.7056819796562195, 1.7257081270217896, 0.06680000573396683, -1.3053920269012451, -1.2778639793395996]
[0.06881526857614517, -0.15507400035858154, 0.3743819296360016, 2.6122777462005615, -0.2783432900905609, -0.027362987399101257] [0.25928795337677, -0.4587079882621765, 0.9878540635108948, 0.7578380107879639, 1.7257081270217896, 0.06680000573396683, -1.3053920269012451, -1.2778639793395996]
[0.06924723833799362, -0.14243605732917786, 0.3729335069656372, 2.533367156982422, -0.2740268409252167, 0.06885066628456116] [0.25928795337677, -0.4249599575996399, 0.9433680772781372, 0.7869839668273926, 1.7241740226745605, 0.06680000573396683, -1.3038580417633057, -1.2747960090637207]
[0.07090694457292557, -0.13254615664482117, 0.37196555733680725, 2.537566900253296, -0.27283617854118347, 0.1212523877620697] [0.25928795337677, -0.37740597128868103, 0.9234260320663452, 0.7961879968643188, 1.7257081270217896, 0.06680000573396683, -1.3053920269012451, -1.2747960090637207]
[0.07185953110456467, -0.11875951290130615, 0.37107962369918823, 2.5239205360412598, -0.27244460582733154, 0.2001606971025467] [0.25775396823883057, -0.3283179700374603, 0.8912120461463928, 0.8130619525909424, 1.7241740226745605, 0.06680000573396683, -1.3038580417633057, -1.2732620239257812]
[0.0711633563041687, -0.1077057272195816, 0.3707135319709778, 2.5018649101257324, -0.27451905608177185, 0.2698359489440918] [0.2562199831008911, -0.28076398372650146, 0.8436580896377563, 0.846809983253479, 1.722640037536621, 0.06640000641345978, -1.3038580417633057, -1.2686599493026733]
[0.06598386913537979, -0.0885922759771347, 0.36653846502304077, 2.362321138381958, -0.2401002198457718, 0.4285343289375305] [0.24701596796512604, -0.2792299687862396, 0.5982180833816528, 0.951121985912323, 1.722640037536621, 0.06680000573396683, -1.3023240566253662, -1.2686599493026733]
[0.05389850214123726, -0.06602206826210022, 0.3542298376560211, 2.176328659057617, -0.13899919390678406, 0.6471565365791321] [0.24394796788692474, -0.2746279835700989, 0.4080020487308502, 1.052366018295288, 1.7241740226745605, 0.06640000641345978, -1.294654130935669, -1.2579219341278076]
[0.048458270728588104, -0.05711933225393295, 0.3519083559513092, 2.142064094543457, -0.11766786873340607, 0.7225908637046814] [0.24087996780872345, -0.2454819679260254, 0.3911280632019043, 1.0677059888839722, 1.722640037536621, 0.06640000641345978, -1.2823820114135742, -1.245650053024292]
[0.04275896027684212, -0.048644714057445526, 0.3546910285949707, 2.1279587745666504, -0.13340339064598083, 0.7881559729576111] [0.23474396765232086, -0.20406396687030792, 0.3711860477924347, 1.093783974647522, 1.7165040969848633, 0.06640000641345978, -1.271644115447998, -1.228775978088379]
[0.03518010303378105, -0.03714191913604736, 0.35699155926704407, 2.0921146869659424, -0.14529982209205627, 0.8715160489082336] [0.22860796749591827, -0.13656796514987946, 0.35277804732322693, 1.1152600049972534, 1.691960096359253, 0.07160000503063202, -1.2563040256500244, -1.2165039777755737]
[0.028141776099801064, -0.0283944234251976, 0.35818037390708923, 2.0421173572540283, -0.15229706466197968, 0.9387429356575012] [0.22860796749591827, -0.09821796417236328, 0.3297680616378784, 1.132133960723877, 1.6612800359725952, 0.06360000371932983, -1.2486340999603271, -1.202697992324829]
[0.022440152242779732, -0.023161130025982857, 0.35979047417640686, 2.0112826824188232, -0.15488868951797485, 0.9836416840553284] [0.22400596737861633, -0.08287796378135681, 0.3128940463066101, 1.1413379907608032, 1.64900803565979, 0.06360000371932983, -1.2348281145095825, -1.1888920068740845]
[0.018050024285912514, -0.020814836025238037, 0.3604104220867157, 1.974054217338562, -0.15263240039348602, 1.0080190896987915] [0.22400596737861633, -0.07520796358585358, 0.2898840308189392, 1.14900803565979, 1.6367360353469849, 0.06360000371932983, -1.2179540395736694, -1.172018051147461]
[0.013486496172845364, -0.018759414553642273, 0.36052048206329346, 1.9453392028808594, -0.14315640926361084, 1.031674861907959] [0.22247196733951569, -0.06753796339035034, 0.25920403003692627, 1.1597459316253662, 1.6229300498962402, 0.06360000371932983, -1.1964781284332275, -1.152076005935669]
[0.007915708236396313, -0.016508333384990692, 0.36024269461631775, 1.887483835220337, -0.13128788769245148, 1.0593008995056152] [0.22400596737861633, -0.0629359632730484, 0.23159204423427582, 1.1750860214233398, 1.5815120935440063, 0.06360000371932983, -1.1734681129455566, -1.1305999755859375]
[0.0019029575632885098, -0.014458812773227692, 0.35986804962158203, 1.8118451833724976, -0.1188369020819664, 1.0849865674972534] [0.22400596737861633, -0.05679996311664581, 0.20551404356956482, 1.187358021736145, 1.515550136566162, 0.12439999729394913, -1.1565940380096436, -1.113726019859314]
[-0.004032331518828869, -0.012157384306192398, 0.3594909608364105, 1.7379441261291504, -0.11050701141357422, 1.1126973628997803] [0.22707396745681763, -0.04912996292114258, 0.18250404298305511, 1.1965620517730713, 1.5124820470809937, 0.06480000168085098, -1.1412540674209595, -1.0983860492706299]
[-0.010775779373943806, -0.01030418835580349, 0.3595811724662781, 1.7076407670974731, -0.10037578642368317, 1.1437259912490845] [0.22860796749591827, -0.04452796280384064, 0.1625620424747467, 1.2211060523986816, 1.5124820470809937, 0.06520000100135803, -1.1213120222091675, -1.0769100189208984]
[-0.01658276468515396, -0.00927781779319048, 0.3585081696510315, 1.6905708312988281, -0.08796314895153046, 1.1693824529647827] [0.2362779676914215, -0.04299396276473999, 0.13188204169273376, 1.2349120378494263, 1.5124820470809937, 0.06480000168085098, -1.101370096206665, -1.0600359439849854]
[-0.020983396098017693, -0.008464610204100609, 0.35695549845695496, 1.6626616716384888, -0.06469646096229553, 1.183410406112671] [0.2362779676914215, -0.04145996272563934, 0.10120204091072083, 1.241047978401184, 1.5109480619430542, 0.06480000168085098, -1.084496021270752, -1.0416280031204224]
[-0.025773225352168083, -0.007231636438518763, 0.3557822108268738, 1.6342486143112183, -0.04445847496390343, 1.200452446937561] [0.2362779676914215, -0.03378996253013611, 0.06898804008960724, 1.2502520084381104, 1.5124820470809937, 0.06480000168085098, -1.06302011013031, -1.0216859579086304]
[-0.031052689999341965, -0.005724337417632341, 0.3549259305000305, 1.6094725131988525, -0.026515787467360497, 1.2207114696502686] [0.23781196773052216, -0.026119962334632874, 0.0383080393075943, 1.260990023612976, 1.5124820470809937, 0.06480000168085098, -1.046146035194397, -1.0063459873199463]
[-0.03614389896392822, -0.004304415080696344, 0.3535517454147339, 1.5876727104187012, -0.007782280445098877, 1.239888310432434] [0.2424139678478241, -0.019983962178230286, 0.019900038838386536, 1.2625240087509155, 1.5124820470809937, 0.06480000168085098, -1.030806064605713, -0.989471971988678]
[-0.03986913338303566, -0.003499360289424658, 0.3522607088088989, 1.5761210918426514, 0.00396410608664155, 1.2470494508743286] [0.25315195322036743, -0.009245961904525757, 0.006094038486480713, 1.260990023612976, 1.5124820470809937, 0.06480000168085098, -1.0200680494308472, -0.978734016418457]
[-0.04381256923079491, -0.0015624698717147112, 0.34981071949005127, 1.574561357498169, 0.018613697960972786, 1.2618159055709839] [0.2715599536895752, 0.003026038408279419, -0.00771196186542511, 1.260990023612976, 1.5124820470809937, 0.06480000168085098, -1.0123980045318604, -0.9710639715194702]
[-0.04639346897602081, -0.000993685214780271, 0.34749704599380493, 1.578902006149292, 0.029157869517803192, 1.2672078609466553] [0.2884339690208435, 0.004560038447380066, -0.01231396198272705, 1.260990023612976, 1.5124820470809937, 0.06480000168085098, -1.004728078842163, -0.9633939862251282]
[-0.04817362502217293, -0.001066111959517002, 0.34577998518943787, 1.58358895778656, 0.03505716472864151, 1.2677885293960571] [0.30377396941185, 0.004560038447380066, -0.015381962060928345, 1.260990023612976, 1.5124820470809937, 0.06480000168085098, -0.9985920786857605, -0.9572579860687256]
[-0.049628086388111115, -0.0010886563686653972, 0.34493333101272583, 1.5878937244415283, 0.03628750145435333, 1.2679798603057861] [0.317579984664917, 0.004560038447380066, -0.015381962060928345, 1.2594560384750366, 1.5124820470809937, 0.06480000168085098, -0.9909220933914185, -0.951121985912323]
[-0.05092940852046013, -0.0010991437593474984, 0.34418654441833496, 1.5914697647094727, 0.037274084985256195, 1.2681738138198853] [0.32218196988105774, 0.004560038447380066, -0.015381962060928345, 1.2594560384750366, 1.5124820470809937, 0.06480000168085098, -0.9878540635108948, -0.9465199708938599]
[-0.05138540640473366, -0.0010741541627794504, 0.3444235920906067, 1.588141679763794, 0.03687656670808792, 1.2649774551391602] [0.3237159848213196, 0.004560038447380066, -0.015381962060928345, 1.2579219341278076, 1.5124820470809937, 0.06480000168085098, -0.9878540635108948, -0.9480539560317993]
[-0.05180523544549942, -0.0010455904994159937, 0.3445364534854889, 1.5879454612731934, 0.035424504429101944, 1.2648000717163086] [0.3237159848213196, 0.004560038447380066, -0.015381962060928345, 1.2579219341278076, 1.5124820470809937, 0.06520000100135803, -0.9878540635108948, -0.9480539560317993]
[-0.05127319321036339, -0.0013073162408545613, 0.3445999026298523, 1.5849666595458984, 0.036895595490932465, 1.258642315864563] [0.3237159848213196, 0.004560038447380066, -0.013847962021827698, 1.2517859935760498, 1.5124820470809937, 0.06480000168085098, -0.9909220933914185, -0.9495880007743835]
[-0.05039448291063309, -0.0016075038583949208, 0.34442222118377686, 1.587960958480835, 0.03686390444636345, 1.2524906396865845] [0.3237159848213196, 0.001492038369178772, -0.013847962021827698, 1.245650053024292, 1.5124820470809937, 0.06480000168085098, -0.9939900636672974, -0.9526559710502625]
[-0.048349421471357346, -0.0023610505741089582, 0.3442062437534332, 1.5895222425460815, 0.03721732646226883, 1.2356163263320923] [0.32524996995925903, -0.001575961709022522, -0.013847962021827698, 1.2349120378494263, 1.5124820470809937, 0.06480000168085098, -0.9985920786857605, -0.9572579860687256]
[-0.047592923045158386, -0.0025443038903176785, 0.34403088688850403, 1.5915673971176147, 0.03812668099999428, 1.2341638803482056] [0.3237159848213196, -0.003109961748123169, -0.01231396198272705, 1.2333779335021973, 1.5124820470809937, 0.06480000168085098, -1.007796049118042, -0.9695299863815308]
[-0.04549490287899971, -0.003115597879514098, 0.34379664063453674, 1.5964807271957397, 0.0383128859102726, 1.2264906167984009] [0.32218196988105774, -0.00771196186542511, -0.009245961904525757, 1.2318439483642578, 1.5109480619430542, 0.06480000168085098, -1.0185340642929077, -0.9818019866943359]
[-0.044031232595443726, -0.003221697872504592, 0.3439091145992279, 1.5991318225860596, 0.03921572491526604, 1.2249952554702759] [0.3145119547843933, -0.01231396198272705, -0.00771196186542511, 1.2318439483642578, 1.5124820470809937, 0.06480000168085098, -1.030806064605713, -0.9940739870071411]
[-0.04110568016767502, -0.004189519677311182, 0.34345731139183044, 1.6063400506973267, 0.0406116284430027, 1.2158229351043701] [0.3114439845085144, -0.019983962178230286, -0.006177961826324463, 1.2303099632263184, 1.5109480619430542, 0.06480000168085098, -1.0415440797805786, -1.0032780170440674]
[-0.03893626481294632, -0.004668387584388256, 0.3428134620189667, 1.6155571937561035, 0.04258604347705841, 1.2129628658294678] [0.3114439845085144, -0.019983962178230286, -0.004643961787223816, 1.2272419929504395, 1.5109480619430542, 0.06480000168085098, -1.046146035194397, -1.0063459873199463]
[-0.03722793236374855, -0.004905997775495052, 0.3417912423610687, 1.6256299018859863, 0.046140655875205994, 1.2088948488235474] [0.3114439845085144, -0.019983962178230286, -0.003109961748123169, 1.222640037536621, 1.5109480619430542, 0.06520000100135803, -1.0492141246795654, -1.0078799724578857]
[-0.03424403443932533, -0.006389381363987923, 0.3401276171207428, 1.6359869241714478, 0.054868463426828384, 1.1896971464157104] [0.3114439845085144, -0.02765396237373352, -0.001575961709022522, 1.210368037223816, 1.5109480619430542, 0.06480000168085098, -1.0507481098175049, -1.0094139575958252]
[-0.032335296273231506, -0.006969693582504988, 0.33953502774238586, 1.641369104385376, 0.05814290791749954, 1.1792430877685547] [0.30990996956825256, -0.02765396237373352, -4.1961669921875e-05, 1.2042319774627686, 1.5109480619430542, 0.06480000168085098, -1.0538160800933838, -1.0109479427337646]
[-0.030721358954906464, -0.007282509934157133, 0.3394068777561188, 1.641559362411499, 0.06010280176997185, 1.1697417497634888] [0.3053079843521118, -0.029187962412834167, -4.1961669921875e-05, 1.1950279474258423, 1.5109480619430542, 0.06480000168085098, -1.06302011013031, -1.0262880325317383]
[-0.028527967631816864, -0.0075766039080917835, 0.3400508165359497, 1.6368296146392822, 0.05986480414867401, 1.160172462463379] [0.28689998388290405, -0.029187962412834167, -0.001575961709022522, 1.1796879768371582, 1.5109480619430542, 0.06480000168085098, -1.084496021270752, -1.0446959733963013]
[-0.023853978142142296, -0.008427008986473083, 0.3413723111152649, 1.6294986009597778, 0.05766305327415466, 1.1412310600280762] [0.26695796847343445, -0.029187962412834167, -4.1961669921875e-05, 1.1628140211105347, 1.5109480619430542, 0.06480000168085098, -1.1121081113815308, -1.075376033782959]
[-0.01745333895087242, -0.009296730160713196, 0.34186261892318726, 1.6277025938034058, 0.05917884036898613, 1.1243221759796143] [0.24087996780872345, -0.029187962412834167, -4.1961669921875e-05, 1.1551439762115479, 1.5094140768051147, 0.06480000168085098, -1.1381860971450806, -1.0968519449234009]
[-0.011974144726991653, -0.009413196705281734, 0.3421326279640198, 1.6267906427383423, 0.06054629385471344, 1.1199530363082886] [0.2194039672613144, -0.030721962451934814, -0.001575961709022522, 1.1382700204849243, 1.5063461065292358, 0.06480000168085098, -1.1642640829086304, -1.129065990447998]
[-0.0037414596881717443, -0.010550380684435368, 0.34246009588241577, 1.616045594215393, 0.06326130777597427, 1.0894241333007812] [0.18258796632289886, -0.030721962451934814, -4.1961669921875e-05, 1.109123945236206, 1.5048121213912964, 0.06480000168085098, -1.1918760538101196, -1.14900803565979]
[0.0024176500737667084, -0.011649075895547867, 0.34278935194015503, 1.6125601530075073, 0.06400101631879807, 1.0693120956420898] [0.15957796573638916, -0.030721962451934814, -0.001575961709022522, 1.090716004371643, 1.5048121213912964, 0.06480000168085098, -1.2118180990219116, -1.170483946800232]
[0.008834999985992908, -0.012679764069616795, 0.3428347706794739, 1.6098068952560425, 0.0657288208603859, 1.0463908910751343] [0.1350339651107788, -0.030721962451934814, -4.1961669921875e-05, 1.0646380186080933, 1.5048121213912964, 0.06480000168085098, -1.231760025024414, -1.1888920068740845]
[0.01475410908460617, -0.013616167940199375, 0.34307268261909485, 1.6060547828674316, 0.06683877855539322, 1.0263549089431763] [0.11355795711278915, -0.030721962451934814, -0.001575961709022522, 1.052366018295288, 1.5048121213912964, 0.06480000168085098, -1.2471001148223877, -1.202697992324829]
[0.020112747326493263, -0.014453474432229996, 0.34328144788742065, 1.602078914642334, 0.06741519272327423, 1.0081006288528442] [0.09821796417236328, -0.030721962451934814, -0.003109961748123169, 1.0308899879455566, 1.5048121213912964, 0.06520000100135803, -1.2609061002731323, -1.222640037536621]
[0.026196373626589775, -0.01598324254155159, 0.3430289924144745, 1.597716212272644, 0.06989357620477676, 0.9804877638816833] [0.07674196362495422, -0.030721962451934814, -0.003109961748123169, 1.0032780170440674, 1.5048121213912964, 0.06480000168085098, -1.2793140411376953, -1.2379800081253052]
[0.03150010481476784, -0.01688009686768055, 0.34310686588287354, 1.5903962850570679, 0.07158883661031723, 0.9595310688018799] [0.055265963077545166, -0.030721962451934814, -0.00771196186542511, 0.9802680015563965, 1.5032780170440674, 0.06480000168085098, -1.2992560863494873, -1.2548539638519287]
[0.037890512496232986, -0.018629683181643486, 0.3432707190513611, 1.5824333429336548, 0.07274534553289413, 0.931738555431366] [0.029187962412834167, -0.029187962412834167, -0.009245961904525757, 0.9557240009307861, 1.5032780170440674, 0.06520000100135803, -1.3176640272140503, -1.2778639793395996]
[0.044711221009492874, -0.02027384750545025, 0.34351664781570435, 1.5715411901474, 0.07318679243326187, 0.9023539423942566] [0.003109961748123169, -0.02765396237373352, -0.01231396198272705, 0.9158399701118469, 1.5032780170440674, 0.06480000168085098, -1.3299360275268555, -1.2855340242385864]
[0.050662871450185776, -0.021910184994339943, 0.3411898910999298, 1.577419400215149, 0.08175759762525558, 0.8693755269050598] [0.001575961709022522, -0.019983962178230286, -0.01231396198272705, 0.8790239691734314, 1.501744031906128, 0.06480000168085098, -1.331470012664795, -1.2855340242385864]
[0.055165018886327744, -0.024473315104842186, 0.33966517448425293, 1.5742902755737305, 0.08859468996524811, 0.8330101370811462] [4.1961669921875e-05, -0.019983962178230286, -0.013847962021827698, 0.8406739830970764, 1.5002100467681885, 0.06480000168085098, -1.331470012664795, -1.2855340242385864]
[0.05782884731888771, -0.023702094331383705, 0.3402336835861206, 1.5694659948349, 0.08768443763256073, 0.8102452754974365] [4.1961669921875e-05, -0.003109961748123169, -0.013847962021827698, 0.8069260120391846, 1.5002100467681885, 0.06480000168085098, -1.331470012664795, -1.2855340242385864]
[0.058525435626506805, -0.02346276119351387, 0.34142613410949707, 1.5639495849609375, 0.0842631459236145, 0.8013160824775696] [4.1961669921875e-05, -0.003109961748123169, -0.013847962021827698, 0.8023239970207214, 1.5002100467681885, 0.06480000168085098, -1.331470012664795, -1.2855340242385864]
[0.05821472033858299, -0.023016436025500298, 0.3420059382915497, 1.5620054006576538, 0.08225439488887787, 0.8035858869552612] [4.1961669921875e-05, -0.003109961748123169, -0.013847962021827698, 0.8038579821586609, 1.5002100467681885, 0.06480000168085098, -1.331470012664795, -1.284000039100647]
[0.05817366763949394, -0.02320115454494953, 0.34233999252319336, 1.5607974529266357, 0.08094773441553116, 0.8022957444190979] [4.1961669921875e-05, -0.004643961787223816, -0.015381962060928345, 0.8053919672966003, 1.5002100467681885, 0.06480000168085098, -1.331470012664795, -1.284000039100647]
[0.058043792843818665, -0.023390909656882286, 0.34234121441841125, 1.5594018697738647, 0.0812283530831337, 0.802409827709198] [4.1961669921875e-05, -0.00771196186542511, -0.015381962060928345, 0.8053919672966003, 1.5002100467681885, 0.06480000168085098, -1.331470012664795, -1.284000039100647]
[0.057698704302310944, -0.023424237966537476, 0.3425389528274536, 1.5586974620819092, 0.08029118180274963, 0.8039530515670776] [4.1961669921875e-05, -0.00771196186542511, -0.015381962060928345, 0.8099939823150635, 1.5002100467681885, 0.06480000168085098, -1.3299360275268555, -1.284000039100647]
[0.05729306861758232, -0.023214206099510193, 0.3427139222621918, 1.5583528280258179, 0.07942984253168106, 0.8069973587989807] [-0.001492038369178772, -0.009245961904525757, -0.015381962060928345, 0.8222659826278687, 1.5002100467681885, 0.06480000168085098, -1.3299360275268555, -1.282465934753418]
[0.0564432367682457, -0.02451067976653576, 0.3433186411857605, 1.554757833480835, 0.07742729038000107, 0.8114503026008606] [-0.001492038369178772, -0.026119962334632874, -0.01691596210002899, 0.8314700126647949, 1.5002100467681885, 0.06480000168085098, -1.325334072113037, -1.2809319496154785]
[0.055995162576436996, -0.025082692503929138, 0.3432975709438324, 1.554412603378296, 0.07723694294691086, 0.808340847492218] [4.1961669921875e-05, -0.02765396237373352, -0.01844996213912964, 0.8345379829406738, 1.501744031906128, 0.06480000168085098, -1.3191981315612793, -1.2763299942016602]
[0.05472934991121292, -0.025096731260418892, 0.343662291765213, 1.5484702587127686, 0.07784558832645416, 0.8113275170326233] [0.001575961709022522, -0.02765396237373352, -0.024585962295532227, 0.839139997959137, 1.501744031906128, 0.06480000168085098, -1.313062071800232, -1.2701940536499023]
[0.053173232823610306, -0.02479650266468525, 0.3440263867378235, 1.5432443618774414, 0.07773910462856293, 0.8173539638519287] [0.001575961709022522, -0.029187962412834167, -0.030721962451934814, 0.8452759981155396, 1.5032780170440674, 0.06480000168085098, -1.3084601163864136, -1.2655919790267944]
[0.051432300359010696, -0.024948900565505028, 0.3445684313774109, 1.5373684167861938, 0.07718519866466522, 0.8232983946800232] [0.001575961709022522, -0.030721962451934814, -0.0368579626083374, 0.854479968547821, 1.5048121213912964, 0.06480000168085098, -1.3038580417633057, -1.260990023612976]
[0.05009033903479576, -0.02495645359158516, 0.34460175037384033, 1.5349851846694946, 0.07871351391077042, 0.8294265866279602] [0.003109961748123169, -0.03839196264743805, -0.04145996272563934, 0.8728879690170288, 1.5063461065292358, 0.06480000168085098, -1.2992560863494873, -1.2548539638519287]
[0.04760020971298218, -0.02546021342277527, 0.3449516296386719, 1.5308144092559814, 0.07952955365180969, 0.8415652513504028] [0.006177961826324463, -0.04759596288204193, -0.046061962842941284, 0.8882279992103577, 1.5063461065292358, 0.06520000100135803, -1.2839161157608032, -1.241047978401184]
[0.04544726759195328, -0.028634915128350258, 0.3447522819042206, 1.5185611248016357, 0.08618345856666565, 0.8367897868156433] [0.009245961904525757, -0.07674196362495422, -0.0629359632730484, 0.9219759702682495, 1.5078800916671753, 0.06480000168085098, -1.271644115447998, -1.228775978088379]
[0.04167712479829788, -0.03154328837990761, 0.34476813673973083, 1.507165551185608, 0.09356861561536789, 0.8455703854560852] [0.01231396198272705, -0.10895595699548721, -0.07827596366405487, 0.9572579860687256, 1.5078800916671753, 0.06480000168085098, -1.2609061002731323, -1.2180379629135132]
[0.038832101970911026, -0.03450125455856323, 0.34435582160949707, 1.498868703842163, 0.10146622359752655, 0.848313570022583] [0.01844996213912964, -0.14270396530628204, -0.09054796397686005, 0.9986760020256042, 1.5078800916671753, 0.06480000168085098, -1.251702070236206, -1.208833932876587]
[0.03528391569852829, -0.037193413823843, 0.34394893050193787, 1.4899502992630005, 0.1103379875421524, 0.8569878935813904] [0.019983962178230286, -0.1703159660100937, -0.10281995683908463, 1.0370259284973145, 1.5078800916671753, 0.06480000168085098, -1.2440320253372192, -1.2011640071868896]
[0.03126833960413933, -0.03880207613110542, 0.344186395406723, 1.4854508638381958, 0.11454872041940689, 0.8732463121414185] [0.02305196225643158, -0.1963939666748047, -0.11355795711278915, 1.0815119743347168, 1.5109480619430542, 0.06480000168085098, -1.2302260398864746, -1.190425992012024]
[0.026591287925839424, -0.04131624102592468, 0.34371116757392883, 1.4874149560928345, 0.12084084749221802, 0.8854803442955017] [0.03378996253013611, -0.22247196733951569, -0.11662595719099045, 1.1198619604110718, 1.5109480619430542, 0.06480000168085098, -1.2179540395736694, -1.1766200065612793]
[0.02199110947549343, -0.04371214285492897, 0.3435076177120209, 1.4898526668548584, 0.12478388100862503, 0.8976837992668152] [0.04299396276473999, -0.2546859681606293, -0.12122795730829239, 1.1582119464874268, 1.515550136566162, 0.06480000168085098, -1.2056820392608643, -1.1628140211105347]
[0.017809715121984482, -0.04607642441987991, 0.34329724311828613, 1.4921011924743652, 0.13032598793506622, 0.9049896597862244] [0.04912996292114258, -0.28383195400238037, -0.13043196499347687, 1.1934939622879028, 1.518618106842041, 0.06480000168085098, -1.193410038948059, -1.1505420207977295]
[0.01441476121544838, -0.049121320247650146, 0.34295961260795593, 1.4913890361785889, 0.13794754445552826, 0.9027436375617981] [0.055265963077545166, -0.3114439845085144, -0.1411699652671814, 1.2211060523986816, 1.5247540473937988, 0.06480000168085098, -1.1796040534973145, -1.1367360353469849]
[0.010027049109339714, -0.05095391720533371, 0.34258100390434265, 1.4979560375213623, 0.14519238471984863, 0.9099061489105225] [0.0660039633512497, -0.33598798513412476, -0.15037396550178528, 1.248718023300171, 1.5354920625686646, 0.06480000168085098, -1.1657980680465698, -1.1213959455490112]
[0.006394091993570328, -0.053810473531484604, 0.3426613211631775, 1.5048277378082275, 0.14915986359119415, 0.9078097343444824] [0.07367396354675293, -0.3666679859161377, -0.1580439656972885, 1.284000039100647, 1.5431621074676514, 0.06480000168085098, -1.1535260677337646, -1.113726019859314]
[0.0026631790678948164, -0.0565677173435688, 0.342672199010849, 1.5065518617630005, 0.15345653891563416, 0.9085977673530579] [0.07674196362495422, -0.3927459716796875, -0.1641799658536911, 1.3070099353790283, 1.5462300777435303, 0.06480000168085098, -1.1443220376968384, -1.1029880046844482]
[-0.0016662545967847109, -0.0580703541636467, 0.34259742498397827, 1.507684588432312, 0.15713785588741302, 0.9203775525093079] [0.07980996370315552, -0.41422197222709656, -0.16878196597099304, 1.3422919511795044, 1.5446960926055908, 0.06520000100135803, -1.135118007659912, -1.093783974647522]
[-0.0052797989919781685, -0.05886177718639374, 0.34271174669265747, 1.5033173561096191, 0.16022315621376038, 0.9300692081451416] [0.08287796378135681, -0.429561972618103, -0.18105396628379822, 1.37910795211792, 1.552366018295288, 0.06480000168085098, -1.1259140968322754, -1.0845799446105957]
[-0.010270440019667149, -0.05987263098359108, 0.34233760833740234, 1.5122077465057373, 0.16888026893138885, 0.9489690661430359] [0.08441196382045746, -0.44950395822525024, -0.19179196655750275, 1.411321997642517, 1.5615700483322144, 0.06480000168085098, -1.1151760816574097, -1.075376033782959]
[-0.014200533740222454, -0.06111197546124458, 0.34222346544265747, 1.5181705951690674, 0.17625047266483307, 0.9581764936447144] [0.08441196382045746, -0.4709799885749817, -0.20406396687030792, 1.4389339685440063, 1.575376033782959, 0.06480000168085098, -1.104438066482544, -1.0646380186080933]
[-0.01730283536016941, -0.06348658353090286, 0.3420056700706482, 1.5284785032272339, 0.18204432725906372, 0.9556680917739868] [0.08747996389865875, -0.4970579743385315, -0.21173396706581116, 1.469614028930664, 1.5891821384429932, 0.06480000168085098, -1.0967680215835571, -1.058501958847046]
[-0.020837940275669098, -0.06488053500652313, 0.34206411242485046, 1.536756157875061, 0.18797707557678223, 0.9617331624031067] [0.08747996389865875, -0.5139319896697998, -0.22247196733951569, 1.4864879846572876, 1.5999200344085693, 0.06480000168085098, -1.0875641107559204, -1.0477639436721802]
[-0.024137940257787704, -0.06732572615146637, 0.34156912565231323, 1.545447587966919, 0.19730830192565918, 0.9569839835166931] [0.08747996389865875, -0.5446119904518127, -0.2393459677696228, 1.5187020301818848, 1.6167941093444824, 0.06480000168085098, -1.0768260955810547, -1.0385600328445435]
[-0.027130788192152977, -0.0694439634680748, 0.341095894575119, 1.557215929031372, 0.20749759674072266, 0.9550403356552124] [0.08747996389865875, -0.5568839907646179, -0.25315195322036743, 1.5248379707336426, 1.6229300498962402, 0.06480000168085098, -1.066088080406189, -1.0262880325317383]
[-0.029341084882616997, -0.06970436125993729, 0.34094324707984924, 1.550110936164856, 0.21327577531337738, 0.9522119760513306] [0.0890139639377594, -0.5568839907646179, -0.2623559832572937, 1.5248379707336426, 1.6275321245193481, 0.06480000168085098, -1.0538160800933838, -1.0155500173568726]
[-0.03125796467065811, -0.07001541554927826, 0.34120482206344604, 1.5534932613372803, 0.2144843339920044, 0.948714017868042] [0.09054796397686005, -0.5599519610404968, -0.26695796847343445, 1.5233039855957031, 1.633668065071106, 0.06480000168085098, -1.0522820949554443, -1.014016032218933]
[-0.03161783143877983, -0.0705053061246872, 0.3420245945453644, 1.547312617301941, 0.20890149474143982, 0.9399935007095337] [0.09054796397686005, -0.5599519610404968, -0.2654239535331726, 1.5140999555587769, 1.633668065071106, 0.06480000168085098, -1.0538160800933838, -1.0155500173568726]
[-0.030159322544932365, -0.07129859179258347, 0.3423158526420593, 1.5453511476516724, 0.20516689121723175, 0.9248799681663513] [0.0920819640159607, -0.5599519610404968, -0.2623559832572937, 1.492624044418335, 1.633668065071106, 0.06480000168085098, -1.0568840503692627, -1.020151972770691]
[-0.02828339673578739, -0.07257773727178574, 0.3423883616924286, 1.5408902168273926, 0.2031347155570984, 0.9066972732543945] [0.0920819640159607, -0.5676219463348389, -0.26082196831703186, 1.4803520441055298, 1.6259980201721191, 0.06480000168085098, -1.0645540952682495, -1.0247540473937988]
[-0.024989813566207886, -0.07479289919137955, 0.3410659432411194, 1.5437462329864502, 0.2138087898492813, 0.8831456303596497] [0.09054796397686005, -0.572223961353302, -0.25928795337677, 1.452739953994751, 1.6244640350341797, 0.06480000168085098, -1.0706900358200073, -1.032423973083496]
[-0.01948140189051628, -0.08032884448766708, 0.34024688601493835, 1.5455037355422974, 0.21583180129528046, 0.8244752287864685] [0.09054796397686005, -0.5921659469604492, -0.2546859681606293, 1.4251279830932617, 1.6229300498962402, 0.06480000168085098, -1.0829620361328125, -1.0431619882583618]
[-0.01468871720135212, -0.08467330783605576, 0.3402789533138275, 1.543472170829773, 0.2125176340341568, 0.7762840390205383] [0.0890139639377594, -0.6059719920158386, -0.2500839829444885, 1.391379952430725, 1.6229300498962402, 0.06480000168085098, -1.0921660661697388, -1.055433988571167]
[-0.01018059067428112, -0.08688228577375412, 0.33971932530403137, 1.5426851511001587, 0.21441997587680817, 0.746099591255188] [0.0859459638595581, -0.6059719920158386, -0.24701596796512604, 1.357632040977478, 1.6213960647583008, 0.06480000168085098, -1.1075060367584229, -1.070773959159851]
[-0.004971671849489212, -0.0893392339348793, 0.3395867645740509, 1.5419007539749146, 0.21146267652511597, 0.7118660807609558] [0.08287796378135681, -0.6059719920158386, -0.2362779676914215, 1.3254179954528809, 1.6213960647583008, 0.06480000168085098, -1.1228461265563965, -1.0861139297485352]
[0.000332946510752663, -0.09167169034481049, 0.3392047882080078, 1.5456451177597046, 0.20939773321151733, 0.6810815334320068] [0.07980996370315552, -0.6059719920158386, -0.22707396745681763, 1.2901359796524048, 1.6198620796203613, 0.06480000168085098, -1.1412540674209595, -1.1045219898223877]
[0.005671312566846609, -0.09400270134210587, 0.33877429366111755, 1.5499216318130493, 0.2063167542219162, 0.6510772705078125] [0.07827596366405487, -0.6059719920158386, -0.21173396706581116, 1.2533199787139893, 1.6198620796203613, 0.06480000168085098, -1.158128023147583, -1.1198619604110718]
[0.012323549948632717, -0.09713668376207352, 0.33871224522590637, 1.5608699321746826, 0.19704748690128326, 0.6127263307571411] [0.07827596366405487, -0.6059719920158386, -0.19179196655750275, 1.2149699926376343, 1.6198620796203613, 0.06480000168085098, -1.1719341278076172, -1.1352019309997559]
[0.017466716468334198, -0.09991767257452011, 0.3385480046272278, 1.569920539855957, 0.1895924061536789, 0.5811141133308411] [0.07827596366405487, -0.6059719920158386, -0.1703159660100937, 1.1796879768371582, 1.6198620796203613, 0.06480000168085098, -1.1888080835342407, -1.1505420207977295]
[0.023006604984402657, -0.10273802280426025, 0.3390391767024994, 1.5794142484664917, 0.17857150733470917, 0.5462489724159241] [0.07674196362495422, -0.6059719920158386, -0.15037396550178528, 1.14900803565979, 1.6198620796203613, 0.06480000168085098, -1.2056820392608643, -1.172018051147461]
[0.027985915541648865, -0.10521089285612106, 0.3391501307487488, 1.5840754508972168, 0.17330951988697052, 0.5195016860961914] [0.0660039633512497, -0.6059719920158386, -0.13963596522808075, 1.1213959455490112, 1.6183280944824219, 0.06480000168085098, -1.2240900993347168, -1.1934939622879028]
[0.03281627595424652, -0.10741580277681351, 0.3388044238090515, 1.5864962339401245, 0.1707450896501541, 0.49543866515159607] [0.05373196303844452, -0.6075059771537781, -0.12582996487617493, 1.093783974647522, 1.6183280944824219, 0.06480000168085098, -1.2455661296844482, -1.210368037223816]
[0.0390600748360157, -0.11009319871664047, 0.338967502117157, 1.594821572303772, 0.1629817932844162, 0.46580544114112854] [0.04452796280384064, -0.6075059771537781, -0.10895595699548721, 1.0661720037460327, 1.6183280944824219, 0.06480000168085098, -1.2670420408248901, -1.2318439483642578]
[0.04363362491130829, -0.11205460876226425, 0.3392605483531952, 1.6029413938522339, 0.1559118777513504, 0.44639432430267334] [0.030721962451934814, -0.6075059771537781, -0.09668396413326263, 1.052366018295288, 1.6183280944824219, 0.06480000168085098, -1.2869840860366821, -1.2517859935760498]
[0.0480719693005085, -0.11286157369613647, 0.33922529220581055, 1.6111828088760376, 0.15052853524684906, 0.4362460970878601] [0.01844996213912964, -0.6059719920158386, -0.08441196382045746, 1.0370259284973145, 1.6183280944824219, 0.06480000168085098, -1.309994101524353, -1.2763299942016602]
[0.05304670333862305, -0.11438387632369995, 0.3396417498588562, 1.6149009466171265, 0.14373034238815308, 0.4194979667663574] [-0.003026038408279419, -0.6075059771537781, -0.07367396354675293, 1.014016032218933, 1.6183280944824219, 0.06480000168085098, -1.325334072113037, -1.2901359796524048]
[0.05758119001984596, -0.1166798397898674, 0.3377015292644501, 1.6160774230957031, 0.15093064308166504, 0.3969744145870209] [-0.004560038447380066, -0.6059719920158386, -0.07367396354675293, 1.001744031906128, 1.6198620796203613, 0.06480000168085098, -1.325334072113037, -1.2901359796524048]
[0.0594441220164299, -0.11764491349458694, 0.33606114983558655, 1.6180119514465332, 0.15867741405963898, 0.38806501030921936] [-0.004560038447380066, -0.6059719920158386, -0.07213996350765228, 0.9879379868507385, 1.6198620796203613, 0.06480000168085098, -1.325334072113037, -1.2901359796524048]
[0.061137132346630096, -0.11984500288963318, 0.3352395296096802, 1.6183936595916748, 0.160971537232399, 0.3666481375694275] [-0.003026038408279419, -0.6059719920158386, -0.07060596346855164, 0.9679960012435913, 1.6183280944824219, 0.06480000168085098, -1.3268680572509766, -1.2916699647903442]
[0.06265335530042648, -0.12196580320596695, 0.3348962068557739, 1.6150343418121338, 0.16192063689231873, 0.34806498885154724] [-0.004560038447380066, -0.6044379472732544, -0.07060596346855164, 0.951121985912323, 1.6183280944824219, 0.06480000168085098, -1.3268680572509766, -1.2916699647903442]
[0.06336506456136703, -0.12328887730836868, 0.33452630043029785, 1.6148930788040161, 0.16309551894664764, 0.334347665309906] [-0.004560038447380066, -0.6044379472732544, -0.07060596346855164, 0.9311800003051758, 1.6183280944824219, 0.06480000168085098, -1.3268680572509766, -1.2932039499282837]
[0.06449403613805771, -0.12528251111507416, 0.33477112650871277, 1.6113327741622925, 0.1608767807483673, 0.31577879190444946] [-0.004560038447380066, -0.6029039621353149, -0.07060596346855164, 0.9204419851303101, 1.6183280944824219, 0.06480000168085098, -1.328402042388916, -1.2916699647903442]
[0.06489700078964233, -0.12598197162151337, 0.3346147835254669, 1.6107171773910522, 0.1615104377269745, 0.3095411956310272] [-0.004560038447380066, -0.6029039621353149, -0.06753796339035034, 0.9173740148544312, 1.6183280944824219, 0.06480000168085098, -1.3268680572509766, -1.2932039499282837]
[0.06513137370347977, -0.12626105546951294, 0.3355422914028168, 1.6157913208007812, 0.15388444066047668, 0.306529700756073] [-0.004560038447380066, -0.6044379472732544, -0.05373196303844452, 0.9066359996795654, 1.6183280944824219, 0.06520000100135803, -1.3268680572509766, -1.2916699647903442]
[0.06613942980766296, -0.12751807272434235, 0.3377263844013214, 1.6278717517852783, 0.13565979897975922, 0.29251325130462646] [-0.004560038447380066, -0.6029039621353149, -0.01844996213912964, 0.8897619843482971, 1.6167941093444824, 0.06480000168085098, -1.3268680572509766, -1.2932039499282837]
[0.06872012466192245, -0.1318502128124237, 0.3467404544353485, 1.7012271881103516, 0.05777505785226822, 0.25017842650413513] [0.00771196186542511, -0.6029039621353149, 0.14108604192733765, 0.808459997177124, 1.6183280944824219, 0.06480000168085098, -1.3268680572509766, -1.2916699647903442]
[0.07356489449739456, -0.15261481702327728, 0.3704394996166229, 1.9443575143814087, -0.13065214455127716, 0.061286330223083496] [0.010779961943626404, -0.5921659469604492, 0.4555560350418091, 0.6673319935798645, 1.6183280944824219, 0.06480000168085098, -1.3268680572509766, -1.2916699647903442]
[0.07333694398403168, -0.16476015746593475, 0.37586066126823425, 2.0885136127471924, -0.17812515795230865, -0.04064438119530678] [0.03225596249103546, -0.5936999917030334, 0.5813440680503845, 0.6320499777793884, 1.6198620796203613, 0.06480000168085098, -1.3268680572509766, -1.2932039499282837]
[0.07317821681499481, -0.16619287431240082, 0.37473922967910767, 2.111295461654663, -0.17566099762916565, -0.052349310368299484] [0.046061962842941284, -0.5936999917030334, 0.6012860536575317, 0.630515992641449, 1.6321340799331665, 0.06480000168085098, -1.3268680572509766, -1.2932039499282837]
[0.07296160608530045, -0.1686411201953888, 0.37489813566207886, 2.153810977935791, -0.17797864973545074, -0.07118745893239975] [0.05219796299934387, -0.5936999917030334, 0.6365680694580078, 0.6090399622917175, 1.6413381099700928, 0.06480000168085098, -1.3268680572509766, -1.2932039499282837]
[0.07248547673225403, -0.17432038486003876, 0.37662413716316223, 2.2233517169952393, -0.18845488131046295, -0.11678267270326614] [0.05219796299934387, -0.5936999917030334, 0.6963940858840942, 0.5706899762153625, 1.6582120656967163, 0.06480000168085098, -1.3268680572509766, -1.2932039499282837]
[0.07205468416213989, -0.17956647276878357, 0.37755292654037476, 2.290769100189209, -0.19240547716617584, -0.16083887219429016] [0.05833396315574646, -0.5737580060958862, 0.8513280749320984, 0.44950395822525024, 1.6628141403198242, 0.06480000168085098, -1.3268680572509766, -1.2932039499282837]
[0.070782370865345, -0.20079486072063446, 0.37161704897880554, 2.5813493728637695, -0.13088327646255493, -0.3544342815876007] [0.06907196342945099, -0.5538159608840942, 1.1719341278076172, 0.21786996722221375, 1.6582120656967163, 0.06480000168085098, -1.328402042388916, -1.2916699647903442]
[0.06407919526100159, -0.22286123037338257, 0.3503349721431732, 2.9044032096862793, 0.057257167994976044, -0.5285987854003906] [0.0859459638595581, -0.5522819757461548, 1.4081701040267944, 0.0859459638595581, 1.6582120656967163, 0.06480000168085098, -1.328402042388916, -1.2901359796524048]
[0.062200095504522324, -0.22633416950702667, 0.34284982085227966, 2.9990615844726562, 0.11724872142076492, -0.5531122088432312] [0.09668396413326263, -0.5522819757461548, 1.4511220455169678, 0.055265963077545166, 1.6597460508346558, 0.06480000168085098, -1.328402042388916, -1.2901359796524048]
[0.0617247149348259, -0.22685515880584717, 0.3386766016483307, 2.998628616333008, 0.14622534811496735, -0.5587807893753052] [0.11662595719099045, -0.5522819757461548, 1.4541900157928467, 0.039925962686538696, 1.6628141403198242, 0.06480000168085098, -1.328402042388916, -1.2901359796524048]
[0.06052286550402641, -0.22732433676719666, 0.3329363167285919, 2.988816499710083, 0.1763353943824768, -0.5644642114639282] [0.1442379653453827, -0.5538159608840942, 1.460326075553894, 0.03378996253013611, 1.6643481254577637, 0.06480000168085098, -1.3268680572509766, -1.2901359796524048]
[0.0595674067735672, -0.22741839289665222, 0.32802000641822815, 2.980560779571533, 0.201582670211792, -0.568165123462677] [0.17491796612739563, -0.5538159608840942, 1.4649280309677124, 0.03225596249103546, 1.6643481254577637, 0.06520000100135803, -1.3268680572509766, -1.2916699647903442]
[0.05782996490597725, -0.22747522592544556, 0.3200529217720032, 2.964172840118408, 0.24040646851062775, -0.5740452408790588] [0.21173396706581116, -0.5538159608840942, 1.4756660461425781, 0.03225596249103546, 1.6643481254577637, 0.06480000168085098, -1.328402042388916, -1.2901359796524048]
[0.05578429996967316, -0.22787579894065857, 0.3134998381137848, 2.9488399028778076, 0.2720090448856354, -0.5810980200767517] [0.25315195322036743, -0.5553499460220337, 1.480268120765686, 0.03378996253013611, 1.6643481254577637, 0.06480000168085098, -1.3268680572509766, -1.2901359796524048]
[0.05423247069120407, -0.22758838534355164, 0.30774372816085815, 2.935884952545166, 0.30043619871139526, -0.5852303504943848] [0.28076398372650146, -0.5538159608840942, 1.4848700761795044, 0.03378996253013611, 1.6643481254577637, 0.06480000168085098, -1.3268680572509766, -1.2916699647903442]
[0.053927041590213776, -0.22767682373523712, 0.3066580593585968, 2.9340858459472656, 0.305733323097229, -0.5862688422203064] [0.2853659689426422, -0.5538159608840942, 1.4848700761795044, 0.035323962569236755, 1.6643481254577637, 0.06480000168085098, -1.3268680572509766, -1.2901359796524048]
[0.05381539836525917, -0.22772067785263062, 0.3063967823982239, 2.9348886013031006, 0.3066326379776001, -0.5864186882972717] [0.2853659689426422, -0.5553499460220337, 1.4848700761795044, 0.0368579626083374, 1.6643481254577637, 0.06480000168085098, -1.3268680572509766, -1.2901359796524048]
[0.05394086241722107, -0.22765791416168213, 0.30672603845596313, 2.9336934089660645, 0.3037321865558624, -0.5853985548019409] [0.2884339690208435, -0.5538159608840942, 1.4848700761795044, 0.03839196264743805, 1.6643481254577637, 0.06480000168085098, -1.3268680572509766, -1.2901359796524048]
[0.053889475762844086, -0.22766244411468506, 0.30647268891334534, 2.932800769805908, 0.30506324768066406, -0.5856642723083496] [0.28996795415878296, -0.5538159608840942, 1.4848700761795044, 0.03839196264743805, 1.6643481254577637, 0.06480000168085098, -1.3268680572509766, -1.2916699647903442]
[0.05390927940607071, -0.2276337593793869, 0.30645161867141724, 2.9327244758605957, 0.30519139766693115, -0.5857356190681458] [0.28996795415878296, -0.5538159608840942, 1.4848700761795044, 0.03839196264743805, 1.6643481254577637, 0.06480000168085098, -1.3268680572509766, -1.2901359796524048]
[0.05384157970547676, -0.22768676280975342, 0.3060756027698517, 2.930598497390747, 0.3067496716976166, -0.5858859419822693] [0.28996795415878296, -0.5538159608840942, 1.4848700761795044, 0.03839196264743805, 1.6643481254577637, 0.06480000168085098, -1.3268680572509766, -1.2901359796524048]
[0.05380894988775253, -0.22784827649593353, 0.30584368109703064, 2.9327828884124756, 0.30724334716796875, -0.5858548879623413] [0.28996795415878296, -0.5538159608840942, 1.4848700761795044, 0.03839196264743805, 1.6643481254577637, 0.06480000168085098, -1.3268680572509766, -1.2916699647903442]
