[0.004794333130121231, -0.2733716070652008, 0.31031671166419983, -2.920109510421753, 0.295847088098526, -0.8646990060806274] [0.3927459716796875, -0.8007899522781372, 1.892914056777954, 0.019983962178230286, 1.862234115600586, 0.9971999526023865, -1.2992560863494873, -1.2947380542755127]
[0.005741138942539692, -0.27244648337364197, 0.3108786642551422, -2.9197676181793213, 0.2936590313911438, -0.8622034788131714] [0.3927459716796875, -0.8007899522781372, 1.892914056777954, 0.021517962217330933, 1.862234115600586, 0.9971999526023865, -1.2992560863494873, -1.282465934753418]
[0.0061629884876310825, -0.2716771066188812, 0.31171396374702454, -2.9176383018493652, 0.2901136577129364, -0.8596319556236267] [0.3927459716796875, -0.7992559671401978, 1.892914056777954, 0.019983962178230286, 1.862234115600586, 0.9971999526023865, -1.29312002658844, -1.2747960090637207]
[0.00617479532957077, -0.2711108922958374, 0.312919944524765, -2.913977861404419, 0.2857183516025543, -0.857215166091919] [0.3927459716796875, -0.8007899522781372, 1.892914056777954, 0.019983962178230286, 1.862234115600586, 0.9971999526023865, -1.29312002658844, -1.2732620239257812]
[0.006139615084975958, -0.2709551155567169, 0.31329047679901123, -2.912914276123047, 0.2844115197658539, -0.8565894961357117] [0.3927459716796875, -0.8007899522781372, 1.892914056777954, 0.019983962178230286, 1.862234115600586, 0.9968000054359436, -1.29312002658844, -1.2732620239257812]
[0.006097848992794752, -0.27087289094924927, 0.31343966722488403, -2.912419557571411, 0.2837745249271393, -0.8562833666801453] [0.3927459716796875, -0.8007899522781372, 1.892914056777954, 0.019983962178230286, 1.862234115600586, 0.9971999526023865, -1.294654130935669, -1.2747960090637207]
[0.006229449063539505, -0.2706322968006134, 0.3134854733943939, -2.9110941886901855, 0.2835211157798767, -0.8544371128082275] [0.3927459716796875, -0.8007899522781372, 1.892914056777954, 0.019983962178230286, 1.862234115600586, 0.9971999526023865, -1.29312002658844, -1.2732620239257812]
[0.00621820380911231, -0.270590215921402, 0.31355026364326477, -2.911057472229004, 0.28326651453971863, -0.8543813228607178] [0.3927459716796875, -0.8007899522781372, 1.892914056777954, 0.019983962178230286, 1.862234115600586, 0.9968000054359436, -1.29312002658844, -1.2732620239257812]
[0.006198926363140345, -0.2704485058784485, 0.3139001131057739, -2.9438910484313965, 0.28182512521743774, -0.8543209433555603] [0.39121198654174805, -0.8007899522781372, 1.8484281301498413, 0.024585962295532227, 1.8560980558395386, 0.07240000367164612, -1.294654130935669, -1.2717280387878418]
[0.006515609100461006, -0.2701830267906189, 0.3142325282096863, -2.9652957916259766, 0.28051793575286865, -0.8530997633934021] [0.39121198654174805, -0.7992559671401978, 1.8254181146621704, 0.04145996272563934, 1.8560980558395386, 0.07240000367164612, -1.294654130935669, -1.2717280387878418]
[0.007785335183143616, -0.26964789628982544, 0.31686171889305115, -2.9892776012420654, 0.2565830945968628, -0.8464825749397278] [0.39121198654174805, -0.7977219820022583, 1.7962720394134521, 0.08441196382045746, 1.8560980558395386, 0.07200000435113907, -1.29312002658844, -1.2717280387878418]
[0.009928307496011257, -0.2688068151473999, 0.32274702191352844, -3.0213944911956787, 0.2046092301607132, -0.8339890241622925] [0.3896779716014862, -0.7900519967079163, 1.745650053024292, 0.17184996604919434, 1.8560980558395386, 0.07240000367164612, -1.29312002658844, -1.2717280387878418]
[0.016939233988523483, -0.26290175318717957, 0.33722466230392456, -3.1335015296936035, 0.07531154155731201, -0.7750194072723389] [0.39121198654174805, -0.7839159965515137, 1.4864040613174438, 0.3896779716014862, 1.8560980558395386, 0.07240000367164612, -1.29312002658844, -1.2717280387878418]
[0.03137575089931488, -0.23918305337429047, 0.36040198802948, 2.8544697761535645, -0.13292445242404938, -0.5620953440666199] [0.38814395666122437, -0.7854499816894531, 1.251702070236206, 0.6274479627609253, 1.8560980558395386, 0.07240000367164612, -1.29312002658844, -1.2671259641647339]
[0.03841137886047363, -0.2147965282201767, 0.3713097870349884, 2.6712255477905273, -0.23912258446216583, -0.3518923223018646] [0.3866099715232849, -0.7839159965515137, 1.1289820671081543, 0.773177981376648, 1.8560980558395386, 0.07240000367164612, -1.29312002658844, -1.2671259641647339]
[0.03966660797595978, -0.20728996396064758, 0.37332025170326233, 2.6242432594299316, -0.26038095355033875, -0.2876111567020416] [0.38814395666122437, -0.7823820114135742, 1.1105740070343018, 0.8053919672966003, 1.857632040977478, 0.07240000367164612, -1.294654130935669, -1.2686599493026733]
[0.04035451263189316, -0.20142829418182373, 0.37535080313682556, 2.598797082901001, -0.28138166666030884, -0.23922839760780334] [0.38814395666122437, -0.7762459516525269, 1.081428050994873, 0.8606159687042236, 1.8560980558395386, 0.07240000367164612, -1.29312002658844, -1.2686599493026733]
[0.04058430716395378, -0.19350722432136536, 0.3778055012226105, 2.553530693054199, -0.30477070808410645, -0.17081937193870544] [0.3820079565048218, -0.7777799963951111, 1.0446120500564575, 0.9204419851303101, 1.8560980558395386, 0.07240000367164612, -1.29312002658844, -1.2671259641647339]
[0.0406528078019619, -0.18687613308429718, 0.3793717622756958, 2.51774001121521, -0.3205310106277466, -0.11310514062643051] [0.3804739713668823, -0.7777799963951111, 0.9909220933914185, 0.9940739870071411, 1.8560980558395386, 0.07240000367164612, -1.29312002658844, -1.2671259641647339]
[0.0404072143137455, -0.1772710084915161, 0.37953051924705505, 2.4582669734954834, -0.3264552056789398, -0.02584218978881836] [0.3804739713668823, -0.7777799963951111, 0.9525720477104187, 1.0446959733963013, 1.8560980558395386, 0.07240000367164612, -1.29312002658844, -1.2671259641647339]
[0.039610084146261215, -0.17049726843833923, 0.38029399514198303, 2.42201828956604, -0.3355208933353424, 0.03612247854471207] [0.3804739713668823, -0.7777799963951111, 0.9203580617904663, 1.0983860492706299, 1.8560980558395386, 0.07240000367164612, -1.29312002658844, -1.2671259641647339]
[0.03850443661212921, -0.16236808896064758, 0.3800869584083557, 2.378471851348877, -0.33671998977661133, 0.11062976717948914] [0.37893998622894287, -0.7793139815330505, 0.8620660305023193, 1.187358021736145, 1.8560980558395386, 0.07240000367164612, -1.29312002658844, -1.2671259641647339]
[0.03359410539269447, -0.13946397602558136, 0.37555357813835144, 2.2567155361175537, -0.29849597811698914, 0.3243233859539032] [0.3697359561920166, -0.7793139815330505, 0.687190055847168, 1.3438260555267334, 1.8560980558395386, 0.07240000367164612, -1.2915860414505005, -1.2579219341278076]
[0.029450329020619392, -0.127405047416687, 0.37196192145347595, 2.1940765380859375, -0.2593296468257904, 0.43909022212028503] [0.3497939705848694, -0.7777799963951111, 0.6457720398902893, 1.3699040412902832, 1.8560980558395386, 0.07240000367164612, -1.290052056312561, -1.2563879489898682]
[0.027214795351028442, -0.1255142241716385, 0.3754833936691284, 2.1769144535064697, -0.28185099363327026, 0.4643617868423462] [0.3344539701938629, -0.7777799963951111, 0.6365680694580078, 1.399049997329712, 1.8560980558395386, 0.07240000367164612, -1.290052056312561, -1.2548539638519287]
[0.02434520795941353, -0.12056315690279007, 0.37479090690612793, 2.1583874225616455, -0.2756391763687134, 0.5151206851005554] [0.3344539701938629, -0.7777799963951111, 0.6089560389518738, 1.4327980279922485, 1.8560980558395386, 0.07240000367164612, -1.290052056312561, -1.2548539638519287]
[0.023424051702022552, -0.11783192306756973, 0.372195303440094, 2.1473991870880127, -0.25219330191612244, 0.5404012203216553] [0.3344539701938629, -0.7777799963951111, 0.5813440680503845, 1.4450700283050537, 1.8560980558395386, 0.07240000367164612, -1.290052056312561, -1.2563879489898682]
[0.022733256220817566, -0.1153632178902626, 0.3705425560474396, 2.1412062644958496, -0.23753781616687775, 0.5614941716194153] [0.3344539701938629, -0.773177981376648, 0.5629360675811768, 1.4558080434799194, 1.8560980558395386, 0.07240000367164612, -1.290052056312561, -1.2548539638519287]
[0.022732296958565712, -0.11203482002019882, 0.36990970373153687, 2.146275043487549, -0.2376459538936615, 0.5846611261367798] [0.3329199552536011, -0.750167965888977, 0.5614020824432373, 1.4573420286178589, 1.8560980558395386, 0.07240000367164612, -1.290052056312561, -1.2533199787139893]
[0.02283022366464138, -0.10911949723958969, 0.36987513303756714, 2.152808904647827, -0.24264264106750488, 0.6029287576675415] [0.3329199552536011, -0.7133519649505615, 0.5614020824432373, 1.4573420286178589, 1.8560980558395386, 0.07240000367164612, -1.290052056312561, -1.2533199787139893]
[0.02314719930291176, -0.10176680237054825, 0.36981692910194397, 2.1692068576812744, -0.25507625937461853, 0.6503706574440002] [0.3329199552536011, -0.6581279635429382, 0.5583340525627136, 1.4573420286178589, 1.8438260555267334, 0.07240000367164612, -1.290052056312561, -1.2533199787139893]
[0.02264939807355404, -0.08824793249368668, 0.36889395117759705, 2.1307437419891357, -0.27421292662620544, 0.733905017375946] [0.3329199552536011, -0.5676219463348389, 0.5537320375442505, 1.4588760137557983, 1.6597460508346558, 0.20080000162124634, -1.2885180711746216, -1.2517859935760498]
[0.020657887682318687, -0.07345932722091675, 0.367380827665329, 2.00948429107666, -0.2966087758541107, 0.8222184181213379] [0.3329199552536011, -0.42035797238349915, 0.5506640672683716, 1.4573420286178589, 1.5784441232681274, 0.05000000447034836, -1.2808480262756348, -1.244115948677063]
[0.012490830384194851, -0.044790126383304596, 0.36921656131744385, 1.9848676919937134, -0.3528549075126648, 1.0030571222305298] [0.3344539701938629, -0.20866596698760986, 0.5291880369186401, 1.4404679536819458, 1.4756660461425781, 0.257999986410141, -1.274712085723877, -1.2364460229873657]
[0.001974907238036394, -0.02276584506034851, 0.36946266889572144, 1.9274834394454956, -0.37531474232673645, 1.1491483449935913] [0.3329199552536011, -0.04299396276473999, 0.4754980504512787, 1.431264042854309, 1.425044059753418, 0.03280000388622284, -1.274712085723877, -1.2349120378494263]
[-0.008545685559511185, -0.008938318118453026, 0.35770925879478455, 1.8451837301254272, -0.26936525106430054, 1.2717933654785156] [0.3267839550971985, -0.035323962569236755, 0.2607380449771881, 1.4450700283050537, 1.4005000591278076, 0.06960000097751617, -1.2701101303100586, -1.2333779335021973]
[-0.017819605767726898, -0.003941134549677372, 0.3388398289680481, 1.7848237752914429, -0.10537959635257721, 1.3601806163787842] [0.3237159848213196, -0.030721962451934814, 0.15029004216194153, 1.4481379985809326, 1.3912960290908813, 0.06960000097751617, -1.2655080556869507, -1.2257080078125]
[-0.019940445199608803, -0.0028359557036310434, 0.33916419744491577, 1.748397707939148, -0.0877898707985878, 1.3800725936889648] [0.3053079843521118, -0.030721962451934814, 0.14722204208374023, 1.452739953994751, 1.389762043952942, 0.06960000097751617, -1.251702070236206, -1.2134360074996948]
[-0.021428970620036125, -0.0029578441753983498, 0.339552640914917, 1.7385995388031006, -0.08346126228570938, 1.381487488746643] [0.3083759546279907, -0.03225596249103546, 0.1426200419664383, 1.452739953994751, 1.389762043952942, 0.06960000097751617, -1.2394300699234009, -1.2011640071868896]
[-0.023213401436805725, -0.0030902023427188396, 0.34080183506011963, 1.727868676185608, -0.08600325137376785, 1.3823753595352173] [0.30684196949005127, -0.03378996253013611, 0.14415404200553894, 1.452739953994751, 1.389762043952942, 0.06960000097751617, -1.2302260398864746, -1.1934939622879028]
[-0.02448706515133381, -0.0034075782168656588, 0.34270140528678894, 1.7190290689468384, -0.09482087939977646, 1.3792927265167236] [0.30684196949005127, -0.03378996253013611, 0.15029004216194153, 1.452739953994751, 1.389762043952942, 0.06960000097751617, -1.21642005443573, -1.1796879768371582]
[-0.026603884994983673, -0.0034728427417576313, 0.3438899517059326, 1.7105748653411865, -0.09864047914743423, 1.3810689449310303] [0.30990996956825256, -0.03378996253013611, 0.15029004216194153, 1.4542739391326904, 1.389762043952942, 0.06960000097751617, -1.1995460987091064, -1.1628140211105347]
[-0.029611753299832344, -0.0034408618230372667, 0.3453277051448822, 1.6978181600570679, -0.10086864233016968, 1.3858227729797363] [0.31297796964645386, -0.03378996253013611, 0.15029004216194153, 1.4558080434799194, 1.389762043952942, 0.06960000097751617, -1.181138038635254, -1.1428719758987427]
[-0.03265666589140892, -0.0037106911186128855, 0.34543073177337646, 1.6869277954101562, -0.09655547142028809, 1.3855273723602295] [0.3206479549407959, -0.035323962569236755, 0.14108604192733765, 1.4573420286178589, 1.3912960290908813, 0.06960000097751617, -1.1611961126327515, -1.1259980201721191]
[-0.035975467413663864, -0.0037042193580418825, 0.3469949960708618, 1.6700432300567627, -0.09759321063756943, 1.389581322669983] [0.3206479549407959, -0.035323962569236755, 0.14108604192733765, 1.4573420286178589, 1.3912960290908813, 0.06960000097751617, -1.1473901271820068, -1.1106579303741455]
[-0.03782175853848457, -0.003920665476471186, 0.3481329083442688, 1.6577173471450806, -0.09923040866851807, 1.3878207206726074] [0.3237159848213196, -0.0368579626083374, 0.14108604192733765, 1.4573420286178589, 1.3912960290908813, 0.06960000097751617, -1.135118007659912, -1.1014540195465088]
[-0.040479931980371475, -0.004009013529866934, 0.3483600318431854, 1.6529749631881714, -0.09959729760885239, 1.3901543617248535] [0.3344539701938629, -0.0368579626083374, 0.13801804184913635, 1.4558080434799194, 1.3912960290908813, 0.06960000097751617, -1.1228461265563965, -1.0876480340957642]
[-0.04321102797985077, -0.00396738713607192, 0.34744203090667725, 1.6528717279434204, -0.09400252252817154, 1.3868703842163086] [0.34825998544692993, -0.0368579626083374, 0.13495004177093506, 1.4512059688568115, 1.3912960290908813, 0.06960000097751617, -1.1182440519332886, -1.0845799446105957]
[-0.04414243623614311, -0.003920129965990782, 0.34740668535232544, 1.6517728567123413, -0.09361720830202103, 1.3854924440383911] [0.3528619706630707, -0.0368579626083374, 0.13495004177093506, 1.449671983718872, 1.3912960290908813, 0.06960000097751617, -1.1182440519332886, -1.0845799446105957]
[-0.044604022055864334, -0.003998603206127882, 0.3475492000579834, 1.6499251127243042, -0.09378871321678162, 1.3841824531555176] [0.3528619706630707, -0.0368579626083374, 0.1334160417318344, 1.4481379985809326, 1.3912960290908813, 0.06960000097751617, -1.1182440519332886, -1.0861139297485352]
[-0.0442892387509346, -0.003936420194804668, 0.34691402316093445, 1.6526727676391602, -0.09028051793575287, 1.379858136177063] [0.355929970741272, -0.0368579626083374, 0.1334160417318344, 1.4389339685440063, 1.3912960290908813, 0.06960000097751617, -1.119778037071228, -1.0876480340957642]
[-0.04306129366159439, -0.004010418429970741, 0.34583142399787903, 1.6605726480484009, -0.08605892956256866, 1.3688515424728394] [0.363599956035614, -0.0368579626083374, 0.13188204169273376, 1.434332013130188, 1.3912960290908813, 0.06960000097751617, -1.1274480819702148, -1.0922499895095825]
[-0.042859528213739395, -0.0036688074469566345, 0.3438214957714081, 1.6725538969039917, -0.07764072716236115, 1.3709464073181152] [0.37126997113227844, -0.035323962569236755, 0.12728004157543182, 1.4327980279922485, 1.3912960290908813, 0.06960000097751617, -1.135118007659912, -1.1014540195465088]
[-0.04155418276786804, -0.0036713185254484415, 0.34329307079315186, 1.6794583797454834, -0.0771418958902359, 1.3685306310653687] [0.37126997113227844, -0.035323962569236755, 0.12881404161453247, 1.4281959533691406, 1.3912960290908813, 0.06960000097751617, -1.1473901271820068, -1.1152600049972534]
[-0.03900774195790291, -0.003787524998188019, 0.34257081151008606, 1.691145658493042, -0.07769237458705902, 1.360531210899353] [0.37126997113227844, -0.035323962569236755, 0.13495004177093506, 1.4235939979553223, 1.3912960290908813, 0.06960000097751617, -1.1642640829086304, -1.132133960723877]
[-0.0365200974047184, -0.004045812878757715, 0.34203997254371643, 1.698984980583191, -0.07731303572654724, 1.353216528892517] [0.3697359561920166, -0.035323962569236755, 0.13801804184913635, 1.4174580574035645, 1.3912960290908813, 0.06960000097751617, -1.1765360832214355, -1.1444059610366821]
[-0.032612260431051254, -0.004178835544735193, 0.34088507294654846, 1.710817575454712, -0.07346613705158234, 1.3383458852767944] [0.3605319857597351, -0.0368579626083374, 0.139552041888237, 1.4021179676055908, 1.389762043952942, 0.06960000097751617, -1.1872740983963013, -1.1551439762115479]
[-0.02856266126036644, -0.004528336226940155, 0.3398878872394562, 1.7166409492492676, -0.06800583750009537, 1.3213962316513062] [0.35899797081947327, -0.03839196264743805, 0.14415404200553894, 1.3837100267410278, 1.386694073677063, 0.06960000097751617, -1.198012113571167, -1.167415976524353]
[-0.023223046213388443, -0.004816204775124788, 0.3386673927307129, 1.720107078552246, -0.06492393463850021, 1.2944855690002441] [0.355929970741272, -0.03839196264743805, 0.15489204227924347, 1.3591660261154175, 1.3698201179504395, 0.06960000097751617, -1.2118180990219116, -1.1796879768371582]
[-0.019167717546224594, -0.005186973139643669, 0.33915960788726807, 1.7042372226715088, -0.07083238661289215, 1.2759419679641724] [0.34212398529052734, -0.03839196264743805, 0.16409604251384735, 1.3468940258026123, 1.348344087600708, 0.07000000029802322, -1.2240900993347168, -1.190425992012024]
[-0.016154656186699867, -0.005352828186005354, 0.33953341841697693, 1.6873530149459839, -0.07215213030576706, 1.2645357847213745] [0.32524996995925903, -0.039925962686538696, 0.1686980426311493, 1.3284859657287598, 1.3268680572509766, 0.06960000097751617, -1.2348281145095825, -1.1996300220489502]
[-0.009445146657526493, -0.0069496785290539265, 0.3399340510368347, 1.653515338897705, -0.07053576409816742, 1.2312755584716797] [0.30223995447158813, -0.046061962842941284, 0.17636804282665253, 1.3116120100021362, 1.294654130935669, 0.07520000636577606, -1.2440320253372192, -1.208833932876587]
[-0.004798452369868755, -0.00968848168849945, 0.33946335315704346, 1.5944254398345947, -0.07101669907569885, 1.2082161903381348] [0.28076398372650146, -0.055265963077545166, 0.18097004294395447, 1.3054759502410889, 1.2471001148223877, 0.05880000442266464, -1.2593721151351929, -1.2257080078125]
[-0.0022770219948142767, -0.010344745591282845, 0.3399507701396942, 1.577832818031311, -0.07656686007976532, 1.20247220993042] [0.26082196831703186, -0.05833396315574646, 0.18710604310035706, 1.3039419651031494, 1.2271580696105957, 0.07320000231266022, -1.2808480262756348, -1.244115948677063]
[0.0027610233519226313, -0.010883145965635777, 0.34118154644966125, 1.5475999116897583, -0.0856420025229454, 1.1951290369033813] [0.2362779676914215, -0.05833396315574646, 0.19631004333496094, 1.299340009689331, 1.2072160243988037, 0.07280000299215317, -1.3038580417633057, -1.2717280387878418]
[0.008741806261241436, -0.0118135130032897, 0.34130680561065674, 1.5296003818511963, -0.08803015202283859, 1.1766818761825562] [0.21173396706581116, -0.061401963233947754, 0.20398004353046417, 1.2747960090637207, 1.1888080835342407, 0.07320000231266022, -1.3238000869750977, -1.2901359796524048]
[0.015200025402009487, -0.012691652402281761, 0.3410230278968811, 1.513074278831482, -0.08663301914930344, 1.1503982543945312] [0.1841219663619995, -0.0629359632730484, 0.2085820436477661, 1.2425819635391235, 1.1688660383224487, 0.07280000299215317, -1.333004117012024, -1.299340009689331]
[0.021293193101882935, -0.014052463695406914, 0.3394607603549957, 1.5027358531951904, -0.07793905586004257, 1.1173312664031982] [0.17645196616649628, -0.0629359632730484, 0.21011604368686676, 1.208833932876587, 1.158128023147583, 0.07320000231266022, -1.333004117012024, -1.299340009689331]
[0.02605574019253254, -0.014742868952453136, 0.3388291895389557, 1.4856833219528198, -0.06802001595497131, 1.0856808423995972] [0.1641799658536911, -0.0629359632730484, 0.21011604368686676, 1.167415976524353, 1.142788052558899, 0.07320000231266022, -1.333004117012024, -1.299340009689331]
[0.03093535080552101, -0.014965319074690342, 0.3398692309856415, 1.4580161571502686, -0.060836777091026306, 1.0490974187850952] [0.15190796554088593, -0.0629359632730484, 0.21011604368686676, 1.129065990447998, 1.1305160522460938, 0.07320000231266022, -1.333004117012024, -1.299340009689331]
[0.035975854843854904, -0.016779297962784767, 0.34026017785072327, 1.4404082298278809, -0.05293566733598709, 1.0057786703109741] [0.14270396530628204, -0.061401963233947754, 0.21011604368686676, 1.0723079442977905, 1.1305160522460938, 0.07320000231266022, -1.333004117012024, -1.299340009689331]
[0.04196906462311745, -0.019357813522219658, 0.34001222252845764, 1.4339450597763062, -0.041345611214637756, 0.9511255621910095] [0.13196596503257751, -0.0629359632730484, 0.21318404376506805, 1.0278220176696777, 1.1305160522460938, 0.07320000231266022, -1.333004117012024, -1.299340009689331]
[0.04492218792438507, -0.02094169333577156, 0.3407140076160431, 1.4379377365112305, -0.043734852224588394, 0.922324001789093] [0.13196596503257751, -0.061401963233947754, 0.22392204403877258, 1.012481927871704, 1.1305160522460938, 0.07280000299215317, -1.333004117012024, -1.299340009689331]
[0.04537035524845123, -0.021273821592330933, 0.3409864008426666, 1.4421806335449219, -0.04669632017612457, 0.9163792133331299] [0.13196596503257751, -0.061401963233947754, 0.23005804419517517, 1.014016032218933, 1.1305160522460938, 0.07320000231266022, -1.333004117012024, -1.2978060245513916]
[0.045370396226644516, -0.02140994928777218, 0.34169670939445496, 1.4500701427459717, -0.054363351315259933, 0.9149329662322998] [0.13656796514987946, -0.061401963233947754, 0.2377280443906784, 1.014016032218933, 1.1320500373840332, 0.07320000231266022, -1.333004117012024, -1.2962720394134521]
[0.04522610455751419, -0.021405790001153946, 0.3418082296848297, 1.449488878250122, -0.05482371151447296, 0.914980947971344] [0.1350339651107788, -0.05986796319484711, 0.2377280443906784, 1.014016032218933, 1.1335840225219727, 0.07320000231266022, -1.333004117012024, -1.2978060245513916]
[0.04519948735833168, -0.021358927711844444, 0.3420509397983551, 1.4631067514419556, -0.05478954687714577, 0.9149948954582214] [0.13656796514987946, -0.061401963233947754, 0.2377280443906784, 1.017084002494812, 1.1473901271820068, 0.07320000231266022, -1.331470012664795, -1.2947380542755127]
[0.04456676170229912, -0.021190280094742775, 0.34219956398010254, 1.4664727449417114, -0.05619433522224426, 0.9193398356437683] [0.13656796514987946, -0.0629359632730484, 0.23619404435157776, 1.0186179876327515, 1.1504580974578857, 0.07320000231266022, -1.325334072113037, -1.2916699647903442]
[0.044020820409059525, -0.021681418642401695, 0.3423846364021301, 1.4636846780776978, -0.05454941466450691, 0.9177557229995728] [0.13656796514987946, -0.06446996331214905, 0.23159204423427582, 1.020151972770691, 1.1535260677337646, 0.07320000231266022, -1.3191981315612793, -1.282465934753418]
[0.043666254729032516, -0.022939296439290047, 0.34247738122940063, 1.4607094526290894, -0.05129336193203926, 0.9135288000106812] [0.1381019651889801, -0.07980996370315552, 0.22545604407787323, 1.0216859579086304, 1.1611961126327515, 0.07320000231266022, -1.309994101524353, -1.2732620239257812]
[0.04366561397910118, -0.026590628549456596, 0.3427077531814575, 1.463888168334961, -0.04766569286584854, 0.8936102390289307] [0.14270396530628204, -0.10435395687818527, 0.22238804399967194, 1.0278220176696777, 1.1688660383224487, 0.07320000231266022, -1.2992560863494873, -1.260990023612976]
[0.04196147248148918, -0.029699573293328285, 0.3430820107460022, 1.4592927694320679, -0.04537435248494148, 0.8861848711967468] [0.14883996546268463, -0.12582996487617493, 0.2147180438041687, 1.0416280031204224, 1.1734681129455566, 0.07320000231266022, -1.290052056312561, -1.2533199787139893]
[0.04111308977007866, -0.03302415460348129, 0.3431095778942108, 1.460929274559021, -0.03910469263792038, 0.8688037395477295] [0.15344196557998657, -0.14577196538448334, 0.20704804360866547, 1.0431619882583618, 1.1949440240859985, 0.07280000299215317, -1.2762460708618164, -1.2395139932632446]
[0.03959811478853226, -0.03510870411992073, 0.34334027767181396, 1.4728045463562012, -0.03490206226706505, 0.8583741188049316] [0.1641799658536911, -0.1641799658536911, 0.20091204345226288, 1.0431619882583618, 1.2148860692977905, 0.07680000364780426, -1.2593721151351929, -1.2257080078125]
[0.037395842373371124, -0.037174250930547714, 0.3424500823020935, 1.4937939643859863, -0.02330009639263153, 0.8491654992103577] [0.17645196616649628, -0.17491796612739563, 0.1886400431394577, 1.0431619882583618, 1.2409640550613403, 0.07080000638961792, -1.2471001148223877, -1.210368037223816]
[0.03594546020030975, -0.03864431753754616, 0.34272244572639465, 1.5015318393707275, -0.019804591313004494, 0.8416039943695068] [0.18258796632289886, -0.18565596640110016, 0.17790204286575317, 1.0462299585342407, 1.2593721151351929, 0.07080000638961792, -1.2332940101623535, -1.1965620517730713]
[0.03342687338590622, -0.04033970087766647, 0.34256914258003235, 1.5016450881958008, -0.012644169852137566, 0.8352304100990295] [0.1933259665966034, -0.1963939666748047, 0.1686980426311493, 1.0477639436721802, 1.2685760259628296, 0.07080000638961792, -1.2194880247116089, -1.182755947113037]
[0.030968982726335526, -0.04226955398917198, 0.3421472907066345, 1.5072553157806396, -0.00452884566038847, 0.8254106640815735] [0.20406396687030792, -0.20866596698760986, 0.1594940423965454, 1.0477639436721802, 1.2854501008987427, 0.07080000638961792, -1.1995460987091064, -1.1628140211105347]
[0.02817591093480587, -0.04438307508826256, 0.3418876826763153, 1.5143730640411377, 0.0027972543612122536, 0.8157331347465515] [0.2163359671831131, -0.2194039672613144, 0.14415404200553894, 1.0477639436721802, 1.3053920269012451, 0.07080000638961792, -1.175002098083496, -1.1382700204849243]
[0.024791186675429344, -0.04587791487574577, 0.34175828099250793, 1.5182918310165405, 0.011245207861065865, 0.8097132444381714] [0.23014196753501892, -0.23167596757411957, 0.12881404161453247, 1.0477639436721802, 1.3268680572509766, 0.07080000638961792, -1.155060052871704, -1.1213959455490112]
[0.021650418639183044, -0.04778154939413071, 0.3412778973579407, 1.5272611379623413, 0.020043982192873955, 0.7996897101402283] [0.24087996780872345, -0.24394796788692474, 0.11807604134082794, 1.0477639436721802, 1.3468101024627686, 0.07080000638961792, -1.1366521120071411, -1.1029880046844482]
[0.01867978274822235, -0.050313644111156464, 0.3413872718811035, 1.5392595529556274, 0.025434095412492752, 0.7861738801002502] [0.2546859681606293, -0.25928795337677, 0.10733804106712341, 1.0477639436721802, 1.371354103088379, 0.07080000638961792, -1.1182440519332886, -1.0861139297485352]
[0.016487054526805878, -0.05184542015194893, 0.3416038751602173, 1.5451754331588745, 0.028251416981220245, 0.7781252264976501] [0.26388996839523315, -0.2684919834136963, 0.09813404083251953, 1.0477639436721802, 1.383626103401184, 0.07080000638961792, -1.104438066482544, -1.0692399740219116]
[0.013534288853406906, -0.053467635065317154, 0.3417937457561493, 1.5494585037231445, 0.0322069451212883, 0.7703543305397034] [0.2715599536895752, -0.28076398372650146, 0.08586204051971436, 1.055433988571167, 1.4005000591278076, 0.07080000638961792, -1.0890980958938599, -1.0569679737091064]
[0.010904270224273205, -0.05558371543884277, 0.34242376685142517, 1.5548120737075806, 0.03276388347148895, 0.7620381712913513] [0.2792299687862396, -0.2976379692554474, 0.07972604036331177, 1.058501958847046, 1.4189081192016602, 0.07080000638961792, -1.0768260955810547, -1.0446959733963013]
[0.008727599866688251, -0.05767348036170006, 0.342553049325943, 1.5590622425079346, 0.03678473085165024, 0.7523109912872314] [0.28383195400238037, -0.3083759546279907, 0.06898804008960724, 1.0646380186080933, 1.4281120300292969, 0.07080000638961792, -1.0676220655441284, -1.0339579582214355]
[0.005834237672388554, -0.05794601887464523, 0.3429110646247864, 1.5502949953079224, 0.03923782706260681, 0.7579669952392578] [0.28383195400238037, -0.31604596972465515, 0.05671603977680206, 1.0815119743347168, 1.4296460151672363, 0.07080000638961792, -1.0599520206451416, -1.0262880325317383]
[0.0030126499477773905, -0.05912482738494873, 0.342743456363678, 1.5396524667739868, 0.04608893394470215, 0.7624073028564453] [0.28383195400238037, -0.3375219702720642, 0.04137603938579559, 1.0999200344085693, 1.4480540752410889, 0.07080000638961792, -1.0507481098175049, -1.017084002494812]
[0.0002797594934236258, -0.06201379373669624, 0.342825710773468, 1.5512046813964844, 0.05238405987620354, 0.7587509155273438] [0.2853659689426422, -0.363599956035614, 0.030638039112091064, 1.1244640350341797, 1.4649280309677124, 0.07080000638961792, -1.0400100946426392, -1.0078799724578857]
[-0.002415773691609502, -0.06414562463760376, 0.34269335865974426, 1.557162880897522, 0.05674012750387192, 0.7593024373054504] [0.28996795415878296, -0.39121198654174805, 0.015298038721084595, 1.1566779613494873, 1.480268120765686, 0.07080000638961792, -1.030806064605713, -0.9986760020256042]
[-0.006261404603719711, -0.06627501547336578, 0.34244436025619507, 1.5607889890670776, 0.06505607813596725, 0.7647270560264587] [0.2915019690990448, -0.4157559871673584, -0.003109961748123169, 1.187358021736145, 1.498676061630249, 0.07080000638961792, -1.0170000791549683, -0.9864040017127991]
[-0.010183669626712799, -0.067811019718647, 0.3421878516674042, 1.560847282409668, 0.07366085052490234, 0.7730293869972229] [0.28996795415878296, -0.43723195791244507, -0.021517962217330933, 1.2149699926376343, 1.5094140768051147, 0.07080000638961792, -1.0062620639801025, -0.9741320013999939]
[-0.013981054536998272, -0.06899698078632355, 0.3419364094734192, 1.5589019060134888, 0.08213524520397186, 0.7793933153152466] [0.28996795415878296, -0.4525719881057739, -0.035323962569236755, 1.2349120378494263, 1.52168607711792, 0.07080000638961792, -0.9939900636672974, -0.9649279713630676]
[-0.01722276397049427, -0.0694761648774147, 0.3421556353569031, 1.556441307067871, 0.08479179441928864, 0.7852957844734192] [0.28996795415878296, -0.46024197340011597, -0.04759596288204193, 1.2471840381622314, 1.5247540473937988, 0.07080000638961792, -0.9863200783729553, -0.9557240009307861]
[-0.020382234826683998, -0.0697748139500618, 0.34219905734062195, 1.548943281173706, 0.08818629384040833, 0.794231653213501] [0.28996795415878296, -0.47558197379112244, -0.05679996311664581, 1.2778639793395996, 1.5247540473937988, 0.07080000638961792, -0.9817180633544922, -0.9541900157928467]
[-0.0240672305226326, -0.07078860700130463, 0.34250056743621826, 1.5457183122634888, 0.08855880051851273, 0.807845413684845] [0.28996795415878296, -0.5001260042190552, -0.05986796319484711, 1.3116120100021362, 1.5262880325317383, 0.07080000638961792, -0.9801840782165527, -0.9526559710502625]
[-0.027461888268589973, -0.07179685682058334, 0.3424330949783325, 1.5444979667663574, 0.09060046076774597, 0.821626603603363] [0.28996795415878296, -0.5231359601020813, -0.06446996331214905, 1.3514959812164307, 1.5247540473937988, 0.07080000638961792, -0.9786500930786133, -0.9495880007743835]
[-0.030321694910526276, -0.0729985460639, 0.3424254059791565, 1.5446547269821167, 0.09227801114320755, 0.8323584794998169] [0.28996795415878296, -0.5430779457092285, -0.06907196342945099, 1.3898459672927856, 1.5247540473937988, 0.07080000638961792, -0.977116048336029, -0.951121985912323]
[-0.034203365445137024, -0.07245976477861404, 0.34229111671447754, 1.5479735136032104, 0.09589224308729172, 0.860045313835144] [0.2884339690208435, -0.5538159608840942, -0.07674196362495422, 1.437399983406067, 1.5354920625686646, 0.07080000638961792, -0.977116048336029, -0.9480539560317993]
[-0.03821513056755066, -0.07036081701517105, 0.3417190909385681, 1.5631471872329712, 0.10371082276105881, 0.8970567584037781] [0.2884339690208435, -0.5553499460220337, -0.08287796378135681, 1.4619439840316772, 1.5431621074676514, 0.07080000638961792, -0.9740480780601501, -0.9465199708938599]
[-0.03989097476005554, -0.06979641318321228, 0.3416081964969635, 1.5642387866973877, 0.10522246360778809, 0.9092882871627808] [0.2884339690208435, -0.5553499460220337, -0.0859459638595581, 1.4634779691696167, 1.5431621074676514, 0.07080000638961792, -0.9755820631980896, -0.9465199708938599]
[-0.03998643904924393, -0.0696859210729599, 0.341597318649292, 1.5644065141677856, 0.10467170923948288, 0.9108875393867493] [0.2884339690208435, -0.5553499460220337, -0.08441196382045746, 1.4604099988937378, 1.541628122329712, 0.07080000638961792, -0.9755820631980896, -0.9480539560317993]
[-0.039408497512340546, -0.07001177966594696, 0.34168699383735657, 1.5632667541503906, 0.10326599329710007, 0.9063974022865295] [0.2884339690208435, -0.5568839907646179, -0.08134396374225616, 1.4558080434799194, 1.5431621074676514, 0.07080000638961792, -0.9786500930786133, -0.951121985912323]
[-0.03768126666545868, -0.07094592601060867, 0.34116649627685547, 1.571545124053955, 0.11303465068340302, 0.8931246995925903] [0.2884339690208435, -0.5568839907646179, -0.07827596366405487, 1.4466040134429932, 1.5354920625686646, 0.07080000638961792, -0.9893880486488342, -0.9633939862251282]
[-0.034428443759679794, -0.07247252017259598, 0.3407011330127716, 1.564245343208313, 0.11743921786546707, 0.8704857230186462] [0.28689998388290405, -0.5568839907646179, -0.07367396354675293, 1.42972993850708, 1.5324240922927856, 0.07080000638961792, -1.0031940937042236, -0.9771999716758728]
[-0.03261638805270195, -0.07263707369565964, 0.34036627411842346, 1.571590542793274, 0.11939910054206848, 0.8685863018035889] [0.2853659689426422, -0.5584179759025574, -0.07213996350765228, 1.4281959533691406, 1.5308901071548462, 0.07080000638961792, -1.0139321088790894, -0.989471971988678]
[-0.029999082908034325, -0.07293152064085007, 0.33965393900871277, 1.5735235214233398, 0.12401696294546127, 0.8645929098129272] [0.28076398372650146, -0.5599519610404968, -0.07060596346855164, 1.4251279830932617, 1.5262880325317383, 0.07080000638961792, -1.024670124053955, -0.9986760020256042]
[-0.028113802894949913, -0.07311541587114334, 0.33909735083580017, 1.5748740434646606, 0.12778058648109436, 0.8637963533401489] [0.2776959538459778, -0.5584179759025574, -0.06907196342945099, 1.4205260276794434, 1.514016032218933, 0.07080000638961792, -1.0323400497436523, -1.0048120021820068]
[-0.025080733001232147, -0.07418414205312729, 0.3385733366012573, 1.5573911666870117, 0.1293756365776062, 0.8472245335578918] [0.2746279835700989, -0.5599519610404968, -0.06446996331214905, 1.4036519527435303, 1.4971420764923096, 0.07080000638961792, -1.0369420051574707, -1.0063459873199463]
[-0.0227616298943758, -0.07512655109167099, 0.33837252855300903, 1.5448894500732422, 0.1280025839805603, 0.8319003582000732] [0.2746279835700989, -0.5599519610404968, -0.05833396315574646, 1.3837100267410278, 1.4741320610046387, 0.07080000638961792, -1.0384761095046997, -1.0063459873199463]
[-0.019953608512878418, -0.07691892236471176, 0.3383330702781677, 1.5228042602539062, 0.12360306084156036, 0.8071237206459045] [0.2746279835700989, -0.561486005783081, -0.050663962960243225, 1.3514959812164307, 1.44498610496521, 0.07080000638961792, -1.0415440797805786, -1.0109479427337646]
[-0.017065254971385002, -0.07873260229825974, 0.3386189043521881, 1.4897503852844238, 0.11903564631938934, 0.7804839015007019] [0.27002596855163574, -0.5599519610404968, -0.04299396276473999, 1.3315539360046387, 1.4127720594406128, 0.07080000638961792, -1.0538160800933838, -1.0247540473937988]
[-0.013936850242316723, -0.08014708757400513, 0.33912333846092224, 1.457707166671753, 0.11007578670978546, 0.7616381049156189] [0.2654239535331726, -0.561486005783081, -0.026119962334632874, 1.3116120100021362, 1.3744220733642578, 0.06960000097751617, -1.0706900358200073, -1.0446959733963013]
[-0.008956232108175755, -0.082276351749897, 0.33980822563171387, 1.437034010887146, 0.09836185723543167, 0.7348749041557312] [0.26082196831703186, -0.561486005783081, -0.001575961709022522, 1.2886019945144653, 1.3575481176376343, 0.06960000097751617, -1.0921660661697388, -1.0677059888839722]
[-0.0032538457307964563, -0.08428048342466354, 0.3403380215167999, 1.4290916919708252, 0.0895157977938652, 0.708001434803009] [0.2500839829444885, -0.561486005783081, 0.015298038721084595, 1.2563879489898682, 1.3391400575637817, 0.06960000097751617, -1.1151760816574097, -1.090716004371643]
[0.003193341428413987, -0.08699312806129456, 0.34067365527153015, 1.4233455657958984, 0.08255686610937119, 0.6749060750007629] [0.2393459677696228, -0.5630199909210205, 0.035240039229393005, 1.2211060523986816, 1.3222661018371582, 0.06960000097751617, -1.13972008228302, -1.1121920347213745]
[0.009867885150015354, -0.08968841284513474, 0.3405730724334717, 1.4143385887145996, 0.07834617793560028, 0.6402119398117065] [0.22707396745681763, -0.5630199909210205, 0.050580039620399475, 1.1950279474258423, 1.3053920269012451, 0.06960000097751617, -1.1611961126327515, -1.1382700204849243]
[0.016317278146743774, -0.09219668060541153, 0.34077969193458557, 1.4063791036605835, 0.07115913182497025, 0.6116827130317688] [0.21480196714401245, -0.561486005783081, 0.06745404005050659, 1.1643480062484741, 1.2854501008987427, 0.06960000097751617, -1.1842060089111328, -1.1612800359725952]
[0.022840481251478195, -0.09495940804481506, 0.3408563733100891, 1.396233081817627, 0.06682612746953964, 0.5800672173500061] [0.19792796671390533, -0.5630199909210205, 0.07972604036331177, 1.1382700204849243, 1.2685760259628296, 0.07000000029802322, -1.2102841138839722, -1.1858240365982056]
[0.029063252732157707, -0.09747830778360367, 0.3411160111427307, 1.3862823247909546, 0.06035762280225754, 0.5546740293502808] [0.17951996624469757, -0.5630199909210205, 0.09506604075431824, 1.113726019859314, 1.2563040256500244, 0.06960000097751617, -1.2302260398864746, -1.2072999477386475]
[0.035082001239061356, -0.09952515363693237, 0.3412163257598877, 1.3866586685180664, 0.05436578392982483, 0.5314188599586487] [0.1641799658536911, -0.5630199909210205, 0.11040604114532471, 1.0983860492706299, 1.2501680850982666, 0.06960000097751617, -1.2593721151351929, -1.2333779335021973]
[0.042014967650175095, -0.10194969922304153, 0.3409588634967804, 1.3916553258895874, 0.0500977598130703, 0.5056849718093872] [0.1442379653453827, -0.5630199909210205, 0.12574604153633118, 1.070773959159851, 1.2455661296844482, 0.07000000029802322, -1.2808480262756348, -1.2548539638519287]
[0.04766109213232994, -0.10391134768724442, 0.3402993083000183, 1.3935139179229736, 0.047786448150873184, 0.48407626152038574] [0.12889796495437622, -0.5630199909210205, 0.139552041888237, 1.052366018295288, 1.236362099647522, 0.06960000097751617, -1.3038580417633057, -1.279397964477539]
[0.05318601056933403, -0.105683833360672, 0.34048742055892944, 1.3876316547393799, 0.042637623846530914, 0.46489936113357544] [0.10742195695638657, -0.5630199909210205, 0.15182404220104218, 1.0293560028076172, 1.2256240844726562, 0.06960000097751617, -1.3238000869750977, -1.2978060245513916]
[0.05871151015162468, -0.10896187275648117, 0.3393302857875824, 1.38753080368042, 0.04570383578538895, 0.43164029717445374] [0.09668396413326263, -0.561486005783081, 0.1594940423965454, 1.0048120021820068, 1.2225561141967773, 0.06960000097751617, -1.325334072113037, -1.299340009689331]
[0.060289349406957626, -0.10987705737352371, 0.33755022287368774, 1.3917717933654785, 0.05413298308849335, 0.42397668957710266] [0.09821796417236328, -0.5630199909210205, 0.16409604251384735, 1.0002100467681885, 1.2225561141967773, 0.06960000097751617, -1.325334072113037, -1.299340009689331]
[0.061198268085718155, -0.11052212119102478, 0.3377242684364319, 1.4010378122329712, 0.04750926047563553, 0.4211715757846832] [0.09821796417236328, -0.5676219463348389, 0.18403804302215576, 1.0002100467681885, 1.2225561141967773, 0.06960000097751617, -1.325334072113037, -1.2978060245513916]
[0.06202099099755287, -0.11158618330955505, 0.34073883295059204, 1.41902756690979, 0.022014714777469635, 0.41143032908439636] [0.09975196421146393, -0.5691559910774231, 0.22545604407787323, 0.99714195728302, 1.2225561141967773, 0.06960000097751617, -1.325334072113037, -1.299340009689331]
[0.06377575546503067, -0.1149958074092865, 0.34642860293388367, 1.4665509462356567, -0.02993900515139103, 0.377443790435791] [0.11355795711278915, -0.5676219463348389, 0.39573004841804504, 0.9281119704246521, 1.2240900993347168, 0.06960000097751617, -1.3268680572509766, -1.30240797996521]
[0.0702197402715683, -0.13346824049949646, 0.3618195354938507, 1.6293833255767822, -0.1573815643787384, 0.20421907305717468] [0.11662595719099045, -0.5660879611968994, 0.6043540239334106, 0.7931199669837952, 1.2240900993347168, 0.06960000097751617, -1.3268680572509766, -1.3039419651031494]
[0.07309477776288986, -0.15417277812957764, 0.37094593048095703, 1.8083280324935913, -0.22265316545963287, 0.020121734589338303] [0.1181599572300911, -0.56455397605896, 0.7792300581932068, 0.676535964012146, 1.2225561141967773, 0.06960000097751617, -1.328402042388916, -1.30240797996521]
[0.07416000962257385, -0.17140957713127136, 0.3718051314353943, 1.9588229656219482, -0.21765092015266418, -0.1324547529220581] [0.11969395726919174, -0.5599519610404968, 0.9249600768089294, 0.5384759902954102, 1.2225561141967773, 0.06960000097751617, -1.3268680572509766, -1.30240797996521]
[0.0734526515007019, -0.18940293788909912, 0.3674275875091553, 2.1261773109436035, -0.16282251477241516, -0.28920406103134155] [0.11969395726919174, -0.5568839907646179, 1.1136420965194702, 0.36820197105407715, 1.2225561141967773, 0.06960000097751617, -1.3268680572509766, -1.3039419651031494]
[0.06992936134338379, -0.20814372599124908, 0.3590494990348816, 2.3638756275177, -0.0681736096739769, -0.44564831256866455] [0.11969395726919174, -0.5507479906082153, 1.351412057876587, 0.23781196773052216, 1.2240900993347168, 0.06960000097751617, -1.3268680572509766, -1.30240797996521]
[0.06669417023658752, -0.2174653708934784, 0.3517751395702362, 2.5302352905273438, 0.006762924138456583, -0.5170788764953613] [0.11969395726919174, -0.5522819757461548, 1.518618106842041, 0.14730596542358398, 1.2240900993347168, 0.06960000097751617, -1.328402042388916, -1.30240797996521]
[0.06383216381072998, -0.2235405594110489, 0.34147316217422485, 2.7092173099517822, 0.10688939690589905, -0.5602014064788818] [0.11969395726919174, -0.5507479906082153, 1.6674160957336426, 0.04145996272563934, 1.2240900993347168, 0.06960000097751617, -1.328402042388916, -1.30240797996521]
[0.06289806962013245, -0.22480900585651398, 0.3344924747943878, 2.7823433876037598, 0.1690727323293686, -0.5674295425415039] [0.11969395726919174, -0.5492140054702759, 1.6873581409454346, 0.029187962412834167, 1.2225561141967773, 0.06960000097751617, -1.3268680572509766, -1.30240797996521]
[0.06293466687202454, -0.22455012798309326, 0.3346032202243805, 2.788818836212158, 0.16865400969982147, -0.5659568309783936] [0.12122795730829239, -0.5476799607276917, 1.6965620517730713, 0.02765396237373352, 1.2256240844726562, 0.06960000097751617, -1.328402042388916, -1.30240797996521]
[0.06271281093358994, -0.22505861520767212, 0.33432525396347046, 2.803226947784424, 0.1701110452413559, -0.5678765773773193] [0.12582996487617493, -0.5492140054702759, 1.710368037223816, 0.026119962334632874, 1.2256240844726562, 0.06960000097751617, -1.328402042388916, -1.30240797996521]
[0.06168673560023308, -0.22530154883861542, 0.3284772038459778, 2.794529914855957, 0.19810791313648224, -0.571956217288971] [0.16571396589279175, -0.5492140054702759, 1.7180380821228027, 0.024585962295532227, 1.2271580696105957, 0.06960000097751617, -1.328402042388916, -1.30240797996521]
[0.0601918064057827, -0.22543492913246155, 0.3223605751991272, 2.7886977195739746, 0.22755156457424164, -0.5766870379447937] [0.19946196675300598, -0.5492140054702759, 1.7333780527114868, 0.024585962295532227, 1.2271580696105957, 0.06960000097751617, -1.3268680572509766, -1.30240797996521]
[0.0590677484869957, -0.22564612329006195, 0.31822463870048523, 2.794532060623169, 0.24814385175704956, -0.5806943774223328] [0.21480196714401245, -0.5492140054702759, 1.7533200979232788, 0.024585962295532227, 1.2332940101623535, 0.06960000097751617, -1.328402042388916, -1.30240797996521]
[0.05807989835739136, -0.22612972557544708, 0.31563830375671387, 2.819866418838501, 0.26091691851615906, -0.5834537148475647] [0.23320996761322021, -0.5492140054702759, 1.768660068511963, 0.024585962295532227, 1.2639740705490112, 0.07400000095367432, -1.328402042388916, -1.30240797996521]
[0.05665599927306175, -0.2269846498966217, 0.31248030066490173, 2.910388708114624, 0.2776883542537689, -0.5853965878486633] [0.25315195322036743, -0.5476799607276917, 1.785534143447876, 0.02305196225643158, 1.345276117324829, 0.06760000437498093, -1.3268680572509766, -1.30240797996521]
[0.05558602139353752, -0.22769010066986084, 0.3098739683628082, 2.93457293510437, 0.2908487319946289, -0.5899451971054077] [0.26695796847343445, -0.5492140054702759, 1.7978060245513916, 0.024585962295532227, 1.3698201179504395, 0.07120000571012497, -1.3268680572509766, -1.30240797996521]
[0.05518193542957306, -0.22813011705875397, 0.3093264400959015, 2.964028835296631, 0.2935364842414856, -0.590644121170044] [0.27002596855163574, -0.5492140054702759, 1.8054760694503784, 0.024585962295532227, 1.386694073677063, 0.07120000571012497, -1.328402042388916, -1.30240797996521]
[0.05488895997405052, -0.22854696214199066, 0.30904000997543335, 2.996931314468384, 0.2950831949710846, -0.5911808609962463] [0.27002596855163574, -0.5492140054702759, 1.8085440397262573, 0.024585962295532227, 1.405102014541626, 0.07120000571012497, -1.3268680572509766, -1.30240797996521]
[0.055048659443855286, -0.22837883234024048, 0.3088335394859314, 3.0036346912384033, 0.2957586348056793, -0.5896336436271667] [0.27002596855163574, -0.5476799607276917, 1.8085440397262573, 0.026119962334632874, 1.405102014541626, 0.07120000571012497, -1.3268680572509766, -1.30240797996521]
[0.05504651367664337, -0.2284121960401535, 0.30876660346984863, 3.003783702850342, 0.2959153354167938, -0.5896231532096863] [0.27002596855163574, -0.5476799607276917, 1.8085440397262573, 0.02765396237373352, 1.405102014541626, 0.07120000571012497, -1.328402042388916, -1.30240797996521]
[0.05498531460762024, -0.22842293977737427, 0.30878567695617676, 3.004013776779175, 0.29571017622947693, -0.5895696878433228] [0.27002596855163574, -0.5476799607276917, 1.8085440397262573, 0.02765396237373352, 1.405102014541626, 0.07120000571012497, -1.328402042388916, -1.30240797996521]
[0.05500488728284836, -0.22839409112930298, 0.3084547519683838, 3.0030572414398193, 0.29724931716918945, -0.589638352394104] [0.2715599536895752, -0.5476799607276917, 1.8085440397262573, 0.02765396237373352, 1.405102014541626, 0.07120000571012497, -1.3268680572509766, -1.30240797996521]
[0.054888609796762466, -0.2283237725496292, 0.3086758255958557, 3.0047607421875, 0.29640862345695496, -0.5895795822143555] [0.27309396862983704, -0.5476799607276917, 1.8085440397262573, 0.02765396237373352, 1.405102014541626, 0.07120000571012497, -1.328402042388916, -1.30240797996521]
[0.054791174829006195, -0.22837550938129425, 0.3086661398410797, 3.00358247756958, 0.29616090655326843, -0.5896098613739014] [0.27309396862983704, -0.5476799607276917, 1.8085440397262573, 0.02765396237373352, 1.405102014541626, 0.07120000571012497, -1.328402042388916, -1.30240797996521]
[0.05475076287984848, -0.22838327288627625, 0.30870044231414795, 3.003854990005493, 0.29589179158210754, -0.5894750356674194] [0.27309396862983704, -0.5476799607276917, 1.8085440397262573, 0.02765396237373352, 1.405102014541626, 0.07120000571012497, -1.328402042388916, -1.30240797996521]
[0.05476091802120209, -0.22843964397907257, 0.3085627853870392, 3.0038483142852783, 0.29631203413009644, -0.5895957946777344] [0.2715599536895752, -0.5476799607276917, 1.8085440397262573, 0.02765396237373352, 1.406636118888855, 0.07120000571012497, -1.3268680572509766, -1.30240797996521]
[0.05460995435714722, -0.2285473793745041, 0.3081716299057007, 3.0036418437957764, 0.2977399528026581, -0.5897902846336365] [0.27309396862983704, -0.5476799607276917, 1.8085440397262573, 0.02765396237373352, 1.405102014541626, 0.07120000571012497, -1.328402042388916, -1.30240797996521]
[0.05471613258123398, -0.2286374568939209, 0.30822810530662537, 3.006179094314575, 0.29707348346710205, -0.5895813703536987] [0.27309396862983704, -0.5476799607276917, 1.8085440397262573, 0.02765396237373352, 1.405102014541626, 0.07120000571012497, -1.328402042388916, -1.30240797996521]
