[0.038111913949251175, -0.24941198527812958, 0.3483087420463562, -3.050905227661133, -0.018480319529771805, -0.6728312373161316] [0.29303598403930664, -0.6872739791870117, 1.6444060802459717, 0.3206479549407959, 1.8560980558395386, 0.9968000054359436, -1.3023240566253662, -1.2870680093765259]
[0.038232579827308655, -0.24943530559539795, 0.3487393260002136, -3.0494399070739746, -0.020436417311429977, -0.6730937957763672] [0.29303598403930664, -0.6857399940490723, 1.6459400653839111, 0.31911396980285645, 1.8560980558395386, 0.9968000054359436, -1.309994101524353, -1.282465934753418]
[0.03945213183760643, -0.24952290952205658, 0.34726884961128235, -3.056210994720459, -0.013932958245277405, -0.6735503077507019] [0.2915019690990448, -0.6857399940490723, 1.6459400653839111, 0.3206479549407959, 1.8545640707015991, 0.9968000054359436, -1.3145960569381714, -1.282465934753418]
[0.03996562957763672, -0.24954557418823242, 0.3467958867549896, -3.05789852142334, -0.011619510129094124, -0.6736554503440857] [0.2915019690990448, -0.6857399940490723, 1.6474740505218506, 0.31911396980285645, 1.8560980558395386, 0.9968000054359436, -1.3145960569381714, -1.2809319496154785]
[0.0401611253619194, -0.24959489703178406, 0.34655582904815674, -3.0584843158721924, -0.010587564669549465, -0.6737005114555359] [0.2915019690990448, -0.6857399940490723, 1.6459400653839111, 0.3206479549407959, 1.8545640707015991, 0.9968000054359436, -1.3145960569381714, -1.282465934753418]
[0.04009795933961868, -0.24950823187828064, 0.34658482670783997, -3.0586822032928467, -0.010789602063596249, -0.6737315058708191] [0.2915019690990448, -0.6857399940490723, 1.6459400653839111, 0.3206479549407959, 1.8545640707015991, 0.9971999526023865, -1.3145960569381714, -1.282465934753418]
[0.03980861231684685, -0.2498454451560974, 0.3466106951236725, -3.0575082302093506, -0.01115245372056961, -0.675620973110199] [0.2915019690990448, -0.6857399940490723, 1.6474740505218506, 0.31911396980285645, 1.8545640707015991, 0.9968000054359436, -1.3145960569381714, -1.282465934753418]
[0.047163862735033035, -0.2490464597940445, 0.34532031416893005, -3.078575849533081, -0.019404761493206024, -0.6655024290084839] [0.26695796847343445, -0.6888079643249512, 1.6321340799331665, 0.3436579704284668, 1.8545640707015991, 0.08960000425577164, -1.3437421321868896, -1.3070099353790283]
[0.04681292176246643, -0.24886147677898407, 0.3497939109802246, -3.065861225128174, -0.045880503952503204, -0.6635593175888062] [0.2362779676914215, -0.6857399940490723, 1.6290661096572876, 0.39427995681762695, 1.8530300855636597, 0.08960000425577164, -1.3191981315612793, -1.2732620239257812]
[0.04188726469874382, -0.24507176876068115, 0.3748669922351837, -3.021803855895996, -0.19322086870670319, -0.6496700644493103] [0.15037396550178528, -0.6842060089111328, 1.5876480340957642, 0.4356979727745056, 1.8530300855636597, 0.08960000425577164, -1.313062071800232, -1.2625240087509155]
[0.04215656965970993, -0.2047622799873352, 0.411599338054657, 2.8566689491271973, -0.4882546663284302, -0.34109818935394287] [0.10588795691728592, -0.6796039938926697, 1.0906320810317993, 0.8575479984283447, 1.8545640707015991, 0.08960000425577164, -1.309994101524353, -1.2625240087509155]
[0.043983448296785355, -0.13844743371009827, 0.41876426339149475, 2.349864959716797, -0.5560339093208313, 0.25250259041786194] [0.05833396315574646, -0.5676219463348389, 0.8129780292510986, 1.0631040334701538, 1.8438260555267334, 0.08960000425577164, -1.3053920269012451, -1.2563879489898682]
[0.04428718239068985, -0.1195744201540947, 0.4230058491230011, 2.3343138694763184, -0.5862559676170349, 0.38016048073768616] [0.029187962412834167, -0.22707396745681763, 0.7562200427055359, 1.0661720037460327, 1.784000039100647, 0.08960000425577164, -1.2885180711746216, -1.2395139932632446]
[0.03400062397122383, -0.05320795252919197, 0.429311603307724, 2.211198329925537, -0.6056140661239624, 0.806029200553894] [-0.02296803891658783, -0.04759596288204193, 0.7148020267486572, 1.0661720037460327, 1.748718023300171, 0.08960000425577164, -1.2885180711746216, -1.2395139932632446]
[0.022571630775928497, -0.016259701922535896, 0.40792083740234375, 1.935193419456482, -0.37403878569602966, 1.047167420387268] [-0.05211403965950012, 0.015298038721084595, 0.3773220479488373, 1.0953179597854614, 1.7257081270217896, 0.08960000425577164, -1.2731781005859375, -1.2257080078125]
[0.01544980425387621, -0.008166997693479061, 0.4026072919368744, 1.881773829460144, -0.3208597004413605, 1.118144154548645] [-0.05364803969860077, 0.07512404024600983, 0.33743804693222046, 1.1229300498962402, 1.711902141571045, 0.08960000425577164, -1.251702070236206, -1.202697992324829]
[0.0027132276445627213, 0.0013440946349874139, 0.4029519259929657, 1.8097052574157715, -0.3020496964454651, 1.2152093648910522] [-0.061318039894104004, 0.09966804087162018, 0.3021560311317444, 1.1444059610366821, 1.7088340520858765, 0.08960000425577164, -1.231760025024414, -1.1812219619750977]
[-0.006187363062053919, 0.006576126907020807, 0.40124964714050293, 1.7698105573654175, -0.27370622754096985, 1.2727605104446411] [-0.061318039894104004, 0.12728004157543182, 0.21625204384326935, 1.1796879768371582, 1.6996300220489502, 0.08960000425577164, -1.1826720237731934, -1.1352019309997559]
[-0.023249993100762367, 0.014334098435938358, 0.39730948209762573, 1.6762275695800781, -0.20813880860805511, 1.3524999618530273] [-0.05978403985500336, 0.16102804243564606, 0.1855720430612564, 1.1796879768371582, 1.691960096359253, 0.08960000425577164, -1.1688660383224487, -1.1213959455490112]
[-0.027387060225009918, 0.015523452311754227, 0.3945385217666626, 1.6425352096557617, -0.17491701245307922, 1.3615565299987793] [-0.050580039620399475, 0.16102804243564606, 0.14722204208374023, 1.1858240365982056, 1.691960096359253, 0.08960000425577164, -1.1565940380096436, -1.1121920347213745]
[-0.030161553993821144, 0.016226038336753845, 0.39104050397872925, 1.623230218887329, -0.14229834079742432, 1.3649828433990479] [-0.04904603958129883, 0.165630042552948, 0.11040604114532471, 1.190425992012024, 1.691960096359253, 0.08960000425577164, -1.1519920825958252, -1.1075899600982666]
[-0.03180474042892456, 0.01667412742972374, 0.38840287923812866, 1.6049169301986694, -0.11526648700237274, 1.3651739358901978] [-0.04751203954219818, 0.16409604251384735, 0.05825003981590271, 1.1980960369110107, 1.691960096359253, 0.08960000425577164, -1.1504580974578857, -1.1075899600982666]
[-0.03381722792983055, 0.01747409999370575, 0.38303491473197937, 1.5860427618026733, -0.06996507942676544, 1.3747531175613403] [-0.04291003942489624, 0.165630042552948, 0.04291003942489624, 1.210368037223816, 1.691960096359253, 0.08960000425577164, -1.1504580974578857, -1.1075899600982666]
[-0.03499908372759819, 0.017654776573181152, 0.3818123936653137, 1.582533836364746, -0.06029443070292473, 1.3829774856567383] [-0.04137603938579559, 0.1686980426311493, 0.03370603919029236, 1.2165039777755737, 1.691960096359253, 0.08960000425577164, -1.1504580974578857, -1.1075899600982666]
[-0.03662637248635292, 0.018826516345143318, 0.38097354769706726, 1.5833958387374878, -0.05525831878185272, 1.39626145362854] [-0.035240039229393005, 0.17943604290485382, 0.03370603919029236, 1.2165039777755737, 1.691960096359253, 0.08960000425577164, -1.1504580974578857, -1.1075899600982666]
[-0.03737129643559456, 0.02043488249182701, 0.37588223814964294, 1.6004257202148438, -0.030106348916888237, 1.405508279800415] [-0.015298038721084595, 0.1886400431394577, 0.010696038603782654, 1.2149699926376343, 1.6934940814971924, 0.08960000425577164, -1.1519920825958252, -1.109123945236206]
[-0.037365466356277466, 0.020502956584095955, 0.3756375014781952, 1.5985069274902344, -0.028483767062425613, 1.405371069908142] [-0.015298038721084595, 0.1886400431394577, 0.010696038603782654, 1.2134360074996948, 1.6934940814971924, 0.08960000425577164, -1.1519920825958252, -1.1106579303741455]
[-0.036787327378988266, 0.02037360891699791, 0.3756062686443329, 1.5990424156188965, -0.028718942776322365, 1.4007865190505981] [-0.015298038721084595, 0.18710604310035706, 0.009162038564682007, 1.210368037223816, 1.691960096359253, 0.08960000425577164, -1.1565940380096436, -1.1152600049972534]
[-0.03548504412174225, 0.020253861322999, 0.3750346004962921, 1.5991237163543701, -0.02507537603378296, 1.3942453861236572] [-0.01683203876018524, 0.18710604310035706, 0.004560038447380066, 1.2011640071868896, 1.691960096359253, 0.08960000425577164, -1.1642640829086304, -1.1244640350341797]
[-0.03287190571427345, 0.0201546810567379, 0.3746877908706665, 1.6022064685821533, -0.024170616641640663, 1.3818131685256958] [-0.019900038838386536, 0.18710604310035706, 0.004560038447380066, 1.1919599771499634, 1.691960096359253, 0.08960000425577164, -1.178070068359375, -1.1382700204849243]
[-0.030088325962424278, 0.019970661029219627, 0.37435540556907654, 1.59962797164917, -0.02271352894604206, 1.3739829063415527] [-0.029104039072990417, 0.18403804302215576, 0.003026038408279419, 1.1858240365982056, 1.6842900514602661, 0.08960000425577164, -1.1918760538101196, -1.152076005935669]
[-0.025817343965172768, 0.019616682082414627, 0.3729695677757263, 1.6116139888763428, -0.020987700670957565, 1.366857886314392] [-0.029104039072990417, 0.18250404298305511, 0.004560038447380066, 1.1796879768371582, 1.6827560663223267, 0.08960000425577164, -1.2041480541229248, -1.1643480062484741]
[-0.019444836303591728, 0.01879003271460533, 0.3707948923110962, 1.6233141422271729, -0.01932842656970024, 1.353900671005249] [-0.03217203915119171, 0.18097004294395447, 0.00762803852558136, 1.172018051147461, 1.668950080871582, 0.08960000425577164, -1.2148860692977905, -1.1750860214233398]
[-0.015099250711500645, 0.018351217731833458, 0.36980071663856506, 1.6164113283157349, -0.02092750556766987, 1.345359206199646] [-0.0383080393075943, 0.18097004294395447, 0.009162038564682007, 1.1658819913864136, 1.6428720951080322, 0.08960000425577164, -1.2271580696105957, -1.187358021736145]
[-0.011916996911168098, 0.01811128295958042, 0.36917605996131897, 1.5952792167663574, -0.022043757140636444, 1.3403644561767578] [-0.04904603958129883, 0.18097004294395447, 0.010696038603782654, 1.1612800359725952, 1.6229300498962402, 0.08960000425577164, -1.2394300699234009, -1.1996300220489502]
[-0.008891486562788486, 0.017963187769055367, 0.3690575659275055, 1.5782946348190308, -0.024937527254223824, 1.3341089487075806] [-0.05825003981590271, 0.17943604290485382, 0.015298038721084595, 1.1459399461746216, 1.5738420486450195, 0.16840000450611115, -1.2501680850982666, -1.210368037223816]
[-0.00398595305159688, 0.017332209274172783, 0.36871883273124695, 1.533819317817688, -0.027786534279584885, 1.311108112335205] [-0.07052204012870789, 0.17790204286575317, 0.019900038838386536, 1.1259980201721191, 1.5615700483322144, 0.08960000425577164, -1.2655080556869507, -1.2272419929504395]
[0.0013163312105461955, 0.016806380823254585, 0.3689851760864258, 1.5382136106491089, -0.03355936333537102, 1.2910332679748535] [-0.08279404044151306, 0.17790204286575317, 0.026036038994789124, 1.113726019859314, 1.5615700483322144, 0.08960000425577164, -1.2854501008987427, -1.2471840381622314]
[0.004832253325730562, 0.016642669215798378, 0.3693746328353882, 1.5384057760238647, -0.03827394172549248, 1.28655207157135] [-0.09966804087162018, 0.17790204286575317, 0.02757003903388977, 1.1121920347213745, 1.5554341077804565, 0.08960000425577164, -1.3023240566253662, -1.2625240087509155]
[0.0084091080352664, 0.016638372093439102, 0.3694743812084198, 1.5245709419250488, -0.040082331746816635, 1.283657193183899] [-0.12114404141902924, 0.17790204286575317, 0.029104039072990417, 1.1075899600982666, 1.5431621074676514, 0.08960000425577164, -1.3222661018371582, -1.282465934753418]
[0.012305152602493763, 0.016592523083090782, 0.36958593130111694, 1.51381254196167, -0.041880302131175995, 1.2777305841445923] [-0.14415404200553894, 0.17790204286575317, 0.030638039112091064, 1.0953179597854614, 1.5293561220169067, 0.08960000425577164, -1.3406740427017212, -1.3008739948272705]
[0.017274392768740654, 0.016282688826322556, 0.36956125497817993, 1.4887349605560303, -0.04235250875353813, 1.2626014947891235] [-0.16716404259204865, 0.17790204286575317, 0.030638039112091064, 1.0799779891967773, 1.514016032218933, 0.08960000425577164, -1.3575481176376343, -1.3208160400390625]
[0.022861076518893242, 0.014966892078518867, 0.36946651339530945, 1.4850863218307495, -0.045550014823675156, 1.241257905960083] [-0.18250404298305511, 0.16716404259204865, 0.03370603919029236, 1.0692399740219116, 1.5124820470809937, 0.08960000425577164, -1.3682861328125, -1.3284859657287598]
[0.02663510851562023, 0.013936244882643223, 0.3687460124492645, 1.4930121898651123, -0.04638292267918587, 1.2258535623550415] [-0.18403804302215576, 0.1625620424747467, 0.03370603919029236, 1.058501958847046, 1.498676061630249, 0.08960000425577164, -1.366752028465271, -1.3284859657287598]
[0.029201028868556023, 0.013341854326426983, 0.3675028085708618, 1.4825550317764282, -0.0433645099401474, 1.214865803718567] [-0.18403804302215576, 0.1594940423965454, 0.035240039229393005, 1.0462299585342407, 1.4956080913543701, 0.08960000425577164, -1.3682861328125, -1.3284859657287598]
[0.033073849976062775, 0.01230341475456953, 0.3667726218700409, 1.4852371215820312, -0.04193709045648575, 1.1855757236480713] [-0.18403804302215576, 0.1594940423965454, 0.03370603919029236, 1.012481927871704, 1.4925401210784912, 0.08960000425577164, -1.3682861328125, -1.3300199508666992]
[0.037368401885032654, 0.010655946098268032, 0.3667484223842621, 1.4871132373809814, -0.04280424490571022, 1.1487212181091309] [-0.18250404298305511, 0.15335804224014282, 0.03677403926849365, 0.9802680015563965, 1.4925401210784912, 0.08960000425577164, -1.3698201179504395, -1.3315539360046387]
[0.04175558313727379, 0.009004916064441204, 0.366873174905777, 1.4919604063034058, -0.045604705810546875, 1.1102219820022583] [-0.18250404298305511, 0.15335804224014282, 0.04137603938579559, 0.9342479705810547, 1.4925401210784912, 0.08960000425577164, -1.371354103088379, -1.3361560106277466]
[0.04746317118406296, 0.0067702061496675014, 0.36705631017684937, 1.502087116241455, -0.05025068670511246, 1.0593311786651611] [-0.18097004294395447, 0.15335804224014282, 0.04904603958129883, 0.8882279992103577, 1.4910061359405518, 0.08960000425577164, -1.3728880882263184, -1.337689995765686]
[0.04894601181149483, 0.005727791227400303, 0.3692539632320404, 1.4993896484375, -0.05769091472029686, 1.0207570791244507] [-0.17943604290485382, 0.15335804224014282, 0.05671603977680206, 0.8452759981155396, 1.4925401210784912, 0.08960000425577164, -1.3744220733642578, -1.3392239809036255]
[0.05188575014472008, 0.004287080839276314, 0.3701525628566742, 1.5023877620697021, -0.061936154961586, 0.9833983778953552] [-0.17943604290485382, 0.15335804224014282, 0.05671603977680206, 0.8007899522781372, 1.4910061359405518, 0.08960000425577164, -1.3744220733642578, -1.3392239809036255]
[0.056223515421152115, 0.0017342257779091597, 0.3703583776950836, 1.505520224571228, -0.06168762966990471, 0.9362902045249939] [-0.17943604290485382, 0.15182404220104218, 0.05825003981590271, 0.7593719959259033, 1.4910061359405518, 0.08960000425577164, -1.3744220733642578, -1.3392239809036255]
[0.059962961822748184, -0.00034347406472079456, 0.3702257573604584, 1.5103363990783691, -0.0611204169690609, 0.8979282379150391] [-0.17943604290485382, 0.15182404220104218, 0.05825003981590271, 0.7179539799690247, 1.4910061359405518, 0.08960000425577164, -1.3744220733642578, -1.3392239809036255]
[0.06471215188503265, -0.004363729618489742, 0.37033355236053467, 1.5092006921768188, -0.06063582003116608, 0.8473683595657349] [-0.17943604290485382, 0.14108604192733765, 0.05825003981590271, 0.6657979488372803, 1.4910061359405518, 0.08960000425577164, -1.3728880882263184, -1.3392239809036255]
[0.07051408290863037, -0.00979667715728283, 0.3703055679798126, 1.5126043558120728, -0.0600113570690155, 0.7828765511512756] [-0.17943604290485382, 0.1364840418100357, 0.061318039894104004, 0.6274479627609253, 1.4925401210784912, 0.08960000425577164, -1.3728880882263184, -1.3392239809036255]
[0.07198111712932587, -0.010858389548957348, 0.370486855506897, 1.5211433172225952, -0.062077708542346954, 0.7658331394195557] [-0.17790204286575317, 0.13801804184913635, 0.06592004001140594, 0.6289819478988647, 1.4925401210784912, 0.08960000425577164, -1.3728880882263184, -1.337689995765686]
[0.07149793207645416, -0.010447037406265736, 0.37087100744247437, 1.5228033065795898, -0.06445438414812088, 0.7688987851142883] [-0.17790204286575317, 0.13801804184913635, 0.06898804008960724, 0.6289819478988647, 1.4925401210784912, 0.08960000425577164, -1.3728880882263184, -1.3361560106277466]
[0.07133419066667557, -0.010336529463529587, 0.37161785364151, 1.529778003692627, -0.06836019456386566, 0.7704626321792603] [-0.18097004294395447, 0.139552041888237, 0.07205604016780853, 0.6335839629173279, 1.5032780170440674, 0.08960000425577164, -1.3698201179504395, -1.3330880403518677]
[0.07235538959503174, -0.010478745214641094, 0.37037670612335205, 1.5409213304519653, -0.06598403304815292, 0.7875186204910278] [-0.18250404298305511, 0.139552041888237, 0.07052204012870789, 0.6550599932670593, 1.5048121213912964, 0.08960000425577164, -1.3682861328125, -1.3315539360046387]
[0.0728989765048027, -0.010742375627160072, 0.3699222803115845, 1.543034315109253, -0.06516788899898529, 0.7895553708076477] [-0.18250404298305511, 0.13801804184913635, 0.07052204012870789, 0.6596620082855225, 1.5063461065292358, 0.08960000425577164, -1.3682861328125, -1.3284859657287598]
[0.07262857258319855, -0.010789184831082821, 0.36991602182388306, 1.5415489673614502, -0.06614119559526443, 0.7949795126914978] [-0.18403804302215576, 0.1364840418100357, 0.06898804008960724, 0.6627299785614014, 1.5063461065292358, 0.08960000425577164, -1.366752028465271, -1.3284859657287598]
[0.07232403010129929, -0.010757959447801113, 0.37002530694007874, 1.5408300161361694, -0.06649989634752274, 0.7994951009750366] [-0.1855720430612564, 0.1364840418100357, 0.06592004001140594, 0.6703999638557434, 1.5063461065292358, 0.08960000425577164, -1.3652180433273315, -1.3238840103149414]
[0.07161188870668411, -0.010589652694761753, 0.36972638964653015, 1.5337415933609009, -0.063248410820961, 0.8058233857154846] [-0.1855720430612564, 0.13188204169273376, 0.05978403985500336, 0.6811379790306091, 1.5063461065292358, 0.08960000425577164, -1.3560140132904053, -1.3162139654159546]
[0.06552562862634659, -0.009464908391237259, 0.3734009563922882, 1.5108448266983032, -0.071722112596035, 0.8190359473228455] [-0.1855720430612564, 0.12267804145812988, 0.050580039620399475, 0.7026139497756958, 1.5063461065292358, 0.08960000425577164, -1.351412057876587, -1.3085440397262573]
[0.06207510828971863, -0.008732734248042107, 0.37429359555244446, 1.4975957870483398, -0.07178357243537903, 0.8385440111160278] [-0.18403804302215576, 0.10733804106712341, 0.04291003942489624, 0.7409639954566956, 1.5078800916671753, 0.08960000425577164, -1.345276117324829, -1.30240797996521]
[0.05901569128036499, -0.010115640237927437, 0.3747453987598419, 1.4843096733093262, -0.06892750412225723, 0.8530619740486145] [-0.18403804302215576, 0.08432804048061371, 0.03217203915119171, 0.7793139815330505, 1.5078800916671753, 0.08960000425577164, -1.3376060724258423, -1.2947380542755127]
[0.05576397478580475, -0.01191629096865654, 0.37518104910850525, 1.470065712928772, -0.06666237860918045, 0.8672013282775879] [-0.18097004294395447, 0.06285203993320465, 0.02296803891658783, 0.8130619525909424, 1.5078800916671753, 0.08960000425577164, -1.328402042388916, -1.284000039100647]
[0.052829016000032425, -0.013557407073676586, 0.37510886788368225, 1.4615356922149658, -0.062308020889759064, 0.8763754367828369] [-0.17483404278755188, 0.035240039229393005, 0.00762803852558136, 0.8560140132904053, 1.5094140768051147, 0.08960000425577164, -1.3115280866622925, -1.2686599493026733]
[0.04742366448044777, -0.014929810538887978, 0.37472158670425415, 1.4533768892288208, -0.04784465953707695, 0.9001952409744263] [-0.17023204267024994, 0.0122300386428833, -0.01691596210002899, 0.8943639993667603, 1.5446960926055908, 0.08960000425577164, -1.2992560863494873, -1.2548539638519287]
[0.044033702462911606, -0.016547726467251778, 0.37455233931541443, 1.461989402770996, -0.03294041380286217, 0.9078478813171387] [-0.17023204267024994, -0.013847962021827698, -0.05219796299934387, 0.9373160004615784, 1.5815120935440063, 0.08960000425577164, -1.2854501008987427, -1.241047978401184]
[0.03974384441971779, -0.018254147842526436, 0.3740658164024353, 1.4636173248291016, -0.015083681792020798, 0.9206785559654236] [-0.17023204267024994, -0.03378996253013611, -0.07520796358585358, 0.9679960012435913, 1.610658049583435, 0.09000000357627869, -1.2685760259628296, -1.2241740226745605]
[0.03536178171634674, -0.020816629752516747, 0.3737514019012451, 1.4729180335998535, 0.003969654906541109, 0.9274857640266418] [-0.17023204267024994, -0.06446996331214905, -0.11048995703458786, 1.0078799724578857, 1.6444060802459717, 0.08960000425577164, -1.2501680850982666, -1.205765962600708]
[0.03013707511126995, -0.024789882823824883, 0.3733908534049988, 1.4858938455581665, 0.02515815943479538, 0.9313108325004578] [-0.17023204267024994, -0.10435395687818527, -0.1442379653453827, 1.0569679737091064, 1.6965620517730713, 0.08960000425577164, -1.2271580696105957, -1.1812219619750977]
[0.025442415848374367, -0.028008276596665382, 0.3732151687145233, 1.4968940019607544, 0.043510761111974716, 0.9344215989112854] [-0.17023204267024994, -0.1350339651107788, -0.17491796612739563, 1.0983860492706299, 1.7333780527114868, 0.08960000425577164, -1.2102841138839722, -1.1643480062484741]
[0.02016514725983143, -0.031300369650125504, 0.37268057465553284, 1.5137755870819092, 0.06468767672777176, 0.9376204609870911] [-0.17023204267024994, -0.1672479659318924, -0.20406396687030792, 1.1444059610366821, 1.7701940536499023, 0.08960000425577164, -1.1918760538101196, -1.1474740505218506]
[0.013648406602442265, -0.03438795357942581, 0.3726634681224823, 1.5350652933120728, 0.08304748684167862, 0.9465853571891785] [-0.17023204267024994, -0.19792796671390533, -0.23474396765232086, 1.1919599771499634, 1.8100781440734863, 0.08960000425577164, -1.1704000234603882, -1.1259980201721191]
[0.008472811430692673, -0.036553673446178436, 0.37197738885879517, 1.5479298830032349, 0.10293102264404297, 0.9518911242485046] [-0.17023204267024994, -0.2194039672613144, -0.25775396823883057, 1.222640037536621, 1.8484281301498413, 0.08799999952316284, -1.1565940380096436, -1.1106579303741455]
[0.004308260511606932, -0.03783075511455536, 0.37161415815353394, 1.5348412990570068, 0.1148468405008316, 0.959572434425354] [-0.17176604270935059, -0.23320996761322021, -0.2715599536895752, 1.244115948677063, 1.8530300855636597, 0.08799999952316284, -1.1458560228347778, -1.1014540195465088]
[0.0011046836152672768, -0.03863301873207092, 0.37170320749282837, 1.5244817733764648, 0.1209130510687828, 0.9629209041595459] [-0.17176604270935059, -0.24394796788692474, -0.28383195400238037, 1.2686599493026733, 1.8545640707015991, 0.08840000629425049, -1.1335840225219727, -1.090716004371643]
[-0.0028879321180284023, -0.04034046456217766, 0.37185952067375183, 1.5151727199554443, 0.12682923674583435, 0.9659993052482605] [-0.17176604270935059, -0.25928795337677, -0.29303598403930664, 1.2886019945144653, 1.8545640707015991, 0.08799999952316284, -1.1213120222091675, -1.0769100189208984]
[-0.0054661487229168415, -0.04196610674262047, 0.37156105041503906, 1.505617618560791, 0.13507580757141113, 0.962341845035553] [-0.17176604270935059, -0.27616196870803833, -0.30684196949005127, 1.3039419651031494, 1.8560980558395386, 0.08840000629425049, -1.1090400218963623, -1.0646380186080933]
[-0.004910847172141075, -0.04465798661112785, 0.3694380819797516, 1.5099529027938843, 0.1514776051044464, 0.9609838724136353] [-0.17176604270935059, -0.2945699691772461, -0.317579984664917, 1.3300199508666992, 1.8560980558395386, 0.08799999952316284, -1.101370096206665, -1.055433988571167]
[-0.006679594051092863, -0.046192530542612076, 0.3687064051628113, 1.5077072381973267, 0.15987785160541534, 0.9628379940986633] [-0.17176604270935059, -0.3053079843521118, -0.3267839550971985, 1.3422919511795044, 1.857632040977478, 0.08799999952316284, -1.0906320810317993, -1.0477639436721802]
[-0.00886186771094799, -0.0461602620780468, 0.3683133125305176, 1.5021814107894897, 0.16670355200767517, 0.9682509303092957] [-0.17176604270935059, -0.3083759546279907, -0.3344539701938629, 1.360700011253357, 1.859166145324707, 0.08799999952316284, -1.0829620361328125, -1.0370259284973145]
[-0.01278240792453289, -0.04599550738930702, 0.3682713210582733, 1.4963687658309937, 0.17343571782112122, 0.9838690757751465] [-0.17176604270935059, -0.31604596972465515, -0.33905595541000366, 1.3821760416030884, 1.8607001304626465, 0.08799999952316284, -1.0737581253051758, -1.0293560028076172]
[-0.015072223730385303, -0.04721546545624733, 0.368456095457077, 1.4945019483566284, 0.1746276617050171, 0.9850763082504272] [-0.17023204267024994, -0.3313859701156616, -0.3405899703502655, 1.4036519527435303, 1.8637681007385254, 0.08799999952316284, -1.0706900358200073, -1.0247540473937988]
[-0.01764460653066635, -0.048587363213300705, 0.3683481514453888, 1.49822998046875, 0.17593717575073242, 0.9911680817604065] [-0.17023204267024994, -0.34825998544692993, -0.3405899703502655, 1.4205260276794434, 1.8637681007385254, 0.08799999952316284, -1.0691560506820679, -1.0262880325317383]
[-0.017892375588417053, -0.04953582212328911, 0.3687032461166382, 1.4976568222045898, 0.17323483526706696, 0.9852386116981506] [-0.17023204267024994, -0.355929970741272, -0.3405899703502655, 1.418992042541504, 1.8637681007385254, 0.08799999952316284, -1.0706900358200073, -1.0262880325317383]
[-0.01640426367521286, -0.05122024938464165, 0.3690550625324249, 1.4979788064956665, 0.16788046061992645, 0.9664022922515869] [-0.16716404259204865, -0.36206597089767456, -0.3405899703502655, 1.3944480419158936, 1.8653020858764648, 0.08799999952316284, -1.0706900358200073, -1.0278220176696777]
[-0.014594330452382565, -0.05278145894408226, 0.3692825734615326, 1.4974493980407715, 0.16411396861076355, 0.945523738861084] [-0.16716404259204865, -0.3697359561920166, -0.34212398529052734, 1.3898459672927856, 1.8653020858764648, 0.08840000629425049, -1.0737581253051758, -1.0308899879455566]
[-0.013476473279297352, -0.054436780512332916, 0.369191437959671, 1.5007848739624023, 0.16202814877033234, 0.9314550161361694] [-0.165630042552948, -0.38507598638534546, -0.34212398529052734, 1.3852440118789673, 1.8637681007385254, 0.08799999952316284, -1.0783600807189941, -1.0370259284973145]
[-0.010752944275736809, -0.0582255944609642, 0.3695167899131775, 1.5055068731307983, 0.15503191947937012, 0.8989202380180359] [-0.165630042552948, -0.4050179719924927, -0.34212398529052734, 1.3668359518051147, 1.8637681007385254, 0.08799999952316284, -1.0860300064086914, -1.0446959733963013]
[-0.007652810774743557, -0.06067778542637825, 0.36940208077430725, 1.5113036632537842, 0.15050245821475983, 0.8740389347076416] [-0.16409604251384735, -0.4126879572868347, -0.33905595541000366, 1.3484280109405518, 1.8637681007385254, 0.08799999952316284, -1.0998361110687256, -1.0615699291229248]
[-0.003095839638262987, -0.062364473938941956, 0.36891353130340576, 1.5186209678649902, 0.14740975201129913, 0.8509520888328552] [-0.16409604251384735, -0.4126879572868347, -0.3344539701938629, 1.3208160400390625, 1.8637681007385254, 0.08840000629425049, -1.119778037071228, -1.0830459594726562]
[0.001956949243322015, -0.06456603854894638, 0.368640661239624, 1.5294544696807861, 0.14125938713550568, 0.8252288699150085] [-0.16409604251384735, -0.42342597246170044, -0.3267839550971985, 1.2978060245513916, 1.8637681007385254, 0.08799999952316284, -1.142788052558899, -1.1045219898223877]
[0.010331673547625542, -0.06854768097400665, 0.36763423681259155, 1.5466606616973877, 0.13638508319854736, 0.7816721796989441] [-0.165630042552948, -0.43723195791244507, -0.31604596972465515, 1.2533199787139893, 1.8637681007385254, 0.08799999952316284, -1.162730097770691, -1.129065990447998]
[0.01769290119409561, -0.07305481284856796, 0.36705219745635986, 1.5617860555648804, 0.12816746532917023, 0.7359833121299744] [-0.16716404259204865, -0.4479699730873108, -0.30377396941185, 1.2119020223617554, 1.8637681007385254, 0.08799999952316284, -1.1796040534973145, -1.1413379907608032]
[0.024617154151201248, -0.07636916637420654, 0.36672213673591614, 1.5726616382598877, 0.11949033290147781, 0.6952298283576965] [-0.165630042552948, -0.4479699730873108, -0.29610395431518555, 1.172018051147461, 1.8637681007385254, 0.08799999952316284, -1.193410038948059, -1.1566779613494873]
[0.030842194333672523, -0.07964968681335449, 0.3669886887073517, 1.5817644596099854, 0.10705201327800751, 0.6559834480285645] [-0.16716404259204865, -0.4479699730873108, -0.2822979688644409, 1.1229300498962402, 1.862234115600586, 0.08799999952316284, -1.2087500095367432, -1.172018051147461]
[0.03679506853222847, -0.08265918493270874, 0.36722129583358765, 1.5947110652923584, 0.09463788568973541, 0.6199429035186768] [-0.165630042552948, -0.4479699730873108, -0.25928795337677, 1.0876480340957642, 1.857632040977478, 0.08799999952316284, -1.2256240844726562, -1.187358021736145]
[0.0413765050470829, -0.08483684062957764, 0.36762359738349915, 1.6073246002197266, 0.0831693634390831, 0.5951904058456421] [-0.17023204267024994, -0.44643598794937134, -0.24701596796512604, 1.0615699291229248, 1.8438260555267334, 0.08799999952316284, -1.2394300699234009, -1.202697992324829]
[0.04617292806506157, -0.0864921361207962, 0.368358314037323, 1.6098779439926147, 0.06862443685531616, 0.5753940343856812] [-0.17636804282665253, -0.44643598794937134, -0.22707396745681763, 1.040094017982483, 1.7640581130981445, 0.133200004696846, -1.254770040512085, -1.2180379629135132]
[0.05030670762062073, -0.08747389912605286, 0.36775895953178406, 1.5751150846481323, 0.05988267809152603, 0.5610840916633606] [-0.17636804282665253, -0.44643598794937134, -0.20559796690940857, 1.0232199430465698, 1.748718023300171, 0.08920000493526459, -1.2655080556869507, -1.2303099632263184]
[0.05378194525837898, -0.08841067552566528, 0.36743244528770447, 1.5667047500610352, 0.04938315600156784, 0.5517460703849792] [-0.17636804282665253, -0.4479699730873108, -0.18258796632289886, 1.0155500173568726, 1.722640037536621, 0.08920000493526459, -1.2793140411376953, -1.2395139932632446]
[0.05602250248193741, -0.0882134884595871, 0.3670921325683594, 1.5650144815444946, 0.04247032850980759, 0.5530635714530945] [-0.17636804282665253, -0.44643598794937134, -0.1641799658536911, 1.0155500173568726, 1.710368037223816, 0.08920000493526459, -1.2885180711746216, -1.2502520084381104]
[0.05822286382317543, -0.08844465762376785, 0.367195725440979, 1.5531119108200073, 0.034732699394226074, 0.5491577386856079] [-0.18097004294395447, -0.4479699730873108, -0.14730596542358398, 1.0048120021820068, 1.6735520362854004, 0.08920000493526459, -1.2992560863494873, -1.264057993888855]
[0.06096816435456276, -0.08922708034515381, 0.3670461177825928, 1.545861840248108, 0.02777213603258133, 0.5416916608810425] [-0.1855720430612564, -0.44643598794937134, -0.1350339651107788, 0.9910060167312622, 1.6520761251449585, 0.08960000425577164, -1.3145960569381714, -1.2747960090637207]
[0.06454011052846909, -0.09101134538650513, 0.36721742153167725, 1.5207747220993042, 0.016880713403224945, 0.5221779346466064] [-0.1886400431394577, -0.4479699730873108, -0.11662595719099045, 0.9710639715194702, 1.6213960647583008, 0.08760000020265579, -1.328402042388916, -1.2901359796524048]
[0.06829241663217545, -0.09214100241661072, 0.3672378659248352, 1.520611047744751, 0.006085767410695553, 0.5090351700782776] [-0.19324204325675964, -0.44643598794937134, -0.0890139639377594, 0.958791971206665, 1.6014540195465088, 0.08799999952316284, -1.3391400575637817, -1.3039419651031494]
[0.07111816108226776, -0.09278517216444016, 0.36759695410728455, 1.5057507753372192, -0.005669475067406893, 0.5017091631889343] [-0.20091204345226288, -0.4479699730873108, -0.07367396354675293, 0.9495880007743835, 1.5677061080932617, 0.09239999949932098, -1.3544800281524658, -1.319282054901123]
[0.07432427257299423, -0.09403030574321747, 0.36796438694000244, 1.4672191143035889, -0.016061587259173393, 0.4885765612125397] [-0.2116500437259674, -0.44643598794937134, -0.0629359632730484, 0.9311800003051758, 1.5308901071548462, 0.08799999952316284, -1.3652180433273315, -1.3269519805908203]
[0.07737045735120773, -0.09559877961874008, 0.3666820824146271, 1.4614993333816528, -0.015080091543495655, 0.4734961688518524] [-0.21318404376506805, -0.44643598794937134, -0.05986796319484711, 0.9265779852867126, 1.52168607711792, 0.08799999952316284, -1.3652180433273315, -1.3284859657287598]
[0.0782386064529419, -0.09543266147375107, 0.3655521869659424, 1.4577584266662598, -0.010808690451085567, 0.47536003589630127] [-0.21318404376506805, -0.44643598794937134, -0.05986796319484711, 0.9250440001487732, 1.52168607711792, 0.08799999952316284, -1.3652180433273315, -1.3269519805908203]
[0.07895144075155258, -0.09559918195009232, 0.36499568819999695, 1.4576183557510376, -0.008309894241392612, 0.4737500846385956] [-0.2116500437259674, -0.44643598794937134, -0.05986796319484711, 0.9250440001487732, 1.5032780170440674, 0.08799999952316284, -1.3652180433273315, -1.3284859657287598]
[0.07926701754331589, -0.09582088142633438, 0.3645869195461273, 1.441325306892395, -0.0074959080666303635, 0.47209861874580383] [-0.21318404376506805, -0.4449019730091095, -0.05986796319484711, 0.923509955406189, 1.5032780170440674, 0.08799999952316284, -1.3652180433273315, -1.3284859657287598]
[0.07934178411960602, -0.09584125131368637, 0.36463475227355957, 1.4410730600357056, -0.008679451420903206, 0.47245901823043823] [-0.21318404376506805, -0.44643598794937134, -0.05833396315574646, 0.923509955406189, 1.4971420764923096, 0.08799999952316284, -1.3652180433273315, -1.3284859657287598]
[0.07970988005399704, -0.09587682783603668, 0.36421358585357666, 1.407341480255127, -0.007908355444669724, 0.47108781337738037] [-0.21318404376506805, -0.44643598794937134, -0.05833396315574646, 0.923509955406189, 1.4679961204528809, 0.08799999952316284, -1.3652180433273315, -1.3284859657287598]
[0.07969155162572861, -0.09591560810804367, 0.3643522560596466, 1.4084023237228394, -0.009353800676763058, 0.47126060724258423] [-0.2116500437259674, -0.44643598794937134, -0.05219796299934387, 0.9219759702682495, 1.4679961204528809, 0.08799999952316284, -1.3652180433273315, -1.3284859657287598]
[0.07951673120260239, -0.09551780670881271, 0.36586397886276245, 1.4202735424041748, -0.02269105240702629, 0.47489413619041443] [-0.21318404376506805, -0.4449019730091095, -0.021517962217330933, 0.923509955406189, 1.4679961204528809, 0.08799999952316284, -1.3652180433273315, -1.3269519805908203]
[0.07924368977546692, -0.09551491588354111, 0.3713154196739197, 1.4507763385772705, -0.06593503057956696, 0.4747716188430786] [-0.2147180438041687, -0.44643598794937134, 0.045978039503097534, 0.9219759702682495, 1.4679961204528809, 0.08799999952316284, -1.363684058189392, -1.3269519805908203]
[0.07824520021677017, -0.09707804769277573, 0.3820406198501587, 1.5144033432006836, -0.15246517956256866, 0.46745723485946655] [-0.21011604368686676, -0.4510379731655121, 0.2085820436477661, 0.9004999995231628, 1.4695301055908203, 0.08799999952316284, -1.3652180433273315, -1.3254179954528809]
[0.07956158369779587, -0.1104041188955307, 0.4035165011882782, 1.7106401920318604, -0.3314734101295471, 0.353834331035614] [-0.21011604368686676, -0.4510379731655121, 0.48777005076408386, 0.7624399662017822, 1.4725980758666992, 0.08799999952316284, -1.3575481176376343, -1.319282054901123]
[0.08083154261112213, -0.13635338842868805, 0.4198392629623413, 2.013700008392334, -0.4541052579879761, 0.11529780924320221] [-0.20704804360866547, -0.4525719881057739, 0.7776960730552673, 0.5676219463348389, 1.4741320610046387, 0.08799999952316284, -1.3406740427017212, -1.3039419651031494]
[0.0811556950211525, -0.163589745759964, 0.42141658067703247, 2.3086392879486084, -0.4369369149208069, -0.13358180224895477] [-0.20244604349136353, -0.45563995838165283, 0.9679120779037476, 0.4019499719142914, 1.4741320610046387, 0.08799999952316284, -1.328402042388916, -1.2855340242385864]
[0.0747508630156517, -0.1865862011909485, 0.41798558831214905, 2.604543447494507, -0.35444262623786926, -0.3327454626560211] [-0.20091204345226288, -0.4617759585380554, 1.2179540395736694, 0.20252996683120728, 1.4756660461425781, 0.08799999952316284, -1.3145960569381714, -1.2717280387878418]
[0.06990182399749756, -0.20708687603473663, 0.40163910388946533, 2.9087183475494385, -0.1698988378047943, -0.467825323343277] [-0.18403804302215576, -0.4909219741821289, 1.498676061630249, 0.02305196225643158, 1.4756660461425781, 0.08799999952316284, -1.3023240566253662, -1.2655919790267944]
[0.06265415251255035, -0.22011153399944305, 0.38144055008888245, 3.0589168071746826, -0.05083400756120682, -0.5269513726234436] [-0.07972604036331177, -0.533873975276947, 1.5845800638198853, 0.02305196225643158, 1.4848700761795044, 0.08799999952316284, -1.3023240566253662, -1.2625240087509155]
[0.058859508484601974, -0.22589093446731567, 0.3607102930545807, 3.051321506500244, 0.04855336621403694, -0.5565564632415771] [0.06753796339035034, -0.5568839907646179, 1.5983860492706299, 0.024585962295532227, 1.5646381378173828, 0.1679999977350235, -1.2977221012115479, -1.2594560384750366]
[0.054730869829654694, -0.2271203100681305, 0.3329395651817322, 3.0541560649871826, 0.18183563649654388, -0.5682203769683838] [0.21480196714401245, -0.5553499460220337, 1.6198620796203613, 0.026119962334632874, 1.592250108718872, 0.08880000561475754, -1.2915860414505005, -1.2533199787139893]
[0.0512591153383255, -0.22745150327682495, 0.321625679731369, 3.063321113586426, 0.23669596016407013, -0.5748116970062256] [0.25775396823883057, -0.5553499460220337, 1.6413381099700928, 0.024585962295532227, 1.5983860492706299, 0.08880000561475754, -1.2915860414505005, -1.2548539638519287]
[0.049733955413103104, -0.2275729924440384, 0.3174770176410675, 3.05765700340271, 0.2567412555217743, -0.5782817006111145] [0.2853659689426422, -0.5538159608840942, 1.6413381099700928, 0.024585962295532227, 1.5983860492706299, 0.08880000561475754, -1.2961881160736084, -1.2594560384750366]
[0.048468977212905884, -0.22697483003139496, 0.31119605898857117, 3.0407979488372803, 0.28738829493522644, -0.5808019638061523] [0.317579984664917, -0.5522819757461548, 1.6459400653839111, 0.026119962334632874, 1.5999200344085693, 0.08880000561475754, -1.3007900714874268, -1.2594560384750366]
[0.04858472943305969, -0.22687190771102905, 0.31063684821128845, 3.0396671295166016, 0.29006871581077576, -0.5814971923828125] [0.317579984664917, -0.5522819757461548, 1.6474740505218506, 0.024585962295532227, 1.5983860492706299, 0.08880000561475754, -1.3007900714874268, -1.260990023612976]
[0.05117964372038841, -0.22769202291965485, 0.3075919449329376, 3.033583641052246, 0.30302882194519043, -0.584304928779602] [0.317579984664917, -0.5507479906082153, 1.6459400653839111, 0.026119962334632874, 1.5999200344085693, 0.08880000561475754, -1.3053920269012451, -1.2655919790267944]
[0.05247426778078079, -0.22774365544319153, 0.30600839853286743, 3.028602123260498, 0.30967846512794495, -0.5848454833030701] [0.317579984664917, -0.5492140054702759, 1.6459400653839111, 0.024585962295532227, 1.5999200344085693, 0.08880000561475754, -1.3145960569381714, -1.2763299942016602]
[0.05382939428091049, -0.22797954082489014, 0.30469709634780884, 3.025852680206299, 0.3147951066493988, -0.5860428810119629] [0.3145119547843933, -0.5476799607276917, 1.6444060802459717, 0.026119962334632874, 1.5983860492706299, 0.08880000561475754, -1.3191981315612793, -1.279397964477539]
[0.05477074161171913, -0.22797773778438568, 0.3037826716899872, 3.0214009284973145, 0.31877875328063965, -0.5870832800865173] [0.3145119547843933, -0.5492140054702759, 1.6444060802459717, 0.026119962334632874, 1.5983860492706299, 0.08880000561475754, -1.3191981315612793, -1.279397964477539]
[0.05496198311448097, -0.2280799001455307, 0.3029254972934723, 3.0194969177246094, 0.32229602336883545, -0.5877646207809448] [0.3145119547843933, -0.5492140054702759, 1.6444060802459717, 0.026119962334632874, 1.5983860492706299, 0.08880000561475754, -1.3191981315612793, -1.279397964477539]
[0.05514783039689064, -0.2280786782503128, 0.30272889137268066, 3.020226240158081, 0.32334795594215393, -0.5880556702613831] [0.3145119547843933, -0.5492140054702759, 1.6444060802459717, 0.026119962334632874, 1.5983860492706299, 0.08880000561475754, -1.3191981315612793, -1.279397964477539]
[0.0553353950381279, -0.22804343700408936, 0.302624374628067, 3.016803741455078, 0.3239549696445465, -0.5880018472671509] [0.3145119547843933, -0.5492140054702759, 1.6444060802459717, 0.026119962334632874, 1.5983860492706299, 0.08880000561475754, -1.3191981315612793, -1.279397964477539]
[0.055345501750707626, -0.22805827856063843, 0.30259451270103455, 3.018124580383301, 0.32415828108787537, -0.5882031321525574] [0.3145119547843933, -0.5492140054702759, 1.6428720951080322, 0.026119962334632874, 1.5983860492706299, 0.08880000561475754, -1.3191981315612793, -1.279397964477539]
[0.05545618012547493, -0.22777993977069855, 0.30252179503440857, 3.0187675952911377, 0.3243228793144226, -0.5866325497627258] [0.3145119547843933, -0.5492140054702759, 1.6428720951080322, 0.026119962334632874, 1.5983860492706299, 0.08880000561475754, -1.3191981315612793, -1.279397964477539]
