[0.19942235946655273, -0.06113297864794731, 0.020298518240451813, 1.8685712814331055, 0.3827226758003235, 0.22681596875190735] [0.3927459716796875, 0.15489204227924347, 0.01683203876018524, 0.055265963077545166, 1.765592098236084, 0.9975999593734741]
[0.19947436451911926, -0.06146244332194328, 0.020276973024010658, 1.8679543733596802, 0.3828541934490204, 0.2251683920621872] [0.3927459716796875, 0.15489204227924347, 0.01683203876018524, 0.055265963077545166, 1.765592098236084, 0.9975999593734741]
[0.19942235946655273, -0.06113297864794731, 0.020298518240451813, 1.8685712814331055, 0.3827226758003235, 0.22681596875190735] [0.3927459716796875, 0.15489204227924347, 0.01683203876018524, 0.05679996311664581, 1.765592098236084, 0.9975999593734741]
[0.19946303963661194, -0.06145838648080826, 0.020251279696822166, 1.8664262294769287, 0.3829385042190552, 0.22517764568328857] [0.3927459716796875, 0.15335804224014282, 0.01683203876018524, 0.055265963077545166, 1.765592098236084, 0.9975999593734741]
[0.19941101968288422, -0.061128921806812286, 0.02027283050119877, 1.8670430183410645, 0.3828069269657135, 0.2268252968788147] [0.3927459716796875, 0.15489204227924347, 0.015298038721084595, 0.055265963077545166, 1.765592098236084, 0.9975999593734741]
[0.19942235946655273, -0.06113297864794731, 0.020298518240451813, 1.8685712814331055, 0.3827226758003235, 0.22681596875190735] [0.3927459716796875, 0.15489204227924347, 0.01683203876018524, 0.055265963077545166, 1.765592098236084, 0.9975999593734741]
[0.19942235946655273, -0.06113297864794731, 0.020298518240451813, 1.8685712814331055, 0.3827226758003235, 0.22681596875190735] [0.3927459716796875, 0.15335804224014282, 0.01683203876018524, 0.055265963077545166, 1.765592098236084, 0.9975999593734741]
[0.19947436451911926, -0.06146244332194328, 0.020276973024010658, 1.8679543733596802, 0.3828541934490204, 0.2251683920621872] [0.3927459716796875, 0.15489204227924347, 0.01683203876018524, 0.055265963077545166, 1.765592098236084, 0.9975999593734741]
[0.19947436451911926, -0.06146244332194328, 0.020276973024010658, 1.8679543733596802, 0.3828541934490204, 0.2251683920621872] [0.3927459716796875, 0.15489204227924347, 0.015298038721084595, 0.055265963077545166, 1.765592098236084, 0.9975999593734741]
[0.19942235946655273, -0.06113297864794731, 0.020298518240451813, 1.8685712814331055, 0.3827226758003235, 0.22681596875190735] [0.3927459716796875, 0.15335804224014282, 0.015298038721084595, 0.055265963077545166, 1.765592098236084, 0.9975999593734741]
[0.19942235946655273, -0.06113297864794731, 0.020298518240451813, 1.8685712814331055, 0.3827226758003235, 0.22681596875190735] [0.3927459716796875, 0.15489204227924347, 0.015298038721084595, 0.055265963077545166, 1.765592098236084, 0.9975999593734741]
[0.19936157763004303, -0.060962267220020294, 0.020296184346079826, 1.8676574230194092, 0.38265112042427063, 0.22847039997577667] [0.3927459716796875, 0.15489204227924347, 0.01683203876018524, 0.055265963077545166, 1.765592098236084, 0.9975999593734741]
[0.1992408186197281, -0.0601370595395565, 0.020312950015068054, 1.8673638105392456, 0.3824909031391144, 0.23177653551101685] [0.3927459716796875, 0.16102804243564606, 0.010696038603782654, 0.05679996311664581, 1.765592098236084, 0.9975999593734741]
[0.19894665479660034, -0.05895698815584183, 0.020222460851073265, 1.8591266870498657, 0.3825295567512512, 0.2384260594844818] [0.39121198654174805, 0.16409604251384735, -0.00771196186542511, 0.05679996311664581, 1.765592098236084, 0.9975999593734741]
[0.19872593879699707, -0.058740273118019104, 0.019859569147229195, 1.8368096351623535, 0.3836335241794586, 0.24018476903438568] [0.3927459716796875, 0.165630042552948, -0.029187962412834167, 0.05679996311664581, 1.765592098236084, 0.9975999593734741]
[0.19849862158298492, -0.058370694518089294, 0.019486727192997932, 1.8144872188568115, 0.3848322629928589, 0.2419215440750122] [0.3927459716796875, 0.165630042552948, -0.04759596288204193, 0.061401963233947754, 1.7640581130981445, 0.9975999593734741]
[0.19821205735206604, -0.05703100189566612, 0.019595680758357048, 1.8003369569778442, 0.38379207253456116, 0.2500664293766022] [0.3896779716014862, 0.17330004274845123, -0.06446996331214905, 0.061401963233947754, 1.7640581130981445, 0.9975999593734741]
[0.19820480048656464, -0.05488744005560875, 0.020780086517333984, 1.7922016382217407, 0.3775922656059265, 0.2609885334968567] [0.3835419714450836, 0.18097004294395447, -0.07520796358585358, 0.06446996331214905, 1.7640581130981445, 0.9975999593734741]
[0.19875602424144745, -0.05356469377875328, 0.023072103038430214, 1.7779444456100464, 0.3660255968570709, 0.2679647207260132] [0.3697359561920166, 0.18403804302215576, -0.08441196382045746, 0.0660039633512497, 1.762524127960205, 0.9975999593734741]
[0.2006630003452301, -0.053561508655548096, 0.02819584310054779, 1.7660276889801025, 0.3411729037761688, 0.2654307782649994] [0.3344539701938629, 0.18403804302215576, -0.0859459638595581, 0.07367396354675293, 1.762524127960205, 0.9975999593734741]
[0.20406553149223328, -0.05176498368382454, 0.04095401614904404, 1.7522014379501343, 0.28075316548347473, 0.27773869037628174] [0.27616196870803833, 0.18403804302215576, -0.08747996389865875, 0.0920819640159607, 1.7640581130981445, 0.9975999593734741]
[0.2052178829908371, -0.0498197041451931, 0.048207011073827744, 1.7468677759170532, 0.24714133143424988, 0.2941187620162964] [0.2194039672613144, 0.18403804302215576, -0.08747996389865875, 0.12122795730829239, 1.762524127960205, 0.9975999593734741]
[0.20702652633190155, -0.04756889492273331, 0.060861408710479736, 1.7328696250915527, 0.1890607327222824, 0.3120602071285248] [0.14730596542358398, 0.18403804302215576, -0.08747996389865875, 0.14270396530628204, 1.762524127960205, 0.9979999661445618]
[0.20844411849975586, -0.04471135511994362, 0.08084822446107864, 1.705977439880371, 0.09883864969015121, 0.3370470404624939] [0.07980996370315552, 0.18250404298305511, -0.08747996389865875, 0.16264596581459045, 1.762524127960205, 0.9975999593734741]
[0.20840565860271454, -0.04313798248767853, 0.09194213896989822, 1.6889550685882568, 0.04928983375430107, 0.35105806589126587] [0.029187962412834167, 0.18250404298305511, -0.08747996389865875, 0.17645196616649628, 1.762524127960205, 0.9975999593734741]
[0.20790880918502808, -0.0418878011405468, 0.10332830250263214, 1.669947862625122, -0.001437452738173306, 0.36283403635025024] [-0.030638039112091064, 0.18250404298305511, -0.08747996389865875, 0.1902579665184021, 1.762524127960205, 0.9975999593734741]
[0.20600605010986328, -0.040027160197496414, 0.11993075162172318, 1.6396358013153076, -0.07519134879112244, 0.3822989761829376] [-0.1334160417318344, 0.18250404298305511, -0.08747996389865875, 0.2101999670267105, 1.762524127960205, 0.9979999661445618]
[0.20051544904708862, -0.03818463161587715, 0.14707110822200775, 1.5847337245941162, -0.19706492125988007, 0.40783900022506714] [-0.25153404474258423, 0.18250404298305511, -0.08747996389865875, 0.22553996741771698, 1.762524127960205, 0.9979999661445618]
[0.1954314261674881, -0.03681499883532524, 0.16253578662872314, 1.5482171773910522, -0.2672652304172516, 0.42943596839904785] [-0.3251660466194153, 0.18250404298305511, -0.08747996389865875, 0.2393459677696228, 1.762524127960205, 0.9975999593734741]
[0.1918291598558426, -0.0357588492333889, 0.17109271883964539, 1.5233285427093506, -0.3061838746070862, 0.4460156559944153] [-0.3650500476360321, 0.18250404298305511, -0.09054796397686005, 0.24394796788692474, 1.762524127960205, 0.9975999593734741]
[0.19026435911655426, -0.035472381860017776, 0.17471067607402802, 1.5023537874221802, -0.32226237654685974, 0.451495885848999] [-0.38652604818344116, 0.18250404298305511, -0.10435395687818527, 0.24854996800422668, 1.7609901428222656, 0.9975999593734741]
[0.18901853263378143, -0.03503764793276787, 0.177116259932518, 1.4834786653518677, -0.3326455056667328, 0.4578368663787842] [-0.4064680337905884, 0.18250404298305511, -0.11355795711278915, 0.251617968082428, 1.7533200979232788, 0.9975999593734741]
[0.18700174987316132, -0.034594569355249405, 0.18120643496513367, 1.4522356986999512, -0.35184553265571594, 0.4659592807292938] [-0.4294780492782593, 0.18250404298305511, -0.11662595719099045, 0.26388996839523315, 1.7134361267089844, 0.9975999593734741]
[0.182709738612175, -0.03194112330675125, 0.18662260472774506, 1.380629539489746, -0.3757369816303253, 0.5003133416175842] [-0.4662940502166748, 0.18250404298305511, -0.12276195734739304, 0.2915019690990448, 1.711902141571045, 0.9975999593734741]
[0.18022388219833374, -0.030074456706643105, 0.18892498314380646, 1.3577889204025269, -0.38341987133026123, 0.5234936475753784] [-0.48470205068588257, 0.18250404298305511, -0.1350339651107788, 0.3114439845085144, 1.711902141571045, 0.9979999661445618]
[0.1781315952539444, -0.0285511277616024, 0.1907363086938858, 1.3309987783432007, -0.3883897662162781, 0.5425198674201965] [-0.4985080361366272, 0.18097004294395447, -0.14270396530628204, 0.3329199552536011, 1.711902141571045, 0.9975999593734741]
[0.17639069259166718, -0.02753411792218685, 0.19155949354171753, 1.314208984375, -0.38837599754333496, 0.5623379349708557] [-0.5107800364494324, 0.17330004274845123, -0.14577196538448334, 0.35899797081947327, 1.711902141571045, 0.9975999593734741]
[0.17452773451805115, -0.027349697425961494, 0.19278845191001892, 1.2952440977096558, -0.38972893357276917, 0.5806344747543335] [-0.5230520367622375, 0.15796004235744476, -0.15037396550178528, 0.3958139717578888, 1.711902141571045, 0.9975999593734741]
[0.17218922078609467, -0.026304474100470543, 0.19360780715942383, 1.2794709205627441, -0.3883846402168274, 0.6070788502693176] [-0.5353240370750427, 0.15182404220104218, -0.14883996546268463, 0.4310959577560425, 1.711902141571045, 0.9975999593734741]
[0.16915440559387207, -0.023714566603302956, 0.19389228522777557, 1.2591502666473389, -0.38263222575187683, 0.6441646814346313] [-0.5491300821304321, 0.14722204208374023, -0.14883996546268463, 0.47558197379112244, 1.711902141571045, 0.9975999593734741]
[0.16543909907341003, -0.020984765142202377, 0.19439935684204102, 1.2364983558654785, -0.37671148777008057, 0.6863537430763245] [-0.5675380229949951, 0.1364840418100357, -0.14883996546268463, 0.5169999599456787, 1.711902141571045, 0.9975999593734741]
[0.162433460354805, -0.020708845928311348, 0.19625918567180634, 1.2152410745620728, -0.3796284794807434, 0.7107503414154053] [-0.5859460830688477, 0.11500804126262665, -0.14883996546268463, 0.5584179759025574, 1.711902141571045, 0.9975999593734741]
[0.15979373455047607, -0.022494005039334297, 0.19764265418052673, 1.200988531112671, -0.38055184483528137, 0.731282114982605] [-0.5997520685195923, 0.08893004059791565, -0.15037396550178528, 0.5983020067214966, 1.711902141571045, 0.9975999593734741]
[0.15714804828166962, -0.023977527394890785, 0.19977739453315735, 1.1845933198928833, -0.3866244852542877, 0.7469221353530884] [-0.6242960691452026, 0.06898804008960724, -0.15037396550178528, 0.6335839629173279, 1.711902141571045, 0.9975999593734741]
[0.15426214039325714, -0.025141311809420586, 0.202100932598114, 1.1665048599243164, -0.3938257098197937, 0.7632676959037781] [-0.648840069770813, 0.04137603938579559, -0.15037396550178528, 0.6780699491500854, 1.711902141571045, 0.9979999661445618]
[0.15143698453903198, -0.026536863297224045, 0.20384837687015533, 1.148148536682129, -0.3976151943206787, 0.7799534797668457] [-0.6672480702400208, 0.02296803891658783, -0.15037396550178528, 0.7087500095367432, 1.711902141571045, 0.9975999593734741]
[0.14780385792255402, -0.028142884373664856, 0.20619997382164001, 1.111863136291504, -0.40496551990509033, 0.8003088235855103] [-0.6856560707092285, -0.001575961709022522, -0.15037396550178528, 0.7470999956130981, 1.6520761251449585, 0.9975999593734741]
[0.14458784461021423, -0.028241857886314392, 0.20534488558769226, 1.0299549102783203, -0.3951435685157776, 0.8326697945594788] [-0.7071320414543152, -0.0368579626083374, -0.15037396550178528, 0.8836259841918945, 1.5891821384429932, 0.9975999593734741]
[0.13567472994327545, -0.024687711149454117, 0.19760099053382874, 0.901733934879303, -0.329895555973053, 0.9401273131370544] [-0.7148020267486572, -0.07980996370315552, -0.14883996546268463, 1.0477639436721802, 1.4649280309677124, 0.9975999593734741]
[0.12806512415409088, -0.02312891185283661, 0.1881919801235199, 0.775490403175354, -0.260047048330307, 1.0299419164657593] [-0.7148020267486572, -0.1381019651889801, -0.14730596542358398, 1.172018051147461, 1.3744220733642578, 0.9975999593734741]
[0.12500321865081787, -0.02961953915655613, 0.18406249582767487, 0.6983580589294434, -0.2407187670469284, 1.0512877702713013] [-0.7163360714912415, -0.22553996741771698, -0.13963596522808075, 1.2333779335021973, 1.3529460430145264, 0.9979999661445618]
[0.12584538757801056, -0.04523434117436409, 0.1890590339899063, 0.7139638066291809, -0.3040885627269745, 0.9929006099700928] [-0.7301420569419861, -0.3145119547843933, -0.11969395726919174, 1.2318439483642578, 1.3529460430145264, 0.9979999661445618]
[0.1238534078001976, -0.05058181285858154, 0.19462278485298157, 0.7153550982475281, -0.35199400782585144, 0.9794176816940308] [-0.7516180276870728, -0.3329199552536011, -0.09975196421146393, 1.2333779335021973, 1.3529460430145264, 0.9975999593734741]
[0.11897722631692886, -0.05018205940723419, 0.200267031788826, 0.6884700655937195, -0.3862532377243042, 1.0057356357574463] [-0.7869000434875488, -0.3313859701156616, -0.07060596346855164, 1.2379800081253052, 1.3529460430145264, 0.9975999593734741]
[0.1115942969918251, -0.049628596752882004, 0.20762266218662262, 0.6445605158805847, -0.42819929122924805, 1.0451679229736328] [-0.8313860893249512, -0.3313859701156616, -0.04145996272563934, 1.2395139932632446, 1.3529460430145264, 0.9975999593734741]
[0.10433001816272736, -0.04914846643805504, 0.2139597088098526, 0.60331791639328, -0.46575185656547546, 1.086735486984253] [-0.8728040456771851, -0.32985198497772217, -0.01844996213912964, 1.2533199787139893, 1.3529460430145264, 0.9975999593734741]
[0.09621656686067581, -0.04724987596273422, 0.2177523970603943, 0.5484123229980469, -0.47855788469314575, 1.1406599283218384] [-0.9172900915145874, -0.32524996995925903, -0.00771196186542511, 1.279397964477539, 1.3529460430145264, 0.9979999661445618]
[0.08818390220403671, -0.04539985954761505, 0.22066739201545715, 0.48448577523231506, -0.480634480714798, 1.1889187097549438] [-0.9679120779037476, -0.32524996995925903, -0.00771196186542511, 1.2947380542755127, 1.351412057876587, 0.9975999593734741]
[0.08408700674772263, -0.04516149312257767, 0.22302065789699554, 0.44136959314346313, -0.48878931999206543, 1.2080118656158447] [-1.0001261234283447, -0.32524996995925903, -0.00771196186542511, 1.3008739948272705, 1.3360720872879028, 0.9975999593734741]
[0.08013767749071121, -0.04452073946595192, 0.2241908758878708, 0.3973225951194763, -0.488533079624176, 1.2302098274230957] [-1.0292720794677734, -0.3237159848213196, -0.00771196186542511, 1.3162139654159546, 1.3299360275268555, 0.9975999593734741]
[0.0764736607670784, -0.04366280511021614, 0.22494348883628845, 0.36066240072250366, -0.48523563146591187, 1.2515619993209839] [-1.0522820949554443, -0.3237159848213196, -0.009245961904525757, 1.322350025177002, 1.328402042388916, 0.9975999593734741]
[0.07475727796554565, -0.04336242005228996, 0.22569698095321655, 0.34670472145080566, -0.48614737391471863, 1.2590466737747192] [-1.066088080406189, -0.32218196988105774, -0.009245961904525757, 1.322350025177002, 1.328402042388916, 0.9975999593734741]
[0.0731869786977768, -0.04314081370830536, 0.22652567923069, 0.3314744532108307, -0.48858919739723206, 1.2662005424499512] [-1.0768260955810547, -0.31911396980285645, -0.009245961904525757, 1.322350025177002, 1.3145960569381714, 0.9975999593734741]
[0.0725310891866684, -0.04294072836637497, 0.22685115039348602, 0.310578316450119, -0.4891282916069031, 1.2702574729919434] [-1.081428050994873, -0.3206479549407959, -0.00771196186542511, 1.322350025177002, 1.3145960569381714, 0.9975999593734741]
[0.07214158028364182, -0.04294072836637497, 0.2270730882883072, 0.3072569966316223, -0.49003422260284424, 1.2718193531036377] [-1.084496021270752, -0.3206479549407959, -0.009245961904525757, 1.322350025177002, 1.3145960569381714, 0.9975999593734741]
[0.0717906653881073, -0.043164853006601334, 0.22736838459968567, 0.30438438057899475, -0.492233008146286, 1.272457242012024] [-1.0860300064086914, -0.31911396980285645, -0.009245961904525757, 1.322350025177002, 1.3145960569381714, 0.9975999593734741]
[0.07175138592720032, -0.04294072836637497, 0.22729380428791046, 0.3039325475692749, -0.4909355938434601, 1.2733852863311768] [-1.0860300064086914, -0.3206479549407959, -0.009245961904525757, 1.3208160400390625, 1.3145960569381714, 0.9975999593734741]
[0.0717906653881073, -0.043164853006601334, 0.22736838459968567, 0.30438438057899475, -0.492233008146286, 1.272457242012024] [-1.0860300064086914, -0.3206479549407959, -0.00771196186542511, 1.3208160400390625, 1.3145960569381714, 0.9975999593734741]
[0.07186348736286163, -0.04324356094002724, 0.22750714421272278, 0.3048226237297058, -0.4935320317745209, 1.271531105041504] [-1.084496021270752, -0.3206479549407959, -0.010779961943626404, 1.317747950553894, 1.3145960569381714, 0.9979999661445618]
[0.07243002206087112, -0.04348736256361008, 0.22772924602031708, 0.30810678005218506, -0.4961763620376587, 1.2665234804153442] [-1.084496021270752, -0.32218196988105774, -0.010779961943626404, 1.3100780248641968, 1.3145960569381714, 0.9975999593734741]
[0.07408227771520615, -0.04520317539572716, 0.2289486825466156, 0.32278624176979065, -0.5123512148857117, 1.250030279159546] [-1.0752921104431152, -0.3344539701938629, -0.01231396198272705, 1.2901359796524048, 1.3161300420761108, 0.9975999593734741]
[0.07717634737491608, -0.05076252296566963, 0.2304394543170929, 0.3475677967071533, -0.5425828695297241, 1.2099645137786865] [-1.0706900358200073, -0.3697359561920166, -0.024585962295532227, 1.282465934753418, 1.3161300420761108, 0.9975999593734741]
[0.08018089085817337, -0.057113729417324066, 0.23176872730255127, 0.37340760231018066, -0.5725032091140747, 1.1628913879394531] [-1.06302011013031, -0.4126879572868347, -0.04299396276473999, 1.2655919790267944, 1.3161300420761108, 0.9975999593734741]
[0.08505349606275558, -0.06324400007724762, 0.23218314349651337, 0.4104369580745697, -0.5945882201194763, 1.1011157035827637] [-1.0538160800933838, -0.4418339729309082, -0.07060596346855164, 1.2425819635391235, 1.3176640272140503, 0.9975999593734741]
[0.0902172103524208, -0.06984122842550278, 0.23232686519622803, 0.4500541687011719, -0.6146575212478638, 1.0320650339126587] [-1.043078064918518, -0.4709799885749817, -0.09361596405506134, 1.2072999477386475, 1.3176640272140503, 0.9975999593734741]
[0.09702790528535843, -0.08071532100439072, 0.2341611683368683, 0.51495361328125, -0.6553695797920227, 0.919098973274231] [-1.0369420051574707, -0.5077959895133972, -0.12122795730829239, 1.1643480062484741, 1.3161300420761108, 0.9975999593734741]
[0.10192646831274033, -0.0904579684138298, 0.23556335270404816, 0.5764233469963074, -0.6906357407569885, 0.8228124380111694] [-1.024670124053955, -0.5522819757461548, -0.1442379653453827, 1.113726019859314, 1.328402042388916, 0.9975999593734741]
[0.1078033521771431, -0.10158544033765793, 0.23509863018989563, 0.6647130846977234, -0.7128817439079285, 0.707015335559845] [-1.0093300342559814, -0.5783599615097046, -0.1963939666748047, 0.9756659865379333, 1.4265780448913574, 0.9975999593734741]
[0.12081745266914368, -0.12730824947357178, 0.23943114280700684, 1.0167438983917236, -0.747079074382782, 0.36515748500823975] [-1.0031940937042236, -0.5844959616661072, -0.35132795572280884, 0.7670419812202454, 1.6658821105957031, 0.9975999593734741]
[0.12931309640407562, -0.15262390673160553, 0.24005886912345886, 1.3376413583755493, -0.7321009635925293, 0.04604575037956238] [-0.9801840782165527, -0.5890979766845703, -0.4970579743385315, 0.561486005783081, 1.8484281301498413, 0.9975999593734741]
[0.1348779797554016, -0.17174401879310608, 0.23499302566051483, 1.4693278074264526, -0.6806368231773376, -0.16374808549880981] [-0.9464360475540161, -0.6044379472732544, -0.5860300064086914, 0.5277379751205444, 1.8607001304626465, 0.9975999593734741]
[0.13964106142520905, -0.17546391487121582, 0.22831188142299652, 1.4534618854522705, -0.6328579783439636, -0.1872224658727646] [-0.9172900915145874, -0.6090399622917175, -0.5921659469604492, 0.526203989982605, 1.8607001304626465, 0.9975999593734741]
[0.14457130432128906, -0.17574968934059143, 0.22254939377307892, 1.445921778678894, -0.5934348106384277, -0.1838247925043106] [-0.865134060382843, -0.6090399622917175, -0.5921659469604492, 0.5277379751205444, 1.8607001304626465, 0.9975999593734741]
[0.15085938572883606, -0.17603528499603271, 0.21452583372592926, 1.4357868432998657, -0.5404167175292969, -0.1793779730796814] [-0.8037740588188171, -0.6136419773101807, -0.5844959616661072, 0.5277379751205444, 1.862234115600586, 0.9975999593734741]
[0.16425281763076782, -0.17744046449661255, 0.1930765062570572, 1.4240657091140747, -0.4098855257034302, -0.17453725636005402] [-0.6396360397338867, -0.6243799924850464, -0.579893946647644, 0.5277379751205444, 1.862234115600586, 0.9975999593734741]
[0.1816776692867279, -0.1779535859823227, 0.15040913224220276, 1.3929213285446167, -0.170124351978302, -0.16399075090885162] [-0.4233420491218567, -0.6243799924850464, -0.56455397605896, 0.5277379751205444, 1.862234115600586, 0.9975999593734741]
[0.1869717538356781, -0.1775384098291397, 0.12530376017093658, 1.3830829858779907, -0.03782181069254875, -0.15833638608455658] [-0.2730100452899933, -0.6243799924850464, -0.5446119904518127, 0.526203989982605, 1.862234115600586, 0.9975999593734741]
[0.18866734206676483, -0.17733339965343475, 0.10691651701927185, 1.3789045810699463, 0.05675346404314041, -0.15689754486083984] [-0.16716404259204865, -0.6243799924850464, -0.5384759902954102, 0.526203989982605, 1.862234115600586, 0.9975999593734741]
[0.188395157456398, -0.17769216001033783, 0.08715713024139404, 1.3654149770736694, 0.1586948186159134, -0.1619008332490921] [-0.07972604036331177, -0.6243799924850464, -0.5354079604148865, 0.5216019749641418, 1.862234115600586, 0.9975999593734741]
[0.18743449449539185, -0.17769216001033783, 0.07706556469202042, 1.3565669059753418, 0.2116759866476059, -0.16353058815002441] [-0.04137603938579559, -0.6243799924850464, -0.5354079604148865, 0.5216019749641418, 1.862234115600586, 0.9975999593734741]
[0.18682542443275452, -0.17785139381885529, 0.07254531979560852, 1.3521296977996826, 0.2351938784122467, -0.16584792733192444] [-0.021434038877487183, -0.6243799924850464, -0.5354079604148865, 0.5154659748077393, 1.862234115600586, 0.9975999593734741]
[0.18561366200447083, -0.17877373099327087, 0.0659794732928276, 1.3442902565002441, 0.2686690092086792, -0.17462024092674255] [0.024585962295532227, -0.6259139776229858, -0.5369420051574707, 0.5077959895133972, 1.862234115600586, 0.9975999593734741]
[0.1837567389011383, -0.18096765875816345, 0.05779276043176651, 1.3299692869186401, 0.3082980215549469, -0.19583134353160858] [0.07213996350765228, -0.6274479627609253, -0.5369420051574707, 0.481717973947525, 1.862234115600586, 0.9975999593734741]
[0.18199029564857483, -0.18363378942012787, 0.05161518603563309, 1.314389944076538, 0.3362269401550293, -0.22143493592739105] [0.1181599572300911, -0.6320499777793884, -0.5369420051574707, 0.46024197340011597, 1.862234115600586, 0.9975999593734741]
[0.17952169477939606, -0.1877480298280716, 0.04604077339172363, 1.295527458190918, 0.36033162474632263, -0.25677555799484253] [0.15037396550178528, -0.6397199630737305, -0.5354079604148865, 0.4280279874801636, 1.862234115600586, 0.9975999593734741]
[0.17742833495140076, -0.19244344532489777, 0.04359113797545433, 1.27752685546875, 0.36775606870651245, -0.29454559087753296] [0.16878196597099304, -0.6519919633865356, -0.5354079604148865, 0.4096199870109558, 1.862234115600586, 0.9975999593734741]
[0.17497411370277405, -0.19710633158683777, 0.04161980748176575, 1.26419997215271, 0.3742730915546417, -0.32929691672325134] [0.1902579665184021, -0.6734679937362671, -0.5354079604148865, 0.3835419714450836, 1.862234115600586, 0.9975999593734741]
[0.17143318057060242, -0.20392471551895142, 0.03999081626534462, 1.2436529397964478, 0.3773738145828247, -0.3798489272594452] [0.20866596698760986, -0.6934099793434143, -0.5354079604148865, 0.36206597089767456, 1.862234115600586, 0.9975999593734741]
[0.16933704912662506, -0.20809492468833923, 0.03964246064424515, 1.2314677238464355, 0.37543773651123047, -0.41091084480285645] [0.21480196714401245, -0.70414799451828, -0.5354079604148865, 0.34212398529052734, 1.862234115600586, 0.9975999593734741]
[0.1679496467113495, -0.21090398728847504, 0.03878575935959816, 1.21858811378479, 0.374977707862854, -0.43545034527778625] [0.22553996741771698, -0.70414799451828, -0.5354079604148865, 0.33905595541000366, 1.862234115600586, 0.9975999593734741]
[0.1661956012248993, -0.21090398728847504, 0.03417225554585457, 1.2059439420700073, 0.3999854028224945, -0.4402284324169159] [0.2776959538459778, -0.70414799451828, -0.533873975276947, 0.33598798513412476, 1.862234115600586, 0.9975999593734741]
[0.16053180396556854, -0.21174344420433044, 0.02175241895020008, 1.1764003038406372, 0.46452200412750244, -0.4635232090950012] [0.3405899703502655, -0.70414799451828, -0.5154659748077393, 0.3237159848213196, 1.862234115600586, 0.9975999593734741]
[0.15950888395309448, -0.21207983791828156, 0.019830355420708656, 1.174824595451355, 0.47348615527153015, -0.46946901082992554] [0.3497939705848694, -0.70414799451828, -0.5108639597892761, 0.3237159848213196, 1.862234115600586, 0.9975999593734741]
[0.15922224521636963, -0.21203169226646423, 0.019206341356039047, 1.175694227218628, 0.47681209444999695, -0.46987760066986084] [0.355929970741272, -0.7026139497756958, -0.5108639597892761, 0.3237159848213196, 1.862234115600586, 0.9975999593734741]
[0.1591373085975647, -0.21175946295261383, 0.018657106906175613, 1.1746679544448853, 0.4797900319099426, -0.4689120054244995] [0.35899797081947327, -0.7026139497756958, -0.5108639597892761, 0.3237159848213196, 1.8637681007385254, 0.9979999661445618]
[0.15859274566173553, -0.2117835134267807, 0.017627909779548645, 1.1699223518371582, 0.4856492578983307, -0.4707018733024597] [0.36513397097587585, -0.7010799646377563, -0.5108639597892761, 0.3237159848213196, 1.8637681007385254, 0.9975999593734741]
[0.15858520567417145, -0.21098050475120544, 0.01673809625208378, 1.167529582977295, 0.49152806401252747, -0.4659740924835205] [0.3666679859161377, -0.6995459794998169, -0.5154659748077393, 0.3283179700374603, 1.8637681007385254, 0.9975999593734741]
[0.15858790278434753, -0.21082720160484314, 0.016652964055538177, 1.16818106174469, 0.49246373772621155, -0.46459490060806274] [0.3666679859161377, -0.6980119943618774, -0.5154659748077393, 0.32985198497772217, 1.8637681007385254, 0.9975999593734741]
[0.15875154733657837, -0.21040071547031403, 0.01650608330965042, 1.1693933010101318, 0.49364393949508667, -0.4615175127983093] [0.3666679859161377, -0.6980119943618774, -0.5154659748077393, 0.32985198497772217, 1.862234115600586, 0.9975999593734741]
[0.15887078642845154, -0.20999863743782043, 0.01630484312772751, 1.168994665145874, 0.4952172338962555, -0.45878201723098755] [0.3666679859161377, -0.696478009223938, -0.5169999599456787, 0.3344539701938629, 1.862234115600586, 0.9975999593734741]
[0.15887226164340973, -0.20984508097171783, 0.016220133751630783, 1.1696527004241943, 0.4961511194705963, -0.45739853382110596] [0.3666679859161377, -0.696478009223938, -0.5169999599456787, 0.3329199552536011, 1.8637681007385254, 0.9975999593734741]
[0.15887226164340973, -0.20984508097171783, 0.016220133751630783, 1.1696527004241943, 0.4961511194705963, -0.45739853382110596] [0.3666679859161377, -0.696478009223938, -0.5169999599456787, 0.3344539701938629, 1.8637681007385254, 0.9975999593734741]
[0.15887226164340973, -0.20984508097171783, 0.016220133751630783, 1.1696527004241943, 0.4961511194705963, -0.45739853382110596] [0.3666679859161377, -0.696478009223938, -0.5169999599456787, 0.3344539701938629, 1.8637681007385254, 0.9975999593734741]
[0.15887226164340973, -0.20984508097171783, 0.016220133751630783, 1.1696527004241943, 0.4961511194705963, -0.45739853382110596] [0.3666679859161377, -0.696478009223938, -0.5169999599456787, 0.3329199552536011, 1.862234115600586, 0.9975999593734741]
[0.15887351334095, -0.20969144999980927, 0.016135569661855698, 1.170312523841858, 0.49708423018455505, -0.45601364970207214] [0.3666679859161377, -0.696478009223938, -0.5169999599456787, 0.3344539701938629, 1.862234115600586, 0.9975999593734741]
[0.15887226164340973, -0.20984508097171783, 0.016220133751630783, 1.1696527004241943, 0.4961511194705963, -0.45739853382110596] [0.3666679859161377, -0.696478009223938, -0.5169999599456787, 0.3344539701938629, 1.862234115600586, 0.9975999593734741]
[0.15887351334095, -0.20969144999980927, 0.016135569661855698, 1.170312523841858, 0.49708423018455505, -0.45601364970207214] [0.3666679859161377, -0.696478009223938, -0.5169999599456787, 0.3344539701938629, 1.8637681007385254, 0.9975999593734741]
[0.15887351334095, -0.20969144999980927, 0.016135569661855698, 1.170312523841858, 0.49708423018455505, -0.45601364970207214] [0.3666679859161377, -0.696478009223938, -0.5169999599456787, 0.3329199552536011, 1.862234115600586, 0.9975999593734741]
[0.15887351334095, -0.20969144999980927, 0.016135569661855698, 1.170312523841858, 0.49708423018455505, -0.45601364970207214] [0.3666679859161377, -0.696478009223938, -0.5169999599456787, 0.3344539701938629, 1.8637681007385254, 0.9975999593734741]
[0.15887351334095, -0.20969144999980927, 0.016135569661855698, 1.170312523841858, 0.49708423018455505, -0.45601364970207214] [0.3666679859161377, -0.696478009223938, -0.5169999599456787, 0.3329199552536011, 1.862234115600586, 0.9975999593734741]
