[0.17943166196346283, -0.06659264117479324, 0.03370032459497452, 2.546515941619873, 0.13686725497245789, 0.4902748763561249] [0.638185977935791, -0.12889796495437622, 0.6304320693016052, 0.7716439962387085, 1.7517861127853394, 0.9975999593734741]
[0.1794351041316986, -0.06661839038133621, 0.033482328057289124, 2.545372247695923, 0.13871054351329803, 0.489959180355072] [0.638185977935791, -0.12889796495437622, 0.6304320693016052, 0.770110011100769, 1.7517861127853394, 0.9979999661445618]
[0.17949031293392181, -0.06669982522726059, 0.03357449546456337, 2.5463674068450928, 0.13796193897724152, 0.48919007182121277] [0.638185977935791, -0.12889796495437622, 0.6304320693016052, 0.7716439962387085, 1.7517861127853394, 0.9979999661445618]
[0.17937636375427246, -0.06651110202074051, 0.03360804542899132, 2.5455217361450195, 0.13761693239212036, 0.491045206785202] [0.638185977935791, -0.12889796495437622, 0.6304320693016052, 0.7716439962387085, 1.7517861127853394, 0.9979999661445618]
[0.17943166196346283, -0.06659264117479324, 0.03370032459497452, 2.546515941619873, 0.13686725497245789, 0.4902748763561249] [0.638185977935791, -0.12889796495437622, 0.6304320693016052, 0.7716439962387085, 1.7517861127853394, 0.9979999661445618]
[0.17949031293392181, -0.06669982522726059, 0.03357449546456337, 2.5463674068450928, 0.13796193897724152, 0.48919007182121277] [0.638185977935791, -0.12889796495437622, 0.6304320693016052, 0.7716439962387085, 1.7517861127853394, 0.9979999661445618]
[0.17937636375427246, -0.06651110202074051, 0.03360804542899132, 2.5455217361450195, 0.13761693239212036, 0.491045206785202] [0.638185977935791, -0.12889796495437622, 0.6304320693016052, 0.7716439962387085, 1.7517861127853394, 0.9979999661445618]
[0.17943166196346283, -0.06659264117479324, 0.03370032459497452, 2.546515941619873, 0.13686725497245789, 0.4902748763561249] [0.638185977935791, -0.12736396491527557, 0.6304320693016052, 0.7716439962387085, 1.7517861127853394, 0.9979999661445618]
[0.17933739721775055, -0.06622947007417679, 0.03363695368170738, 2.546334981918335, 0.13718543946743011, 0.49238866567611694] [0.638185977935791, -0.12736396491527557, 0.6304320693016052, 0.7716439962387085, 1.7517861127853394, 0.9979999661445618]
[0.17939278483390808, -0.06631101667881012, 0.03372916206717491, 2.5473294258117676, 0.13643640279769897, 0.49161776900291443] [0.638185977935791, -0.12736396491527557, 0.628898024559021, 0.7716439962387085, 1.7517861127853394, 0.9979999661445618]
[0.17933739721775055, -0.06622947007417679, 0.03363695368170738, 2.546334981918335, 0.13718543946743011, 0.49238866567611694] [0.638185977935791, -0.12736396491527557, 0.6304320693016052, 0.770110011100769, 1.7517861127853394, 0.9979999661445618]
[0.17939625680446625, -0.06633657217025757, 0.033511143177747726, 2.5461859703063965, 0.13827992975711823, 0.49130359292030334] [0.638185977935791, -0.12736396491527557, 0.6304320693016052, 0.7716439962387085, 1.7517861127853394, 0.9979999661445618]
[0.17939278483390808, -0.06631101667881012, 0.03372916206717491, 2.5473294258117676, 0.13643640279769897, 0.49161776900291443] [0.638185977935791, -0.12736396491527557, 0.6304320693016052, 0.7716439962387085, 1.7517861127853394, 0.9979999661445618]
[0.17939278483390808, -0.06631101667881012, 0.03372916206717491, 2.5473294258117676, 0.13643640279769897, 0.49161776900291443] [0.638185977935791, -0.12429595738649368, 0.628898024559021, 0.7716439962387085, 1.7517861127853394, 0.9975999593734741]
[0.17917804419994354, -0.06510365009307861, 0.033755138516426086, 2.54958176612854, 0.13544878363609314, 0.4977581799030304] [0.638185977935791, -0.12122795730829239, 0.6304320693016052, 0.7716439962387085, 1.7517861127853394, 0.9979999661445618]
[0.17905592918395996, -0.0647788718342781, 0.033661212772130966, 2.544861316680908, 0.13709700107574463, 0.500741720199585] [0.6366519927978516, -0.12276195734739304, 0.621228039264679, 0.7716439962387085, 1.7517861127853394, 0.9979999661445618]
[0.1791040450334549, -0.06551662087440491, 0.03345762938261032, 2.538374185562134, 0.1391584426164627, 0.49747559428215027] [0.6289819478988647, -0.13196596503257751, 0.621228039264679, 0.7716439962387085, 1.730310082435608, 0.9979999661445618]
[0.18114563822746277, -0.06829581409692764, 0.03791581466794014, 2.4873106479644775, 0.11806155741214752, 0.48013707995414734] [0.6075059771537781, -0.1442379653453827, 0.6258300542831421, 0.7716439962387085, 1.6980960369110107, 0.9979999661445618]
[0.1821703314781189, -0.07106931507587433, 0.03983309119939804, 2.4309844970703125, 0.1101256012916565, 0.464547723531723] [0.5952339768409729, -0.15957796573638916, 0.628898024559021, 0.770110011100769, 1.6229300498962402, 0.9979999661445618]
[0.1827266961336136, -0.07200988382101059, 0.04099996015429497, 2.3658852577209473, 0.10289499163627625, 0.4560944736003876] [0.5814279913902283, -0.1672479659318924, 0.628898024559021, 0.78084796667099, 1.5968520641326904, 0.9975999593734741]
[0.18300846219062805, -0.07196413725614548, 0.04526665061712265, 2.338942766189575, 0.07711970061063766, 0.46222051978111267] [0.5568839907646179, -0.17645196616649628, 0.628898024559021, 0.7869839668273926, 1.5968520641326904, 0.9979999661445618]
[0.18532294034957886, -0.07320254296064377, 0.05269655957818031, 2.3176333904266357, 0.042420268058776855, 0.4545753598213196] [0.5185339450836182, -0.17951996624469757, 0.628898024559021, 0.7869839668273926, 1.595318078994751, 0.9979999661445618]
[0.18715515732765198, -0.07403764128684998, 0.06005678325891495, 2.296644449234009, 0.00752705242484808, 0.4500707983970642] [0.46944597363471985, -0.18565596640110016, 0.628898024559021, 0.7869839668273926, 1.5876480340957642, 0.9979999661445618]
[0.18976199626922607, -0.07497596740722656, 0.07504361122846603, 2.2488794326782227, -0.06417398899793625, 0.4467797577381134] [0.355929970741272, -0.19179196655750275, 0.628898024559021, 0.7869839668273926, 1.5830460786819458, 0.9979999661445618]
[0.19155794382095337, -0.07592526078224182, 0.09655764698982239, 2.1966819763183594, -0.16496030986309052, 0.4470295011997223] [0.23474396765232086, -0.1963939666748047, 0.6273640394210815, 0.788517951965332, 1.5692400932312012, 0.9979999661445618]
[0.19071799516677856, -0.07639188319444656, 0.11871287226676941, 2.1301705837249756, -0.26958510279655457, 0.45542240142822266] [0.13196596503257751, -0.1963939666748047, 0.6273640394210815, 0.7869839668273926, 1.5124820470809937, 0.9979999661445618]
[0.1882253885269165, -0.07559625804424286, 0.13488727807998657, 1.9845627546310425, -0.3513798713684082, 0.46977466344833374] [0.08441196382045746, -0.1963939666748047, 0.6273640394210815, 0.7915859818458557, 1.4388500452041626, 0.9975999593734741]
[0.18714068830013275, -0.0751662403345108, 0.1392812281847, 1.9378300905227661, -0.3747277855873108, 0.4768872857093811] [0.05679996311664581, -0.1963939666748047, 0.628898024559021, 0.7915859818458557, 1.3744220733642578, 0.9979999661445618]
[0.186349555850029, -0.07476116716861725, 0.1427823305130005, 1.8527549505233765, -0.39514806866645813, 0.4811844229698181] [0.029187962412834167, -0.1963939666748047, 0.628898024559021, 0.7961879968643188, 1.3268680572509766, 0.9979999661445618]
[0.18476659059524536, -0.07426045089960098, 0.14804121851921082, 1.803928017616272, -0.42306214570999146, 0.49152854084968567] [-0.0122300386428833, -0.1963939666748047, 0.628898024559021, 0.7961879968643188, 1.325334072113037, 0.9979999661445618]
[0.1797487884759903, -0.07395584136247635, 0.16421690583229065, 1.7513762712478638, -0.5010070204734802, 0.5144574046134949] [-0.09813404083251953, -0.19485996663570404, 0.6242960691452026, 0.7961879968643188, 1.3222661018371582, 0.9979999661445618]
[0.170552596449852, -0.07401225715875626, 0.1856798678636551, 1.6733181476593018, -0.605088472366333, 0.5533828139305115] [-0.243864044547081, -0.1963939666748047, 0.621228039264679, 0.7961879968643188, 1.3222661018371582, 0.9979999661445618]
[0.15797334909439087, -0.07382714748382568, 0.20717789232730865, 1.5764631032943726, -0.712046205997467, 0.6100160479545593] [-0.38959404826164246, -0.1963939666748047, 0.6166260242462158, 0.7961879968643188, 1.3222661018371582, 0.9979999661445618]
[0.1430589109659195, -0.07327490299940109, 0.22615163028240204, 1.4639525413513184, -0.8113955855369568, 0.6880814433097839] [-0.4693620502948761, -0.19485996663570404, 0.6150920391082764, 0.7961879968643188, 1.3069260120391846, 0.9979999661445618]
[0.13909406960010529, -0.07317794114351273, 0.23051859438419342, 1.4119611978530884, -0.8360517024993896, 0.7104724049568176] [-0.5015760660171509, -0.19485996663570404, 0.6150920391082764, 0.8007899522781372, 1.2409640550613403, 0.9979999661445618]
[0.13736875355243683, -0.0724259540438652, 0.2318299561738968, 1.3178330659866333, -0.8470579385757446, 0.7298233509063721] [-0.513848066329956, -0.19485996663570404, 0.6150920391082764, 0.8053919672966003, 1.181138038635254, 0.9979999661445618]
[0.1348978728055954, -0.07173289358615875, 0.23384416103363037, 1.2416512966156006, -0.8600113391876221, 0.7535193562507629] [-0.536858081817627, -0.19485996663570404, 0.6135580539703369, 0.8207319974899292, 1.1443220376968384, 0.9979999661445618]
[0.12906810641288757, -0.0692625343799591, 0.23688560724258423, 1.0887341499328613, -0.881494402885437, 0.8257075548171997] [-0.5583340525627136, -0.1933259665966034, 0.6135580539703369, 0.8560140132904053, 1.0722240209579468, 0.9979999661445618]
[0.12376604974269867, -0.06656007468700409, 0.23875796794891357, 0.9974353909492493, -0.8915494084358215, 0.8970864415168762] [-0.5767420530319214, -0.1933259665966034, 0.6120240688323975, 0.8866939544677734, 1.0507481098175049, 0.9979999661445618]
[0.11874427646398544, -0.06440842896699905, 0.24045783281326294, 0.9072051048278809, -0.8993823528289795, 0.963260293006897] [-0.5982180833816528, -0.1933259665966034, 0.610490083694458, 0.9143059849739075, 1.030806064605713, 0.9979999661445618]
[0.11208012700080872, -0.061935119330883026, 0.24259372055530548, 0.816169023513794, -0.9061468243598938, 1.0469766855239868] [-0.6258300542831421, -0.1933259665966034, 0.6089560389518738, 0.9603259563446045, 1.0216020345687866, 0.9979999661445618]
[0.10211118310689926, -0.05695946514606476, 0.24288669228553772, 0.6731419563293457, -0.8939620852470398, 1.1901674270629883] [-0.6503740549087524, -0.1933259665966034, 0.5966840386390686, 1.0815119743347168, 0.9924560785293579, 0.9979999661445618]
[0.08497655391693115, -0.0432126484811306, 0.2317647486925125, 0.4143948554992676, -0.7665500044822693, 1.4538899660110474] [-0.6549760699272156, -0.19485996663570404, 0.5414600372314453, 1.2594560384750366, 0.9587080478668213, 0.9979999661445618]
[0.08258388936519623, -0.03942400589585304, 0.22658298909664154, 0.35707467794418335, -0.7125197052955627, 1.4907711744308472] [-0.656510055065155, -0.19485996663570404, 0.5276540517807007, 1.2747960090637207, 0.9541060924530029, 0.9979999661445618]
[0.08238961547613144, -0.03942400589585304, 0.2267095297574997, 0.3550538420677185, -0.7126412987709045, 1.4920923709869385] [-0.6580440402030945, -0.19485996663570404, 0.5276540517807007, 1.2747960090637207, 0.9541060924530029, 0.9979999661445618]
[0.081309013068676, -0.03949949890375137, 0.22744938731193542, 0.34466320276260376, -0.714422345161438, 1.4998162984848022] [-0.6687820553779602, -0.19485996663570404, 0.5291880369186401, 1.2747960090637207, 0.9541060924530029, 0.9979999661445618]
[0.07954175770282745, -0.03949949890375137, 0.2285597324371338, 0.32641997933387756, -0.7153190970420837, 1.511775255203247] [-0.6825880408287048, -0.1963939666748047, 0.5291880369186401, 1.2747960090637207, 0.9464360475540161, 0.9979999661445618]
[0.07831668108701706, -0.03970406949520111, 0.22944176197052002, 0.30460771918296814, -0.7168763279914856, 1.5198694467544556] [-0.6963940858840942, -0.1963939666748047, 0.5291880369186401, 1.2763299942016602, 0.9372320771217346, 0.9979999661445618]
[0.07528119534254074, -0.0396796278655529, 0.23129121959209442, 0.25825566053390503, -0.7178635001182556, 1.5412664413452148] [-0.7194040417671204, -0.1963939666748047, 0.5291880369186401, 1.2763299942016602, 0.9295620918273926, 0.9979999661445618]
[0.07271865010261536, -0.03947380557656288, 0.23235781490802765, 0.23061685264110565, -0.7151603698730469, 1.5592046976089478] [-0.7378120422363281, -0.1963939666748047, 0.5276540517807007, 1.279397964477539, 0.9203580617904663, 0.9979999661445618]
[0.06969031691551208, -0.039387159049510956, 0.23387344181537628, 0.18534204363822937, -0.7141724824905396, 1.5807032585144043] [-0.7562200427055359, -0.19792796671390533, 0.5276540517807007, 1.282465934753418, 0.9142220616340637, 0.9979999661445618]
[0.06744825094938278, -0.039616916328668594, 0.23485057055950165, 0.158380389213562, -0.7128474712371826, 1.5947918891906738] [-0.7776960730552673, -0.20099596679210663, 0.5245860815048218, 1.284000039100647, 0.9126880764961243, 0.9979999661445618]
[0.06514937430620193, -0.03999287635087967, 0.23585663735866547, 0.13140438497066498, -0.7112762331962585, 1.6077009439468384] [-0.7961040735244751, -0.20559796690940857, 0.5199840664863586, 1.2870680093765259, 0.9126880764961243, 0.9979999661445618]
[0.06301363557577133, -0.04014342278242111, 0.23673972487449646, 0.10485897958278656, -0.7064101696014404, 1.6161260604858398] [-0.8206480741500854, -0.2101999670267105, 0.513848066329956, 1.2886019945144653, 0.9126880764961243, 0.9975999593734741]
[0.06028956547379494, -0.04038035124540329, 0.23776155710220337, 0.07466279715299606, -0.7023228406906128, 1.6297414302825928] [-0.8359880447387695, -0.2132679671049118, 0.5015760660171509, 1.2901359796524048, 0.91115403175354, 0.9979999661445618]
[0.059275127947330475, -0.03989564999938011, 0.2378011792898178, 0.056721046566963196, -0.69261634349823, 1.6299725770950317] [-0.8528620600700378, -0.21480196714401245, 0.48777005076408386, 1.2932039499282837, 0.9126880764961243, 0.9979999661445618]
[0.05782857537269592, -0.03978784382343292, 0.23817400634288788, 0.03894595801830292, -0.6860384941101074, 1.6330804824829102] [-0.8697360754013062, -0.2194039672613144, 0.48010003566741943, 1.2932039499282837, 0.91115403175354, 0.9979999661445618]
[0.056654248386621475, -0.0400218665599823, 0.23874318599700928, 0.022928062826395035, -0.6847806572914124, 1.6368356943130493] [-0.8850760459899902, -0.22247196733951569, 0.4770320653915405, 1.2932039499282837, 0.9126880764961243, 0.9979999661445618]
[0.054688721895217896, -0.04017571732401848, 0.23957814276218414, 0.005125704687088728, -0.6839573979377747, 1.6469308137893677] [-0.895814061164856, -0.22247196733951569, 0.4770320653915405, 1.2932039499282837, 0.9126880764961243, 0.9979999661445618]
[0.054279062896966934, -0.040174227207899094, 0.23974525928497314, -0.00035433354787528515, -0.6837201714515686, 1.6494237184524536] [-0.8973480463027954, -0.22247196733951569, 0.4770320653915405, 1.2932039499282837, 0.91115403175354, 0.9979999661445618]
[0.054260239005088806, -0.04017571732401848, 0.23974525928497314, 0.0011797240003943443, -0.6837201714515686, 1.6494237184524536] [-0.8973480463027954, -0.22247196733951569, 0.4770320653915405, 1.2932039499282837, 0.9126880764961243, 0.9979999661445618]
[0.054279062896966934, -0.040174227207899094, 0.23974525928497314, -0.00035433354787528515, -0.6837201714515686, 1.6494237184524536] [-0.8973480463027954, -0.22247196733951569, 0.4770320653915405, 1.2932039499282837, 0.9126880764961243, 0.9979999661445618]
[0.054279062896966934, -0.040174227207899094, 0.23974525928497314, -0.00035433354787528515, -0.6837201714515686, 1.6494237184524536] [-0.8973480463027954, -0.22247196733951569, 0.4770320653915405, 1.2932039499282837, 0.91115403175354, 0.9979999661445618]
[0.054279062896966934, -0.040174227207899094, 0.23974525928497314, -0.00035433354787528515, -0.6837201714515686, 1.6494237184524536] [-0.8973480463027954, -0.22247196733951569, 0.4770320653915405, 1.2916699647903442, 0.91115403175354, 0.9979999661445618]
[0.054810017347335815, -0.04075012728571892, 0.24003149569034576, 0.004464162979274988, -0.6886482238769531, 1.6439703702926636] [-0.895814061164856, -0.22860796749591827, 0.4770320653915405, 1.2886019945144653, 0.91115403175354, 0.9979999661445618]
[0.055217307060956955, -0.041547637432813644, 0.2404664307832718, 0.004165034741163254, -0.6946498155593872, 1.6388523578643799] [-0.895814061164856, -0.23014196753501892, 0.4770320653915405, 1.284000039100647, 0.9126880764961243, 0.9979999661445618]
[0.05556362867355347, -0.042489808052778244, 0.24109803140163422, 0.007235387340188026, -0.7027652859687805, 1.6339807510375977] [-0.895814061164856, -0.2362779676914215, 0.48010003566741943, 1.2778639793395996, 0.9126880764961243, 0.9979999661445618]
[0.05699146166443825, -0.04379313066601753, 0.2424749881029129, 0.017572438344359398, -0.7193730473518372, 1.618534803390503] [-0.892746090888977, -0.24087996780872345, 0.4816340506076813, 1.260990023612976, 0.9126880764961243, 0.9979999661445618]
[0.05789770558476448, -0.04646245390176773, 0.24364948272705078, 0.023809166625142097, -0.739669919013977, 1.6086292266845703] [-0.8896780610084534, -0.2623559832572937, 0.4893040657043457, 1.2548539638519287, 0.9126880764961243, 0.9975999593734741]
[0.059451207518577576, -0.05104028806090355, 0.24548500776290894, 0.030416002497076988, -0.7701087594032288, 1.585014820098877] [-0.8881440758705139, -0.30223995447158813, 0.49083805084228516, 1.228775978088379, 0.9126880764961243, 0.9979999661445618]
[0.06410279124975204, -0.061282262206077576, 0.24991421401500702, 0.06448578834533691, -0.8420482277870178, 1.5102988481521606] [-0.8866100311279297, -0.33598798513412476, 0.49083805084228516, 1.1858240365982056, 0.9142220616340637, 0.9979999661445618]
[0.06928139179944992, -0.07235023379325867, 0.25340670347213745, 0.11872512847185135, -0.9137185215950012, 1.4181926250457764] [-0.8789400458335876, -0.39734798669815063, 0.4923720359802246, 1.1367360353469849, 0.9157560467720032, 0.9979999661445618]
[0.07423973083496094, -0.08441655337810516, 0.2566937804222107, 0.19922387599945068, -0.9866078495979309, 1.3023574352264404] [-0.8712700605392456, -0.44950395822525024, 0.4923720359802246, 1.070773959159851, 0.931096076965332, 0.9979999661445618]
[0.08430784195661545, -0.10088276863098145, 0.2624276280403137, 0.46659502387046814, -1.0854090452194214, 1.0297014713287354] [-0.8682020902633667, -0.4541059732437134, 0.4923720359802246, 0.8575479984283447, 1.007796049118042, 0.9979999661445618]
[0.09639483690261841, -0.12116070091724396, 0.2678488492965698, 0.9840351343154907, -1.1490297317504883, 0.551514208316803] [-0.8666680455207825, -0.4541059732437134, 0.5015760660171509, 0.6489239931106567, 1.0599520206451416, 0.9979999661445618]
[0.105906642973423, -0.1402251422405243, 0.2685413062572479, 1.4512287378311157, -1.1235705614089966, 0.105027936398983] [-0.8620660305023193, -0.4541059732437134, 0.5077120661735535, 0.4878539741039276, 1.1121081113815308, 0.9979999661445618]
[0.1120307594537735, -0.15276162326335907, 0.26682156324386597, 1.6909123659133911, -1.0666840076446533, -0.1370949000120163] [-0.857464075088501, -0.4541059732437134, 0.5199840664863586, 0.40655195713043213, 1.1121081113815308, 0.9979999661445618]
[0.11689230054616928, -0.15715114772319794, 0.26362618803977966, 1.7520018815994263, -1.0259307622909546, -0.2002362608909607] [-0.826784074306488, -0.45563995838165283, 0.5215180516242981, 0.37740597128868103, 1.1136420965194702, 0.9975999593734741]
[0.12717857956886292, -0.16107608377933502, 0.2555137872695923, 1.7724108695983887, -0.9511261582374573, -0.23224444687366486] [-0.7638900279998779, -0.46637797355651855, 0.5245860815048218, 0.3666679859161377, 1.1136420965194702, 0.9979999661445618]
[0.14457154273986816, -0.16724175214767456, 0.23669394850730896, 1.760398030281067, -0.820415198802948, -0.24470004439353943] [-0.5951500535011292, -0.5001260042190552, 0.5307220220565796, 0.3666679859161377, 1.1136420965194702, 0.9979999661445618]
[0.16384223103523254, -0.17197440564632416, 0.20986516773700714, 1.734974980354309, -0.6552525758743286, -0.24090805649757385] [-0.3972640633583069, -0.5354079604148865, 0.5414600372314453, 0.3666679859161377, 1.1136420965194702, 0.9979999661445618]
[0.17770658433437347, -0.18179048597812653, 0.17613783478736877, 1.7135887145996094, -0.46960750222206116, -0.27097058296203613] [-0.2407960444688797, -0.561486005783081, 0.5614020824432373, 0.3666679859161377, 1.1136420965194702, 0.9979999661445618]
[0.18588192760944366, -0.1824074387550354, 0.1522647589445114, 1.6940699815750122, -0.34428703784942627, -0.26096516847610474] [-0.10733804106712341, -0.56455397605896, 0.5782760381698608, 0.363599956035614, 1.1151760816574097, 0.9979999661445618]
[0.19062133133411407, -0.1839061677455902, 0.12799665331840515, 1.6759119033813477, -0.21954302489757538, -0.26277440786361694] [0.013847962021827698, -0.56455397605896, 0.5890140533447266, 0.3436579704284668, 1.1151760816574097, 0.9979999661445618]
[0.19234172999858856, -0.18633562326431274, 0.10655514895915985, 1.658270001411438, -0.10610456764698029, -0.28050047159194946] [0.11048995703458786, -0.5706899762153625, 0.5982180833816528, 0.3145119547843933, 1.1151760816574097, 0.9979999661445618]
[0.19013458490371704, -0.1926124542951584, 0.08973973989486694, 1.6449472904205322, -0.016033750027418137, -0.32273298501968384] [0.17951996624469757, -0.5921659469604492, 0.6150920391082764, 0.2654239535331726, 1.1151760816574097, 0.9979999661445618]
[0.1861112266778946, -0.2027224749326706, 0.08249157667160034, 1.645569086074829, 0.033406488597393036, -0.3988189995288849] [0.1902579665184021, -0.6059719920158386, 0.6258300542831421, 0.15497596561908722, 1.1151760816574097, 0.9979999661445618]
[0.17940481007099152, -0.21800905466079712, 0.07213573902845383, 1.6550592184066772, 0.12076245993375778, -0.5440776348114014] [0.19792796671390533, -0.6044379472732544, 0.6534420251846313, 0.04912996292114258, 1.119778037071228, 0.9979999661445618]
[0.17725592851638794, -0.22097954154014587, 0.06797047704458237, 1.6628435850143433, 0.1483594924211502, -0.5738872289657593] [0.2163359671831131, -0.6059719920158386, 0.6611120700836182, 0.04912996292114258, 1.119778037071228, 0.9979999661445618]
[0.17687445878982544, -0.22071073949337006, 0.06496720016002655, 1.6553822755813599, 0.16264787316322327, -0.5738213062286377] [0.2393459677696228, -0.6044379472732544, 0.6611120700836182, 0.04912996292114258, 1.119778037071228, 0.9979999661445618]
[0.17519068717956543, -0.2208453267812729, 0.057611819356679916, 1.633715271949768, 0.198076069355011, -0.5793266296386719] [0.2776959538459778, -0.6059719920158386, 0.6595780849456787, 0.04759596288204193, 1.119778037071228, 0.9979999661445618]
[0.17336438596248627, -0.22084836661815643, 0.05067844316363335, 1.6128205060958862, 0.23140139877796173, -0.5841068625450134] [0.31604596972465515, -0.6044379472732544, 0.6611120700836182, 0.04759596288204193, 1.119778037071228, 0.9979999661445618]
[0.17184972763061523, -0.2208453267812729, 0.04562896862626076, 1.5946753025054932, 0.25568342208862305, -0.5881128907203674] [0.35899797081947327, -0.6044379472732544, 0.6611120700836182, 0.04759596288204193, 1.119778037071228, 0.9979999661445618]
[0.16819219291210175, -0.2208453267812729, 0.035193197429180145, 1.5589832067489624, 0.30657070875167847, -0.5980194211006165] [0.40808597207069397, -0.6029039621353149, 0.6611120700836182, 0.04912996292114258, 1.119778037071228, 0.9979999661445618]
[0.1661767214536667, -0.22044168412685394, 0.029548585414886475, 1.5399203300476074, 0.33414334058761597, -0.6012967824935913] [0.44336795806884766, -0.6013699769973755, 0.6611120700836182, 0.04912996292114258, 1.119778037071228, 0.9979999661445618]
[0.1647939682006836, -0.22016483545303345, 0.025913741439580917, 1.5275706052780151, 0.3522101044654846, -0.6040678024291992] [0.46024197340011597, -0.6029039621353149, 0.6611120700836182, 0.04912996292114258, 1.119778037071228, 0.9979999661445618]
[0.16433627903461456, -0.22016483545303345, 0.024903975427150726, 1.523850440979004, 0.3572579622268677, -0.6053599715232849] [0.4617759585380554, -0.6013699769973755, 0.6611120700836182, 0.04912996292114258, 1.119778037071228, 0.9975999593734741]
[0.16433627903461456, -0.22016483545303345, 0.024903975427150726, 1.523850440979004, 0.3572579622268677, -0.6053599715232849] [0.4617759585380554, -0.6013699769973755, 0.6611120700836182, 0.04912996292114258, 1.119778037071228, 0.9979999661445618]
[0.16433627903461456, -0.22016483545303345, 0.024903975427150726, 1.523850440979004, 0.3572579622268677, -0.6053599715232849] [0.46330997347831726, -0.599835991859436, 0.6611120700836182, 0.04912996292114258, 1.119778037071228, 0.9979999661445618]
[0.16493119299411774, -0.21876858174800873, 0.023957636207342148, 1.5234929323196411, 0.3617967665195465, -0.5980575084686279] [0.4648439884185791, -0.5860300064086914, 0.6595780849456787, 0.04912996292114258, 1.119778037071228, 0.9979999661445618]
[0.16673646867275238, -0.21569626033306122, 0.02308051660656929, 1.5317424535751343, 0.365931898355484, -0.5806112289428711] [0.4648439884185791, -0.5737580060958862, 0.6595780849456787, 0.04912996292114258, 1.119778037071228, 0.9979999661445618]
[0.16705161333084106, -0.2151249647140503, 0.022894257679581642, 1.5314549207687378, 0.366753488779068, -0.5773947834968567] [0.4648439884185791, -0.5737580060958862, 0.6595780849456787, 0.04912996292114258, 1.119778037071228, 0.9979999661445618]
[0.16705161333084106, -0.2151249647140503, 0.022894257679581642, 1.5314549207687378, 0.366753488779068, -0.5773947834968567] [0.4648439884185791, -0.5737580060958862, 0.6595780849456787, 0.04912996292114258, 1.119778037071228, 0.9979999661445618]
[0.16705161333084106, -0.2151249647140503, 0.022894257679581642, 1.5314549207687378, 0.366753488779068, -0.5773947834968567] [0.4648439884185791, -0.5737580060958862, 0.6595780849456787, 0.04912996292114258, 1.119778037071228, 0.9979999661445618]
[0.16705161333084106, -0.2151249647140503, 0.022894257679581642, 1.5314549207687378, 0.366753488779068, -0.5773947834968567] [0.4648439884185791, -0.5737580060958862, 0.6595780849456787, 0.04912996292114258, 1.119778037071228, 0.9979999661445618]
[0.16705161333084106, -0.2151249647140503, 0.022894257679581642, 1.5314549207687378, 0.366753488779068, -0.5773947834968567] [0.4648439884185791, -0.5737580060958862, 0.6595780849456787, 0.04912996292114258, 1.119778037071228, 0.9979999661445618]
[0.16705161333084106, -0.2151249647140503, 0.022894257679581642, 1.5314549207687378, 0.366753488779068, -0.5773947834968567] [0.4648439884185791, -0.5737580060958862, 0.6595780849456787, 0.04912996292114258, 1.119778037071228, 0.9979999661445618]
[0.16705161333084106, -0.2151249647140503, 0.022894257679581642, 1.5314549207687378, 0.366753488779068, -0.5773947834968567] [0.4648439884185791, -0.5737580060958862, 0.6595780849456787, 0.04912996292114258, 1.119778037071228, 0.9975999593734741]
[0.16705161333084106, -0.2151249647140503, 0.022894257679581642, 1.5314549207687378, 0.366753488779068, -0.5773947834968567] [0.4648439884185791, -0.5737580060958862, 0.6595780849456787, 0.04912996292114258, 1.119778037071228, 0.9979999661445618]
[0.16705161333084106, -0.2151249647140503, 0.022894257679581642, 1.5314549207687378, 0.366753488779068, -0.5773947834968567] [0.4648439884185791, -0.5737580060958862, 0.6595780849456787, 0.04912996292114258, 1.119778037071228, 0.9979999661445618]
[0.16705161333084106, -0.2151249647140503, 0.022894257679581642, 1.5314549207687378, 0.366753488779068, -0.5773947834968567] [0.4648439884185791, -0.5737580060958862, 0.6595780849456787, 0.04912996292114258, 1.119778037071228, 0.9979999661445618]
