[0.12603986263275146, -0.2721461355686188, 0.06174641102552414, 2.4889206886291504, 0.16608591377735138, -0.9179243445396423] [0.5185339450836182, -0.8422079682350159, 2.0110321044921875, 0.1703159660100937, 0.8820080757141113, 0.9971999526023865]
[0.1260983943939209, -0.2721461355686188, 0.061939794570207596, 2.4901559352874756, 0.16515396535396576, -0.9177207350730896] [0.5185339450836182, -0.8422079682350159, 2.009498119354248, 0.1703159660100937, 0.8820080757141113, 0.9968000054359436]
[0.12603986263275146, -0.2721461355686188, 0.06174641102552414, 2.4889206886291504, 0.16608591377735138, -0.9179243445396423] [0.5185339450836182, -0.8422079682350159, 2.009498119354248, 0.1703159660100937, 0.8820080757141113, 0.9968000054359436]
[0.12603986263275146, -0.2721461355686188, 0.06174641102552414, 2.4889206886291504, 0.16608591377735138, -0.9179243445396423] [0.5185339450836182, -0.8422079682350159, 2.009498119354248, 0.1703159660100937, 0.8820080757141113, 0.9968000054359436]
[0.12607282400131226, -0.2721162736415863, 0.06173661723732948, 2.487452507019043, 0.16607673466205597, -0.9176608920097351] [0.5185339450836182, -0.8422079682350159, 2.009498119354248, 0.1703159660100937, 0.8820080757141113, 0.9971999526023865]
[0.12603986263275146, -0.2721461355686188, 0.06174641102552414, 2.4889206886291504, 0.16608591377735138, -0.9179243445396423] [0.5185339450836182, -0.8422079682350159, 2.0110321044921875, 0.1703159660100937, 0.8820080757141113, 0.9968000054359436]
[0.12607282400131226, -0.2721162736415863, 0.06173661723732948, 2.487452507019043, 0.16607673466205597, -0.9176608920097351] [0.5185339450836182, -0.8422079682350159, 2.0110321044921875, 0.1703159660100937, 0.8820080757141113, 0.9971999526023865]
[0.12603986263275146, -0.2721461355686188, 0.06174641102552414, 2.4889206886291504, 0.16608591377735138, -0.9179243445396423] [0.5185339450836182, -0.8422079682350159, 2.0110321044921875, 0.1703159660100937, 0.8820080757141113, 0.06080000475049019]
[0.12603986263275146, -0.2721461355686188, 0.06174641102552414, 2.4889206886291504, 0.16608591377735138, -0.9179243445396423] [0.5185339450836182, -0.8422079682350159, 2.009498119354248, 0.1703159660100937, 0.8820080757141113, 0.06080000475049019]
[0.12607282400131226, -0.2721162736415863, 0.06173661723732948, 2.487452507019043, 0.16607673466205597, -0.9176608920097351] [0.5185339450836182, -0.8422079682350159, 2.009498119354248, 0.1703159660100937, 0.8820080757141113, 0.06080000475049019]
[0.12607282400131226, -0.2721162736415863, 0.06173661723732948, 2.487452507019043, 0.16607673466205597, -0.9176608920097351] [0.5185339450836182, -0.8422079682350159, 2.009498119354248, 0.17184996604919434, 0.8804740905761719, 0.06080000475049019]
[0.1265401840209961, -0.27173659205436707, 0.0616464801132679, 2.48838210105896, 0.16574998199939728, -0.91489577293396] [0.5185339450836182, -0.8376059532165527, 2.0079641342163086, 0.17338396608829498, 0.8804740905761719, 0.06080000475049019]
[0.12745164334774017, -0.271119624376297, 0.06262783706188202, 2.4850995540618896, 0.15584436058998108, -0.9097480773925781] [0.5169999599456787, -0.8345379829406738, 1.9972261190414429, 0.18872396647930145, 0.8804740905761719, 0.06080000475049019]
[0.12827549874782562, -0.2705186605453491, 0.06334301829338074, 2.4739882946014404, 0.14836297929286957, -0.9046647548675537] [0.5139319896697998, -0.8253339529037476, 1.971148133277893, 0.19485996663570404, 0.8804740905761719, 0.06080000475049019]
[0.13198579847812653, -0.26754334568977356, 0.06378847360610962, 2.440579891204834, 0.14070145785808563, -0.8806387186050415] [0.5047279596328735, -0.808459997177124, 1.9251281023025513, 0.20406396687030792, 0.8789400458335876, 0.06080000475049019]
[0.13577865064144135, -0.2642625570297241, 0.0641859769821167, 2.414940118789673, 0.1308739334344864, -0.8553923964500427] [0.5001260042190552, -0.7961879968643188, 1.892914056777954, 0.22093796730041504, 0.8789400458335876, 0.06080000475049019]
[0.13901503384113312, -0.26142117381095886, 0.0662589818239212, 2.379974842071533, 0.108739472925663, -0.832135021686554] [0.4939899742603302, -0.7823820114135742, 1.8438260555267334, 0.25315195322036743, 0.8789400458335876, 0.06080000475049019]
[0.14155100286006927, -0.25910869240760803, 0.06885368376970291, 2.3557305335998535, 0.08397044241428375, -0.8130250573158264] [0.48631995916366577, -0.7716439962387085, 1.8131461143493652, 0.2746279835700989, 0.8789400458335876, 0.06080000475049019]
[0.14439202845096588, -0.2563501298427582, 0.07152681797742844, 2.331618309020996, 0.05883795768022537, -0.7908456325531006] [0.47864997386932373, -0.7593719959259033, 1.7579220533370972, 0.31604596972465515, 0.8789400458335876, 0.06080000475049019]
[0.15392543375492096, -0.24407543241977692, 0.079344242811203, 2.1442487239837646, -0.02798072062432766, -0.6843763589859009] [0.47251397371292114, -0.7302259802818298, 1.3882280588150024, 0.5292719602584839, 0.8774060606956482, 0.06080000475049019]
[0.1726352870464325, -0.209662064909935, 0.086553655564785, 1.8838229179382324, -0.13091258704662323, -0.4131746292114258] [0.4525719881057739, -0.6565939784049988, 1.2624400854110718, 0.5737580060958862, 0.8789400458335876, 0.06080000475049019]
[0.177765354514122, -0.20123733580112457, 0.08662218600511551, 1.9026991128921509, -0.13476380705833435, -0.36880922317504883] [0.43416398763656616, -0.6013699769973755, 1.2532360553741455, 0.5783599615097046, 0.8789400458335876, 0.06080000475049019]
[0.18573987483978271, -0.184469074010849, 0.08775834739208221, 1.9199353456497192, -0.15148648619651794, -0.277493953704834] [0.41422197222709656, -0.5123980045318604, 1.2240900993347168, 0.5952339768409729, 0.8789400458335876, 0.06080000475049019]
[0.1911838799715042, -0.1708114594221115, 0.08760011196136475, 1.9258359670639038, -0.15548667311668396, -0.20592279732227325] [0.3988819718360901, -0.42035797238349915, 1.1949440240859985, 0.5952339768409729, 0.8712700605392456, 0.06080000475049019]
[0.19969086349010468, -0.14162324368953705, 0.0860661193728447, 1.9347792863845825, -0.15472716093063354, -0.06315556168556213] [0.3866099715232849, -0.28996795415878296, 1.1611961126327515, 0.5936999917030334, 0.8482600450515747, 0.06080000475049019]
[0.20295250415802002, -0.11979872733354568, 0.08483576774597168, 1.921410083770752, -0.15359531342983246, 0.04391760006546974] [0.37893998622894287, -0.20866596698760986, 1.101370096206665, 0.5936999917030334, 0.8390560746192932, 0.06080000475049019]
[0.20364436507225037, -0.1031709834933281, 0.08217185735702515, 1.8880749940872192, -0.13973993062973022, 0.13182362914085388] [0.37740597128868103, -0.15190796554088593, 1.0568840503692627, 0.5936999917030334, 0.837522029876709, 0.06080000475049019]
[0.2033059448003769, -0.09671970456838608, 0.08047942072153091, 1.8569378852844238, -0.12989017367362976, 0.17102496325969696] [0.37740597128868103, -0.12582996487617493, 1.0123980045318604, 0.5952339768409729, 0.837522029876709, 0.06080000475049019]
[0.20251725614070892, -0.08840115368366241, 0.07773733884096146, 1.8039237260818481, -0.11192011088132858, 0.22408750653266907] [0.3758719563484192, -0.11048995703458786, 0.8405900597572327, 0.6075059771537781, 0.837522029876709, 0.06080000475049019]
[0.19650964438915253, -0.06874948740005493, 0.06805841624736786, 1.5940566062927246, -0.05085655301809311, 0.3845423758029938] [0.37740597128868103, -0.09054796397686005, 0.6611120700836182, 0.6703999638557434, 0.8390560746192932, 0.06080000475049019]
[0.19175760447978973, -0.056256335228681564, 0.06716907769441605, 1.5422158241271973, -0.05104995146393776, 0.4778965711593628] [0.3758719563484192, -0.03839196264743805, 0.6335000395774841, 0.6842060089111328, 0.8390560746192932, 0.06080000475049019]
[0.18948322534561157, -0.04669792205095291, 0.06842856109142303, 1.5559731721878052, -0.06234243884682655, 0.5256520509719849] [0.37740597128868103, -0.009245961904525757, 0.6350340843200684, 0.6872739791870117, 0.8390560746192932, 0.06080000475049019]
[0.18753482401371002, -0.04074902459979057, 0.06927263736724854, 1.5640507936477661, -0.07162313163280487, 0.5578567981719971] [0.37740597128868103, 0.02757003903388977, 0.6335000395774841, 0.6995459794998169, 0.8390560746192932, 0.06080000475049019]
[0.184274360537529, -0.031961508095264435, 0.07018221169710159, 1.5730592012405396, -0.08153149485588074, 0.606869101524353] [0.37893998622894287, 0.06592004001140594, 0.6242960691452026, 0.7026139497756958, 0.8390560746192932, 0.06080000475049019]
[0.1827882081270218, -0.02836957760155201, 0.06878521293401718, 1.583366870880127, -0.07655930519104004, 0.6239910125732422] [0.38814395666122437, 0.087396040558815, 0.6227620840072632, 0.7026139497756958, 0.8390560746192932, 0.06080000475049019]
[0.18169400095939636, -0.02572702057659626, 0.06889660656452179, 1.587202787399292, -0.07872363924980164, 0.6381709575653076] [0.3896779716014862, 0.09506604075431824, 0.6227620840072632, 0.7010799646377563, 0.8390560746192932, 0.06080000475049019]
[0.18158315122127533, -0.025263918563723564, 0.0688638687133789, 1.5882296562194824, -0.07837462425231934, 0.6398080587387085] [0.3896779716014862, 0.09813404083251953, 0.621228039264679, 0.6995459794998169, 0.8390560746192932, 0.06080000475049019]
[0.18152834475040436, -0.02501547336578369, 0.0686919242143631, 1.5875605344772339, -0.07695431262254715, 0.6407387256622314] [0.3896779716014862, 0.09813404083251953, 0.621228039264679, 0.6980119943618774, 0.8390560746192932, 0.06080000475049019]
[0.18157073855400085, -0.025193054229021072, 0.0676213949918747, 1.590481162071228, -0.07117055356502533, 0.638283908367157] [0.39734798669815063, 0.09813404083251953, 0.6196940541267395, 0.6949439644813538, 0.8390560746192932, 0.06080000475049019]
[0.1813081055879593, -0.02519017830491066, 0.0654262825846672, 1.5924546718597412, -0.059528980404138565, 0.637698769569397] [0.4096199870109558, 0.09813404083251953, 0.6135580539703369, 0.6934099793434143, 0.8390560746192932, 0.06080000475049019]
[0.1809411197900772, -0.025070248171687126, 0.0638449564576149, 1.5945968627929688, -0.05194006487727165, 0.6387889385223389] [0.41115397214889526, 0.09813404083251953, 0.6135580539703369, 0.6934099793434143, 0.8390560746192932, 0.06080000475049019]
[0.18099530041217804, -0.02528720535337925, 0.06370429694652557, 1.592889666557312, -0.050860445946455, 0.6380806565284729] [0.41115397214889526, 0.09660004079341888, 0.6120240688323975, 0.6934099793434143, 0.8390560746192932, 0.06080000475049019]
[0.1817532479763031, -0.027447065338492393, 0.06325667351484299, 1.5877175331115723, -0.047242872416973114, 0.6276955604553223] [0.4126879572868347, 0.07665804028511047, 0.6120240688323975, 0.6934099793434143, 0.8390560746192932, 0.06080000475049019]
[0.18306095898151398, -0.031321704387664795, 0.06288203597068787, 1.5818737745285034, -0.04402979090809822, 0.6087901592254639] [0.41115397214889526, 0.061318039894104004, 0.610490083694458, 0.6934099793434143, 0.8390560746192932, 0.06080000475049019]
[0.18310819566249847, -0.0315421037375927, 0.0627441331744194, 1.5801631212234497, -0.04295528307557106, 0.6080702543258667] [0.41115397214889526, 0.061318039894104004, 0.6120240688323975, 0.6934099793434143, 0.8390560746192932, 0.06080000475049019]
[0.18343284726142883, -0.03244362398982048, 0.06271989643573761, 1.579856276512146, -0.042632926255464554, 0.6032529473304749] [0.41115397214889526, 0.05364803969860077, 0.6120240688323975, 0.6949439644813538, 0.8405900597572327, 0.06080000475049019]
[0.18433433771133423, -0.03525962680578232, 0.0623454675078392, 1.5763133764266968, -0.03918980807065964, 0.589398980140686] [0.4096199870109558, 0.03217203915119171, 0.6120240688323975, 0.6949439644813538, 0.8421240448951721, 0.06080000475049019]
[0.18591579794883728, -0.04036438837647438, 0.061985231935977936, 1.5677709579467773, -0.03446672484278679, 0.5644503831863403] [0.41115397214889526, 0.006094038486480713, 0.6120240688323975, 0.6949439644813538, 0.8421240448951721, 0.06080000475049019]
[0.18708652257919312, -0.04465177282691002, 0.06149555742740631, 1.5615079402923584, -0.02964550256729126, 0.5435937643051147] [0.4096199870109558, -0.021517962217330933, 0.6135580539703369, 0.6949439644813538, 0.8436580896377563, 0.06080000475049019]
[0.1885063350200653, -0.05041132867336273, 0.06089772284030914, 1.5524941682815552, -0.023472271859645844, 0.5157316327095032] [0.4096199870109558, -0.05219796299934387, 0.6135580539703369, 0.696478009223938, 0.8513280749320984, 0.06080000475049019]
[0.18966367840766907, -0.05587291717529297, 0.0607026033103466, 1.5526906251907349, -0.019621223211288452, 0.48975083231925964] [0.4096199870109558, -0.08134396374225616, 0.6135580539703369, 0.696478009223938, 0.857464075088501, 0.06080000475049019]
[0.19061119854450226, -0.06083106994628906, 0.06032854691147804, 1.5465351343154907, -0.014844943769276142, 0.46598896384239197] [0.4096199870109558, -0.11048995703458786, 0.6135580539703369, 0.696478009223938, 0.8589980602264404, 0.06080000475049019]
[0.19182175397872925, -0.06834414601325989, 0.06022059917449951, 1.5331001281738281, -0.010320070199668407, 0.4307710528373718] [0.40808597207069397, -0.15037396550178528, 0.6135580539703369, 0.6980119943618774, 0.8589980602264404, 0.06080000475049019]
[0.19270434975624084, -0.07542602717876434, 0.059839002788066864, 1.519723653793335, -0.00444383267313242, 0.39707645773887634] [0.4096199870109558, -0.1841219663619995, 0.6135580539703369, 0.6980119943618774, 0.8589980602264404, 0.06080000475049019]
[0.1932799071073532, -0.08164811134338379, 0.059590160846710205, 1.5078628063201904, 0.00032532712793909013, 0.36753180623054504] [0.40808597207069397, -0.21480196714401245, 0.6135580539703369, 0.6980119943618774, 0.8589980602264404, 0.06080000475049019]
[0.19367119669914246, -0.08788713812828064, 0.059420984238386154, 1.495866060256958, 0.004741705022752285, 0.3379323482513428] [0.4096199870109558, -0.24087996780872345, 0.6135580539703369, 0.696478009223938, 0.8589980602264404, 0.06080000475049019]
[0.19380956888198853, -0.09383893758058548, 0.059036724269390106, 1.4847910404205322, 0.010076678358018398, 0.3096986711025238] [0.40808597207069397, -0.2776959538459778, 0.6135580539703369, 0.696478009223938, 0.8589980602264404, 0.06080000475049019]
[0.19389182329177856, -0.10022597759962082, 0.05892284959554672, 1.4724968671798706, 0.014687987044453621, 0.2787483036518097] [0.4096199870109558, -0.31297796964645386, 0.6135580539703369, 0.696478009223938, 0.8589980602264404, 0.06080000475049019]
[0.1936488300561905, -0.10723627358675003, 0.05910651758313179, 1.45835542678833, 0.017616696655750275, 0.24600930511951447] [0.4096199870109558, -0.3405899703502655, 0.6135580539703369, 0.6980119943618774, 0.8589980602264404, 0.06080000475049019]
[0.19336742162704468, -0.1122894436120987, 0.05922869220376015, 1.4482510089874268, 0.020024362951517105, 0.22189834713935852] [0.4096199870109558, -0.3697359561920166, 0.6135580539703369, 0.6980119943618774, 0.8589980602264404, 0.06080000475049019]
[0.19288752973079681, -0.11806649714708328, 0.0590357780456543, 1.437158226966858, 0.024769237264990807, 0.1936439573764801] [0.41115397214889526, -0.40655195713043213, 0.6135580539703369, 0.696478009223938, 0.8589980602264404, 0.06080000475049019]
[0.1919064074754715, -0.125403493642807, 0.05870235338807106, 1.4213857650756836, 0.031312841922044754, 0.1586347073316574] [0.41422197222709656, -0.4418339729309082, 0.6120240688323975, 0.696478009223938, 0.8589980602264404, 0.06080000475049019]
[0.19086766242980957, -0.13222384452819824, 0.05895616486668587, 1.4086740016937256, 0.03400854766368866, 0.12537416815757751] [0.41422197222709656, -0.4709799885749817, 0.6120240688323975, 0.696478009223938, 0.8589980602264404, 0.06080000475049019]
[0.19036683440208435, -0.13515247404575348, 0.05917726829648018, 1.4025181531906128, 0.03473948687314987, 0.11112937331199646] [0.4157559871673584, -0.49552398920059204, 0.6120240688323975, 0.696478009223938, 0.8589980602264404, 0.06080000475049019]
[0.1892402023077011, -0.14069220423698425, 0.059356916695833206, 1.3909245729446411, 0.03741497918963432, 0.08405685424804688] [0.41728997230529785, -0.5169999599456787, 0.6120240688323975, 0.696478009223938, 0.8589980602264404, 0.06080000475049019]
[0.18822181224822998, -0.14469894766807556, 0.05905774235725403, 1.3812788724899292, 0.04197342321276665, 0.06459543853998184] [0.421891987323761, -0.5400099754333496, 0.6120240688323975, 0.696478009223938, 0.8589980602264404, 0.06080000475049019]
[0.1876962035894394, -0.1464323103427887, 0.0586603507399559, 1.377698302268982, 0.04526301473379135, 0.05604233965277672] [0.42342597246170044, -0.5400099754333496, 0.6089560389518738, 0.696478009223938, 0.8589980602264404, 0.06080000475049019]
[0.18768252432346344, -0.14588582515716553, 0.058074869215488434, 1.372559666633606, 0.04950600862503052, 0.059901803731918335] [0.42342597246170044, -0.5369420051574707, 0.5997520685195923, 0.6995459794998169, 0.8589980602264404, 0.06080000475049019]
[0.1876535266637802, -0.14454834163188934, 0.05760406702756882, 1.3671245574951172, 0.05233932286500931, 0.06968104094266891] [0.42342597246170044, -0.5292719602584839, 0.5936160683631897, 0.7056819796562195, 0.8589980602264404, 0.06080000475049019]
[0.18812042474746704, -0.1404077559709549, 0.05741051211953163, 1.3734478950500488, 0.049664661288261414, 0.09394427388906479] [0.4249599575996399, -0.5093299746513367, 0.5920820236206055, 0.7210220098495483, 0.8589980602264404, 0.06080000475049019]
[0.18815216422080994, -0.1356978863477707, 0.05767946317791939, 1.3767077922821045, 0.04336363822221756, 0.12565264105796814] [0.42649397253990173, -0.5031939744949341, 0.582878053188324, 0.7470999956130981, 0.8589980602264404, 0.06080000475049019]
[0.18750861287117004, -0.1325501650571823, 0.05799233168363571, 1.3682384490966797, 0.03935038298368454, 0.15306122601032257] [0.4249599575996399, -0.5031939744949341, 0.5721400380134583, 0.7624399662017822, 0.8605320453643799, 0.06080000475049019]
[0.18708764016628265, -0.1307455152273178, 0.05841997638344765, 1.361957311630249, 0.035960134118795395, 0.16956233978271484] [0.42649397253990173, -0.5031939744949341, 0.5598680377006531, 0.7839159965515137, 0.8605320453643799, 0.06080000475049019]
[0.18635636568069458, -0.12828342616558075, 0.058322180062532425, 1.3534013032913208, 0.035915445536375046, 0.1922501176595688] [0.42649397253990173, -0.5031939744949341, 0.5399260520935059, 0.8069260120391846, 0.8605320453643799, 0.06080000475049019]
[0.18538019061088562, -0.12528440356254578, 0.05815671756863594, 1.3416107892990112, 0.03612697124481201, 0.22015167772769928] [0.42649397253990173, -0.5031939744949341, 0.5276540517807007, 0.8299359679222107, 0.8605320453643799, 0.06080000475049019]
[0.18399187922477722, -0.12160666286945343, 0.05840791016817093, 1.339821696281433, 0.031640831381082535, 0.2543330192565918] [0.4280279874801636, -0.5031939744949341, 0.5107800364494324, 0.8621499538421631, 0.8697360754013062, 0.06080000475049019]
[0.1827836036682129, -0.11852815747261047, 0.05840440094470978, 1.3358789682388306, 0.031256090849637985, 0.2833956182003021] [0.4280279874801636, -0.5031939744949341, 0.4954400658607483, 0.8897619843482971, 0.8743380308151245, 0.06080000475049019]
[0.18126635253429413, -0.114986851811409, 0.058440469205379486, 1.3314687013626099, 0.030473994091153145, 0.31725171208381653] [0.4280279874801636, -0.5031939744949341, 0.47856605052948, 0.9173740148544312, 0.8820080757141113, 0.06080000475049019]
[0.1792488992214203, -0.11065974831581116, 0.05905134975910187, 1.3332148790359497, 0.025279177352786064, 0.35904461145401] [0.4280279874801636, -0.5031939744949341, 0.46169203519821167, 0.9618600010871887, 0.8912120461463928, 0.06080000475049019]
[0.17772524058818817, -0.10769209265708923, 0.05934035778045654, 1.331465482711792, 0.022550856694579124, 0.38830798864364624] [0.4280279874801636, -0.5031939744949341, 0.44481804966926575, 0.99714195728302, 0.9004160761833191, 0.06080000475049019]
[0.1745561808347702, -0.10214052349328995, 0.059679701924324036, 1.3300856351852417, 0.019418863579630852, 0.44432079792022705] [0.4280279874801636, -0.5031939744949341, 0.426410049200058, 1.0431619882583618, 0.9096200466156006, 0.06080000475049019]
[0.17216841876506805, -0.09837590157985687, 0.060031708329916, 1.3307292461395264, 0.016388745978474617, 0.48333796858787537] [0.4280279874801636, -0.5031939744949341, 0.40953606367111206, 1.0953179597854614, 0.9203580617904663, 0.06080000475049019]
[0.16855302453041077, -0.09333711862564087, 0.06096024811267853, 1.3409703969955444, 0.00721787940710783, 0.5368421077728271] [0.4326299726963043, -0.5031939744949341, 0.39573004841804504, 1.1474740505218506, 0.9341640472412109, 0.06080000475049019]
[0.16170193254947662, -0.08578518778085709, 0.06185827776789665, 1.3496506214141846, -0.0007521352381445467, 0.6263158321380615] [0.4326299726963043, -0.5093299746513367, 0.3481760621070862, 1.264057993888855, 0.9510380625724792, 0.06080000475049019]
[0.1536000818014145, -0.07800523936748505, 0.061843760311603546, 1.3418747186660767, 0.0003163666988257319, 0.7255937457084656] [0.4326299726963043, -0.5108639597892761, 0.32363206148147583, 1.3070099353790283, 0.9525720477104187, 0.06080000475049019]
[0.15287205576896667, -0.07736487686634064, 0.06132393702864647, 1.341396689414978, 0.004838131368160248, 0.7340728640556335] [0.4326299726963043, -0.5108639597892761, 0.32363206148147583, 1.3116120100021362, 0.9663780927658081, 0.06080000475049019]
[0.15178638696670532, -0.07621762156486511, 0.061871908605098724, 1.3628816604614258, 0.0008921610424295068, 0.7468289136886597] [0.43416398763656616, -0.5077959895133972, 0.32363206148147583, 1.3238840103149414, 0.9817180633544922, 0.06080000475049019]
[0.15054938197135925, -0.07414797693490982, 0.06255972385406494, 1.392340898513794, -0.004880369175225496, 0.76512610912323] [0.4356979727745056, -0.49859195947647095, 0.32363206148147583, 1.3315539360046387, 1.0415440797805786, 0.04800000414252281]
[0.1500408947467804, -0.0723772644996643, 0.0632050409913063, 1.460993766784668, -0.007810849230736494, 0.7756620049476624] [0.4387659728527069, -0.4878539741039276, 0.3251660466194153, 1.3315539360046387, 1.0952340364456177, 0.06320000439882278]
[0.14972908794879913, -0.07091032713651657, 0.06378720700740814, 1.5155608654022217, -0.009187874384224415, 0.7845497727394104] [0.4387659728527069, -0.47558197379112244, 0.32363206148147583, 1.3315539360046387, 1.1519920825958252, 0.09560000151395798]
[0.14914065599441528, -0.06790387630462646, 0.06451786309480667, 1.5808979272842407, -0.014160887338221073, 0.8025141954421997] [0.4418339729309082, -0.4587079882621765, 0.32363206148147583, 1.3300199508666992, 1.1826720237731934, 0.06000000238418579]
[0.148647278547287, -0.06501968204975128, 0.06469622254371643, 1.6047728061676025, -0.01866189017891884, 0.8190268278121948] [0.44336795806884766, -0.4326299726963043, 0.32363206148147583, 1.3315539360046387, 1.201080083847046, 0.06040000542998314]
[0.1475640833377838, -0.06068922206759453, 0.06466223299503326, 1.6334840059280396, -0.024821970611810684, 0.8450882434844971] [0.44643598794937134, -0.3988819718360901, 0.3251660466194153, 1.3315539360046387, 1.21642005443573, 0.06000000238418579]
[0.14613690972328186, -0.05548788979649544, 0.0647103413939476, 1.6561601161956787, -0.03342992439866066, 0.8764854669570923] [0.4510379731655121, -0.36206597089767456, 0.32363206148147583, 1.3300199508666992, 1.2179540395736694, 0.06000000238418579]
[0.1443338245153427, -0.04944339394569397, 0.06510835140943527, 1.6714282035827637, -0.04563894867897034, 0.9131919741630554] [0.4541059732437134, -0.3237159848213196, 0.32363206148147583, 1.3300199508666992, 1.21642005443573, 0.06040000542998314]
[0.14248691499233246, -0.044265225529670715, 0.06514959782361984, 1.6823920011520386, -0.053571902215480804, 0.9456135630607605] [0.4571739733219147, -0.28689998388290405, 0.3159620463848114, 1.3300199508666992, 1.21642005443573, 0.06040000542998314]
[0.14017753303050995, -0.03858175873756409, 0.06511374562978745, 1.6913145780563354, -0.0599818155169487, 0.9827637076377869] [0.4571739733219147, -0.2454819679260254, 0.3067580461502075, 1.3300199508666992, 1.21642005443573, 0.06040000542998314]
[0.13788294792175293, -0.033366382122039795, 0.06534510850906372, 1.6944727897644043, -0.06599238514900208, 1.0180630683898926] [0.4571739733219147, -0.20406396687030792, 0.29755404591560364, 1.3300199508666992, 1.21642005443573, 0.06040000542998314]
[0.13542915880680084, -0.02828414924442768, 0.06563659757375717, 1.7019034624099731, -0.0727824866771698, 1.0526248216629028] [0.4571739733219147, -0.17184996604919434, 0.2898840308189392, 1.3300199508666992, 1.2179540395736694, 0.06040000542998314]
[0.13159869611263275, -0.02095685340464115, 0.0660134106874466, 1.7095692157745361, -0.08181577175855637, 1.1028251647949219] [0.4587079882621765, -0.12736396491527557, 0.2806800603866577, 1.3284859657287598, 1.2179540395736694, 0.06040000542998314]
[0.12873312830924988, -0.016102969646453857, 0.06648349016904831, 1.7142341136932373, -0.08927836269140244, 1.1374459266662598] [0.4571739733219147, -0.08747996389865875, 0.269942045211792, 1.3284859657287598, 1.21642005443573, 0.06040000542998314]
[0.1250399798154831, -0.010295718908309937, 0.06676657497882843, 1.7169723510742188, -0.09545312076807022, 1.179649829864502] [0.4571739733219147, -0.05373196303844452, 0.2607380449771881, 1.3254179954528809, 1.21642005443573, 0.06040000542998314]
[0.12412097305059433, -0.008855998516082764, 0.06664540618658066, 1.7175742387771606, -0.095191091299057, 1.1899164915084839] [0.4571739733219147, -0.050663962960243225, 0.25920403003692627, 1.3269519805908203, 1.21642005443573, 0.06000000238418579]
[0.12424354255199432, -0.009049535728991032, 0.06658510863780975, 1.7173209190368652, -0.09456265717744827, 1.1885640621185303] [0.4571739733219147, -0.05373196303844452, 0.25920403003692627, 1.3254179954528809, 1.2179540395736694, 0.06040000542998314]
[0.1245623528957367, -0.009600027464330196, 0.06688722968101501, 1.7151081562042236, -0.09456659108400345, 1.1861262321472168] [0.4541059732437134, -0.0629359632730484, 0.25613605976104736, 1.3284859657287598, 1.221022129058838, 0.06040000542998314]
[0.1253565400838852, -0.011369649320840836, 0.06642160564661026, 1.7112287282943726, -0.08704259246587753, 1.177659273147583] [0.44950395822525024, -0.07980996370315552, 0.2530680298805237, 1.3315539360046387, 1.2240900993347168, 0.06040000542998314]
[0.12610405683517456, -0.013028892688453197, 0.06614209711551666, 1.7098902463912964, -0.08221852034330368, 1.1689674854278564] [0.44950395822525024, -0.0859459638595581, 0.2530680298805237, 1.3346220254898071, 1.2240900993347168, 0.06040000542998314]
[0.12576664984226227, -0.013112509623169899, 0.06632440537214279, 1.7092911005020142, -0.08375221490859985, 1.171691656112671] [0.44950395822525024, -0.09361596405506134, 0.2530680298805237, 1.3422919511795044, 1.2286920547485352, 0.06040000542998314]
[0.12671078741550446, -0.016044115647673607, 0.06600350141525269, 1.7120745182037354, -0.07822677493095398, 1.1581064462661743] [0.44950395822525024, -0.12276195734739304, 0.2530680298805237, 1.357632040977478, 1.236362099647522, 0.06040000542998314]
[0.12657691538333893, -0.019705748185515404, 0.06621681153774261, 1.7089325189590454, -0.07677359133958817, 1.1514146327972412] [0.44950395822525024, -0.15957796573638916, 0.25153404474258423, 1.3883119821548462, 1.236362099647522, 0.06040000542998314]
[0.1258692443370819, -0.02348168194293976, 0.06606702506542206, 1.699349045753479, -0.07196689397096634, 1.1482492685317993] [0.44950395822525024, -0.1933259665966034, 0.2469320446252823, 1.4205260276794434, 1.2378960847854614, 0.06040000542998314]
[0.12515775859355927, -0.02710072137415409, 0.06611459702253342, 1.693692684173584, -0.06818073242902756, 1.14445960521698] [0.44950395822525024, -0.23474396765232086, 0.243864044547081, 1.4481379985809326, 1.2409640550613403, 0.06040000542998314]
[0.12474589794874191, -0.03061625547707081, 0.06622487306594849, 1.6888575553894043, -0.06343301385641098, 1.1380255222320557] [0.4479699730873108, -0.27002596855163574, 0.23926204442977905, 1.4757499694824219, 1.2455661296844482, 0.06040000542998314]
[0.12439625710248947, -0.0351606085896492, 0.06604862958192825, 1.682137370109558, -0.05558803677558899, 1.1261121034622192] [0.44950395822525024, -0.3007059693336487, 0.23926204442977905, 1.4941580295562744, 1.2501680850982666, 0.06040000542998314]
[0.12454189360141754, -0.039241790771484375, 0.06580649316310883, 1.68025541305542, -0.048258595168590546, 1.1099731922149658] [0.44950395822525024, -0.3543959856033325, 0.2377280443906784, 1.5279059410095215, 1.2578380107879639, 0.06040000542998314]
[0.12326191365718842, -0.044097281992435455, 0.06610538810491562, 1.6751883029937744, -0.040803227573633194, 1.1017340421676636] [0.44950395822525024, -0.4096199870109558, 0.2346600443124771, 1.5647220611572266, 1.2609061002731323, 0.06040000542998314]
[0.12653642892837524, -0.05506454035639763, 0.06418929249048233, 1.6641268730163574, -0.007236689329147339, 1.028037428855896] [0.4479699730873108, -0.4878539741039276, 0.23312604427337646, 1.584663987159729, 1.2670420408248901, 0.06040000542998314]
[0.1284039467573166, -0.06170475855469704, 0.06349808722734451, 1.653908371925354, 0.009912814013659954, 0.981839656829834] [0.44950395822525024, -0.533873975276947, 0.23312604427337646, 1.6015379428863525, 1.2685760259628296, 0.06040000542998314]
[0.12943986058235168, -0.06613340973854065, 0.06305348873138428, 1.6458336114883423, 0.02251516468822956, 0.9518488049507141] [0.44950395822525024, -0.5553499460220337, 0.23312604427337646, 1.6076740026474, 1.2701101303100586, 0.06040000542998314]
[0.12973211705684662, -0.06776560097932816, 0.06276467442512512, 1.6501007080078125, 0.02773110568523407, 0.9407448172569275] [0.44950395822525024, -0.5676219463348389, 0.23312604427337646, 1.6076740026474, 1.2777800559997559, 0.06040000542998314]
[0.13014036417007446, -0.06981082260608673, 0.062626414000988, 1.6507360935211182, 0.0330892950296402, 0.9268079400062561] [0.44950395822525024, -0.5860300064086914, 0.23312604427337646, 1.6076740026474, 1.2839161157608032, 0.06040000542998314]
[0.13052049279212952, -0.07186219096183777, 0.06250177323818207, 1.651296615600586, 0.038391660898923874, 0.9128473401069641] [0.44950395822525024, -0.6075059771537781, 0.2346600443124771, 1.6061400175094604, 1.2854501008987427, 0.06040000542998314]
[0.13099989295005798, -0.07474276423454285, 0.06229010969400406, 1.6470472812652588, 0.04571901634335518, 0.8932614326477051] [0.44950395822525024, -0.6259139776229858, 0.23312604427337646, 1.6076740026474, 1.2869840860366821, 0.06040000542998314]
[0.13144902884960175, -0.0774552971124649, 0.062263622879981995, 1.6415599584579468, 0.050983116030693054, 0.8744951486587524] [0.44950395822525024, -0.6427879929542542, 0.2346600443124771, 1.6061400175094604, 1.2869840860366821, 0.06040000542998314]
[0.13177812099456787, -0.07952530682086945, 0.06235449016094208, 1.6376121044158936, 0.055066511034965515, 0.8603833317756653] [0.44950395822525024, -0.6611959934234619, 0.2346600443124771, 1.6061400175094604, 1.2869840860366821, 0.06040000542998314]
[0.13221168518066406, -0.08346967399120331, 0.0621461495757103, 1.629237174987793, 0.0645255520939827, 0.833612322807312] [0.4479699730873108, -0.6903419494628906, 0.2377280443906784, 1.6061400175094604, 1.2869840860366821, 0.06040000542998314]
[0.13261805474758148, -0.08706377446651459, 0.06233077496290207, 1.621534824371338, 0.0698992908000946, 0.8085686564445496] [0.4479699730873108, -0.7210220098495483, 0.2377280443906784, 1.6061400175094604, 1.2869840860366821, 0.06040000542998314]
[0.1329137235879898, -0.09248920530080795, 0.06218869984149933, 1.6093428134918213, 0.08217190951108932, 0.7716930508613586] [0.4479699730873108, -0.7578380107879639, 0.2377280443906784, 1.6061400175094604, 1.2869840860366821, 0.06040000542998314]
[0.13301001489162445, -0.09687810391187668, 0.06214241683483124, 1.5991597175598145, 0.09175112843513489, 0.7417727112770081] [0.4479699730873108, -0.7977219820022583, 0.2377280443906784, 1.6061400175094604, 1.2869840860366821, 0.06040000542998314]
[0.13289569318294525, -0.10398439317941666, 0.062197357416152954, 1.5820552110671997, 0.10660220682621002, 0.6930673122406006] [0.4479699730873108, -0.8437420129776001, 0.2377280443906784, 1.6061400175094604, 1.2869840860366821, 0.06040000542998314]
[0.13228683173656464, -0.11167442798614502, 0.06208876520395279, 1.5650749206542969, 0.12450329959392548, 0.6402254700660706] [0.4479699730873108, -0.9112379550933838, 0.23619404435157776, 1.6061400175094604, 1.2885180711746216, 0.06040000542998314]
[0.13131096959114075, -0.11994429677724838, 0.06259859353303909, 1.5422120094299316, 0.14000366628170013, 0.5823255777359009] [0.44950395822525024, -0.9910060167312622, 0.23312604427337646, 1.604606032371521, 1.2885180711746216, 0.06040000542998314]
[0.1276768445968628, -0.13618609309196472, 0.06311885267496109, 1.4955748319625854, 0.17530912160873413, 0.4661002457141876] [0.4510379731655121, -1.1029880046844482, 0.22392204403877258, 1.604606032371521, 1.2869840860366821, 0.06040000542998314]
[0.12514270842075348, -0.14430022239685059, 0.06377434730529785, 1.4703489542007446, 0.19139765202999115, 0.4057955741882324] [0.4510379731655121, -1.1444059610366821, 0.22238804399967194, 1.600003957748413, 1.2869840860366821, 0.06000000238418579]
[0.12444555759429932, -0.1460687220096588, 0.06367634236812592, 1.465895175933838, 0.19657067954540253, 0.3925207853317261] [0.4541059732437134, -1.14900803565979, 0.2208540439605713, 1.600003957748413, 1.2839161157608032, 0.06000000238418579]
[0.12432871758937836, -0.14625424146652222, 0.06352264434099197, 1.4637413024902344, 0.19833678007125854, 0.3912956714630127] [0.4541059732437134, -1.1505420207977295, 0.22238804399967194, 1.600003957748413, 1.2839161157608032, 0.06040000542998314]
[0.1242779865860939, -0.14624397456645966, 0.06333661824464798, 1.4622220993041992, 0.19984593987464905, 0.39157310128211975] [0.4541059732437134, -1.14900803565979, 0.2208540439605713, 1.600003957748413, 1.2839161157608032, 0.06040000542998314]
[0.12477652728557587, -0.14615973830223083, 0.06483817845582962, 1.4621551036834717, 0.18609830737113953, 0.3907426595687866] [0.4510379731655121, -1.14900803565979, 0.2407960444688797, 1.5938680171966553, 1.2839161157608032, 0.06040000542998314]
[0.1258368045091629, -0.14637504518032074, 0.068913035094738, 1.4552385807037354, 0.1521817147731781, 0.38604605197906494] [0.4387659728527069, -1.1505420207977295, 0.2730100452899933, 1.5800620317459106, 1.2839161157608032, 0.06040000542998314]
[0.12673045694828033, -0.146803081035614, 0.0729871317744255, 1.4574640989303589, 0.11584130674600601, 0.379457026720047] [0.44029998779296875, -1.14900803565979, 0.3067580461502075, 1.5708580017089844, 1.2823820114135742, 0.06040000542998314]
[0.12753978371620178, -0.14734311401844025, 0.07740625739097595, 1.4584226608276367, 0.07648960500955582, 0.37230950593948364] [0.4418339729309082, -1.1474740505218506, 0.35431206226348877, 1.5585860013961792, 1.2839161157608032, 0.06040000542998314]
[0.12839221954345703, -0.1476249098777771, 0.08235560357570648, 1.4634580612182617, 0.03222743049263954, 0.367374449968338] [0.44336795806884766, -1.1444059610366821, 0.426410049200058, 1.5202360153198242, 1.2915860414505005, 0.06040000542998314]
[0.13488900661468506, -0.159189373254776, 0.10035966336727142, 1.5131701231002808, -0.13044612109661102, 0.2516770660877228] [0.4479699730873108, -1.1167939901351929, 0.6319660544395447, 1.3637679815292358, 1.3299360275268555, 0.07720000296831131]
[0.13871049880981445, -0.18062478303909302, 0.11632020771503448, 1.6413061618804932, -0.2663322389125824, 0.05303053930401802] [0.4479699730873108, -1.1075899600982666, 0.8283180594444275, 1.190425992012024, 1.3759560585021973, 0.06560000032186508]
[0.1377294659614563, -0.20311187207698822, 0.12404544651508331, 1.801204800605774, -0.32154712080955505, -0.15312941372394562] [0.44950395822525024, -1.1075899600982666, 0.9218920469284058, 1.0002100467681885, 1.4541900157928467, 0.28760001063346863]
[0.13522957265377045, -0.22193539142608643, 0.12415891140699387, 1.9601725339889526, -0.3060571253299713, -0.3242502510547638] [0.44950395822525024, -1.1075899600982666, 0.9725140333175659, 0.8698199987411499, 1.537026047706604, 0.4652000069618225]
[0.13025102019309998, -0.2411394566297531, 0.12115348875522614, 2.1665501594543457, -0.258797824382782, -0.4964672327041626] [0.44950395822525024, -1.1060559749603271, 1.0185340642929077, 0.7164199948310852, 1.6413381099700928, 0.5767999887466431]
[0.12473008036613464, -0.25685665011405945, 0.1136796623468399, 2.3321011066436768, -0.17750802636146545, -0.6355682611465454] [0.44950395822525024, -1.0999200344085693, 1.0262041091918945, 0.5415439605712891, 1.8100781440734863, 0.5787999629974365]
[0.11883865296840668, -0.27040010690689087, 0.10183540731668472, 2.4718754291534424, -0.06774888932704926, -0.7639496922492981] [0.44950395822525024, -1.078444004058838, 1.027738094329834, 0.363599956035614, 1.8637681007385254, 0.26600000262260437]
[0.11625976115465164, -0.2762432098388672, 0.09250190109014511, 2.4906563758850098, 0.0065040201880037785, -0.8341255187988281] [0.44950395822525024, -1.0539000034332275, 1.0415440797805786, 0.3344539701938629, 1.8637681007385254, 0.06360000371932983]
[0.11765576153993607, -0.27548640966415405, 0.09167206287384033, 2.5057804584503174, 0.010150831192731857, -0.8291694521903992] [0.44950395822525024, -1.040094017982483, 1.0584180355072021, 0.3344539701938629, 1.8637681007385254, 0.06400000303983688]
[0.12100765109062195, -0.2731962203979492, 0.09034561365842819, 2.5241620540618896, 0.014357258565723896, -0.8109292387962341] [0.44950395822525024, -1.0232199430465698, 1.0599520206451416, 0.3313859701156616, 1.862234115600586, 0.06400000303983688]
[0.12362591922283173, -0.2713957130908966, 0.08842252939939499, 2.5285465717315674, 0.02416583150625229, -0.7977832555770874] [0.4510379731655121, -1.0032780170440674, 1.0599520206451416, 0.32985198497772217, 1.862234115600586, 0.06400000303983688]
[0.12577037513256073, -0.2697734832763672, 0.08738388866186142, 2.5327773094177246, 0.028447147458791733, -0.7852465510368347] [0.4510379731655121, -0.9833359718322754, 1.0584180355072021, 0.3283179700374603, 1.8637681007385254, 0.06360000371932983]
[0.1294643133878708, -0.2668760418891907, 0.08519555628299713, 2.5378873348236084, 0.03841475024819374, -0.7637834548950195] [0.4541059732437134, -0.9649279713630676, 1.0568840503692627, 0.3267839550971985, 1.8637681007385254, 0.06360000371932983]
[0.13205194473266602, -0.26465654373168945, 0.0831720158457756, 2.5258562564849854, 0.04925984889268875, -0.7474571466445923] [0.45563995838165283, -0.9465199708938599, 1.0415440797805786, 0.3267839550971985, 1.8637681007385254, 0.06360000371932983]
[0.13476146757602692, -0.2623080909252167, 0.08162897825241089, 2.5308072566986084, 0.05584123730659485, -0.7306607961654663] [0.45563995838165283, -0.9265779852867126, 1.0415440797805786, 0.3267839550971985, 1.859166145324707, 0.06360000371932983]
[0.13838063180446625, -0.25896981358528137, 0.079289510846138, 2.5326507091522217, 0.0664074644446373, -0.7072994709014893] [0.4617759585380554, -0.905102014541626, 1.0262041091918945, 0.3283179700374603, 1.8376901149749756, 0.0844000056385994]
[0.14088116586208344, -0.2560634911060333, 0.07551072537899017, 2.4813263416290283, 0.08495951443910599, -0.6888675093650818] [0.481717973947525, -0.8866939544677734, 1.007796049118042, 0.3283179700374603, 1.707300066947937, 0.2476000040769577]
[0.14347709715366364, -0.2521977722644806, 0.06845767796039581, 2.353132724761963, 0.11846751719713211, -0.6694470643997192] [0.5047279596328735, -0.8728879690170288, 0.9909220933914185, 0.3313859701156616, 1.6965620517730713, 0.06320000439882278]
[0.14542454481124878, -0.24968154728412628, 0.06608319282531738, 2.3427016735076904, 0.12992720305919647, -0.6524090766906738] [0.5123980045318604, -0.8636839985847473, 0.9755820631980896, 0.3313859701156616, 1.6965620517730713, 0.06320000439882278]
[0.14562509953975677, -0.24896936118602753, 0.06415518373250961, 2.3216991424560547, 0.14130741357803345, -0.6480358839035034] [0.5169999599456787, -0.8636839985847473, 0.9663780927658081, 0.3313859701156616, 1.6965620517730713, 0.06320000439882278]
[0.14545860886573792, -0.24896936118602753, 0.06348539888858795, 2.318892002105713, 0.14497588574886322, -0.6484363079071045] [0.5216019749641418, -0.8636839985847473, 0.9663780927658081, 0.3313859701156616, 1.6965620517730713, 0.06320000439882278]
[0.14520780742168427, -0.24917912483215332, 0.06336437165737152, 2.3158044815063477, 0.14573509991168976, -0.6499907374382019] [0.5246700048446655, -0.8636839985847473, 0.9663780927658081, 0.3313859701156616, 1.6965620517730713, 0.06320000439882278]
[0.14512428641319275, -0.2492312490940094, 0.06321414560079575, 2.317807674407959, 0.146550253033638, -0.6504209637641907] [0.5246700048446655, -0.8636839985847473, 0.9663780927658081, 0.3313859701156616, 1.6965620517730713, 0.06320000439882278]
[0.14514531195163727, -0.2491905391216278, 0.06315538287162781, 2.3164000511169434, 0.14695629477500916, -0.6501275897026062] [0.526203989982605, -0.8636839985847473, 0.9663780927658081, 0.3313859701156616, 1.6950280666351318, 0.06320000439882278]
[0.14508862793445587, -0.2491905391216278, 0.06293278932571411, 2.3154611587524414, 0.14817726612091064, -0.6502655744552612] [0.526203989982605, -0.8636839985847473, 0.9663780927658081, 0.3313859701156616, 1.6965620517730713, 0.06320000439882278]
[0.14508862793445587, -0.2491905391216278, 0.06293278932571411, 2.3154611587524414, 0.14817726612091064, -0.6502655744552612] [0.526203989982605, -0.8636839985847473, 0.9663780927658081, 0.3313859701156616, 1.6950280666351318, 0.06320000439882278]
[0.14508862793445587, -0.2491905391216278, 0.06293278932571411, 2.3154611587524414, 0.14817726612091064, -0.6502655744552612] [0.526203989982605, -0.8636839985847473, 0.9663780927658081, 0.3313859701156616, 1.6965620517730713, 0.06320000439882278]
[0.14506769180297852, -0.2492312490940094, 0.06299157440662384, 2.316868543624878, 0.147770956158638, -0.6505586504936218] [0.526203989982605, -0.8636839985847473, 0.9663780927658081, 0.3313859701156616, 1.6965620517730713, 0.06320000439882278]
[0.14508862793445587, -0.2491905391216278, 0.06293278932571411, 2.3154611587524414, 0.14817726612091064, -0.6502655744552612] [0.526203989982605, -0.8636839985847473, 0.9663780927658081, 0.3313859701156616, 1.6965620517730713, 0.06320000439882278]
[0.14506769180297852, -0.2492312490940094, 0.06299157440662384, 2.316868543624878, 0.147770956158638, -0.6505586504936218] [0.526203989982605, -0.8636839985847473, 0.9663780927658081, 0.3313859701156616, 1.6965620517730713, 0.06320000439882278]
[0.14506769180297852, -0.2492312490940094, 0.06299157440662384, 2.316868543624878, 0.147770956158638, -0.6505586504936218] [0.526203989982605, -0.8636839985847473, 0.9663780927658081, 0.3313859701156616, 1.6965620517730713, 0.06320000439882278]
[0.14508862793445587, -0.2491905391216278, 0.06293278932571411, 2.3154611587524414, 0.14817726612091064, -0.6502655744552612] [0.526203989982605, -0.8636839985847473, 0.9663780927658081, 0.3313859701156616, 1.6965620517730713, 0.06320000439882278]
[0.14508862793445587, -0.2491905391216278, 0.06293278932571411, 2.3154611587524414, 0.14817726612091064, -0.6502655744552612] [0.5246700048446655, -0.8636839985847473, 0.9663780927658081, 0.3313859701156616, 1.6965620517730713, 0.06320000439882278]
