[0.13525520265102386, -0.23963037133216858, 0.03544418141245842, 2.9662134647369385, 0.09034622460603714, -0.7315829992294312] [0.9373160004615784, -0.5400099754333496, 2.1214799880981445, 0.6750019788742065, 1.4649280309677124, 0.9968000054359436]
[0.13525520265102386, -0.23963037133216858, 0.03544418141245842, 2.9662134647369385, 0.09034622460603714, -0.7315829992294312] [0.9373160004615784, -0.5400099754333496, 2.1214799880981445, 0.6750019788742065, 1.463394045829773, 0.9968000054359436]
[0.13515600562095642, -0.23963037133216858, 0.035236794501543045, 2.965184450149536, 0.0914875715970993, -0.731676459312439] [0.9373160004615784, -0.5400099754333496, 2.1214799880981445, 0.6750019788742065, 1.4649280309677124, 0.9971999526023865]
[0.13515600562095642, -0.23963037133216858, 0.035236794501543045, 2.965184450149536, 0.0914875715970993, -0.731676459312439] [0.9388499855995178, -0.5400099754333496, 2.1214799880981445, 0.6750019788742065, 1.4649280309677124, 0.9971999526023865]
[0.13525520265102386, -0.23963037133216858, 0.03544418141245842, 2.9662134647369385, 0.09034622460603714, -0.7315829992294312] [0.9373160004615784, -0.5400099754333496, 2.1214799880981445, 0.6750019788742065, 1.463394045829773, 0.9968000054359436]
[0.13525520265102386, -0.23963037133216858, 0.03544418141245842, 2.9662134647369385, 0.09034622460603714, -0.7315829992294312] [0.9388499855995178, -0.5400099754333496, 2.1214799880981445, 0.6750019788742065, 1.463394045829773, 0.9971999526023865]
[0.13525520265102386, -0.23963037133216858, 0.03544418141245842, 2.9662134647369385, 0.09034622460603714, -0.7315829992294312] [0.9373160004615784, -0.5400099754333496, 2.1214799880981445, 0.6750019788742065, 1.4649280309677124, 0.9971999526023865]
[0.13701683282852173, -0.2383987307548523, 0.036667436361312866, 2.981994390487671, 0.0822732076048851, -0.7246232628822327] [0.9219759702682495, -0.5308059453964233, 2.119946002960205, 0.676535964012146, 1.4649280309677124, 0.06160000339150429]
[0.13701964914798737, -0.23838871717453003, 0.03684254735708237, 2.9820010662078857, 0.08074143528938293, -0.7245405912399292] [0.9204419851303101, -0.5308059453964233, 2.116878032684326, 0.6780699491500854, 1.4649280309677124, 0.06160000339150429]
[0.13711637258529663, -0.23838871717453003, 0.03705281391739845, 2.9830210208892822, 0.07959272712469101, -0.7244589328765869] [0.9204419851303101, -0.5308059453964233, 2.1138100624084473, 0.6903419494628906, 1.4649280309677124, 0.06160000339150429]
[0.13744783401489258, -0.2380528599023819, 0.039403825998306274, 2.98603892326355, 0.059716448187828064, -0.7223784923553467] [0.912771999835968, -0.5308059453964233, 2.1046061515808105, 0.7026139497756958, 1.463394045829773, 0.06120000407099724]
[0.13764166831970215, -0.238763689994812, 0.04281936213374138, 2.9890267848968506, 0.03811679780483246, -0.7254816293716431] [0.8989659547805786, -0.5492140054702759, 2.0938680171966553, 0.7072159647941589, 1.4541900157928467, 0.06160000339150429]
[0.13653087615966797, -0.242331862449646, 0.04995113983750343, 2.9758646488189697, 0.0004942579544149339, -0.7436320781707764] [0.8759559988975525, -0.5660879611968994, 2.0877320766448975, 0.7087500095367432, 1.4495880603790283, 0.06160000339150429]
[0.13741689920425415, -0.2425057590007782, 0.05323611944913864, 2.9895501136779785, -0.017630919814109802, -0.7446828484535217] [0.854479968547821, -0.56455397605896, 2.086198091506958, 0.7102839946746826, 1.4495880603790283, 0.06160000339150429]
[0.1386052370071411, -0.2423134446144104, 0.056246038526296616, 3.0059897899627686, -0.0337771438062191, -0.744088351726532] [0.8237999677658081, -0.5630199909210205, 2.0800621509552, 0.7102839946746826, 1.4495880603790283, 0.06160000339150429]
[0.14069467782974243, -0.24129240214824677, 0.05997548997402191, 3.019291639328003, -0.05373358353972435, -0.7362650036811829] [0.7946540117263794, -0.561486005783081, 2.063188076019287, 0.7102839946746826, 1.4480540752410889, 0.06160000339150429]
[0.14306144416332245, -0.23991680145263672, 0.0642993152141571, 3.0195279121398926, -0.07660631090402603, -0.7235655188560486] [0.7685759663581848, -0.561486005783081, 2.040178060531616, 0.7102839946746826, 1.4373160600662231, 0.06160000339150429]
[0.14509621262550354, -0.23816239833831787, 0.0665925145149231, 2.994400978088379, -0.08879359066486359, -0.7063670754432678] [0.7532359957695007, -0.561486005783081, 2.0002942085266113, 0.7102839946746826, 1.421976089477539, 0.06160000339150429]
[0.14861047267913818, -0.23455874621868134, 0.06892138719558716, 2.9421699047088623, -0.10148979723453522, -0.674298882484436] [0.7378959655761719, -0.561486005783081, 1.95427405834198, 0.7102839946746826, 1.402034044265747, 0.06160000339150429]
[0.1531824916601181, -0.22937554121017456, 0.0718318521976471, 2.883349657058716, -0.11658163368701935, -0.6256216764450073] [0.70414799451828, -0.561486005783081, 1.7349120378494263, 0.7102839946746826, 1.402034044265747, 0.06160000339150429]
[0.16566817462444305, -0.21086032688617706, 0.07380521297454834, 2.6851866245269775, -0.1194215789437294, -0.45716220140457153] [0.6565939784049988, -0.5492140054702759, 1.5462300777435303, 0.7102839946746826, 1.402034044265747, 0.06160000339150429]
[0.1739397943019867, -0.1959337592124939, 0.07609931379556656, 2.571237325668335, -0.12434641271829605, -0.34024861454963684] [0.5952339768409729, -0.5369420051574707, 1.3606160879135132, 0.7102839946746826, 1.402034044265747, 0.06160000339150429]
[0.18024705350399017, -0.1832810342311859, 0.0829916000366211, 2.4633688926696777, -0.14895133674144745, -0.24160997569561005] [0.49859195947647095, -0.5308059453964233, 1.1842060089111328, 0.7102839946746826, 1.4005000591278076, 0.06160000339150429]
[0.18515454232692719, -0.17081308364868164, 0.09284403175115585, 2.3314619064331055, -0.1831248551607132, -0.14267343282699585] [0.40041595697402954, -0.5292719602584839, 0.9847860336303711, 0.7102839946746826, 1.402034044265747, 0.06160000339150429]
[0.1893329918384552, -0.15584878623485565, 0.10469035059213638, 2.163149833679199, -0.21748454868793488, -0.02847752720117569] [0.2945699691772461, -0.4970579743385315, 0.8497940301895142, 0.7072159647941589, 1.4005000591278076, 0.06160000339150429]
[0.19202250242233276, -0.14374899864196777, 0.10773803293704987, 2.070051908493042, -0.21619558334350586, 0.05159054696559906] [0.2546859681606293, -0.4709799885749817, 0.7393460273742676, 0.7087500095367432, 1.3989660739898682, 0.06160000339150429]
[0.19421420991420746, -0.13180245459079742, 0.10531395673751831, 2.011068820953369, -0.19694554805755615, 0.12093979120254517] [0.251617968082428, -0.42342597246170044, 0.7148020267486572, 0.7087500095367432, 1.366752028465271, 0.06160000339150429]
[0.1952032595872879, -0.12518367171287537, 0.10398281365633011, 1.977011799812317, -0.1896064281463623, 0.1561444252729416] [0.24854996800422668, -0.3988819718360901, 0.6933260560035706, 0.7087500095367432, 1.3437421321868896, 0.06160000339150429]
[0.19611257314682007, -0.11711457371711731, 0.1020808294415474, 1.948337197303772, -0.17974959313869476, 0.1983160674571991] [0.24854996800422668, -0.355929970741272, 0.6718500852584839, 0.7087500095367432, 1.328402042388916, 0.06160000339150429]
[0.19680683314800262, -0.10718532651662827, 0.09932594746351242, 1.9083201885223389, -0.16401070356369019, 0.250274121761322] [0.24854996800422668, -0.32218196988105774, 0.6365680694580078, 0.7087500095367432, 1.2977221012115479, 0.08560000360012054]
[0.19686511158943176, -0.09981238096952438, 0.09692608565092087, 1.840488314628601, -0.15271678566932678, 0.289608895778656] [0.24854996800422668, -0.28689998388290405, 0.6120240688323975, 0.7072159647941589, 1.2532360553741455, 0.056800004094839096]
[0.1967160403728485, -0.0927424281835556, 0.09540098160505295, 1.8211942911148071, -0.14420852065086365, 0.3268107771873474] [0.24854996800422668, -0.2546859681606293, 0.5936160683631897, 0.7072159647941589, 1.2532360553741455, 0.06240000203251839]
[0.19628848135471344, -0.08518453687429428, 0.09330619871616364, 1.8057222366333008, -0.1301608383655548, 0.3672991693019867] [0.24854996800422668, -0.22553996741771698, 0.5675380229949951, 0.7072159647941589, 1.2532360553741455, 0.06240000203251839]
[0.19547893106937408, -0.07812876254320145, 0.09161943197250366, 1.7901536226272583, -0.11930625140666962, 0.40634891390800476] [0.24854996800422668, -0.18258796632289886, 0.5322560667991638, 0.7087500095367432, 1.2378960847854614, 0.06240000203251839]
[0.19400519132614136, -0.06760227680206299, 0.08831816166639328, 1.7423862218856812, -0.09856628626585007, 0.46272894740104675] [0.24854996800422668, -0.14270396530628204, 0.48010003566741943, 0.70414799451828, 1.21642005443573, 0.06240000203251839]
[0.19249480962753296, -0.06042075529694557, 0.08495503664016724, 1.701926350593567, -0.07646819949150085, 0.5034390091896057] [0.2500839829444885, -0.10895595699548721, 0.4494200348854065, 0.70414799451828, 1.2087500095367432, 0.06240000203251839]
[0.19081471860408783, -0.053864769637584686, 0.08249785751104355, 1.6791627407073975, -0.060259029269218445, 0.5408627986907959] [0.251617968082428, -0.07980996370315552, 0.41874003410339355, 0.70414799451828, 1.2072160243988037, 0.06240000203251839]
[0.18872293829917908, -0.04680761694908142, 0.08003193885087967, 1.65903639793396, -0.04369025677442551, 0.5814237594604492] [0.2546859681606293, -0.05219796299934387, 0.3849920630455017, 0.70414799451828, 1.201080083847046, 0.06240000203251839]
[0.18637911975383759, -0.040171753615140915, 0.07697521895170212, 1.637392520904541, -0.024555422365665436, 0.6202077865600586] [0.26082196831703186, -0.019983962178230286, 0.33437004685401917, 0.6872739791870117, 1.1995460987091064, 0.06280000507831573]
[0.1848282665014267, -0.03458969295024872, 0.07246962189674377, 1.6107800006866455, 0.006897307001054287, 0.6458138227462769] [0.2623559832572937, 0.00762803852558136, 0.31136006116867065, 0.6857399940490723, 1.198012113571167, 0.06240000203251839]
[0.18397320806980133, -0.03242359310388565, 0.07100517302751541, 1.5975669622421265, 0.017998283728957176, 0.6583737134933472] [0.2623559832572937, 0.0122300386428833, 0.2929520606994629, 0.6811379790306091, 1.198012113571167, 0.06240000203251839]
[0.1836080700159073, -0.03179475665092468, 0.06973077356815338, 1.5929538011550903, 0.025873322039842606, 0.6622205972671509] [0.2654239535331726, 0.015298038721084595, 0.2929520606994629, 0.6811379790306091, 1.198012113571167, 0.06240000203251839]
[0.18383066356182098, -0.032029569149017334, 0.06959569454193115, 1.592878818511963, 0.027053657919168472, 0.6593877077102661] [0.2654239535331726, 0.015298038721084595, 0.2929520606994629, 0.6780699491500854, 1.198012113571167, 0.06280000507831573]
[0.18378379940986633, -0.032029569149017334, 0.06931373476982117, 1.59381902217865, 0.028266075998544693, 0.6594136953353882] [0.26695796847343445, 0.01683203876018524, 0.2929520606994629, 0.6780699491500854, 1.198012113571167, 0.06240000203251839]
[0.18360644578933716, -0.031716421246528625, 0.06894329935312271, 1.5938972234725952, 0.03011653758585453, 0.6613010764122009] [0.2684919834136963, 0.01683203876018524, 0.2929520606994629, 0.676535964012146, 1.1964781284332275, 0.06240000203251839]
[0.1838110387325287, -0.031980469822883606, 0.06860312074422836, 1.5928670167922974, 0.03162885457277298, 0.6581279039382935] [0.27002596855163574, 0.01683203876018524, 0.2929520606994629, 0.6750019788742065, 1.193410038948059, 0.06240000203251839]
[0.18368040025234222, -0.031951844692230225, 0.06790553033351898, 1.592025876045227, 0.03493921831250191, 0.6585623025894165] [0.2746279835700989, 0.01683203876018524, 0.29141804575920105, 0.6750019788742065, 1.1857401132583618, 0.06280000507831573]
[0.18319585919380188, -0.03198109567165375, 0.06511190533638, 1.5949337482452393, 0.046189818531274796, 0.6585662961006165] [0.29610395431518555, 0.01683203876018524, 0.2929520606994629, 0.6719340085983276, 1.1857401132583618, 0.06240000203251839]
[0.18308375775814056, -0.03221708908677101, 0.06328502297401428, 1.6004223823547363, 0.05470452085137367, 0.6560352444648743] [0.29610395431518555, 0.01836603879928589, 0.2929520606994629, 0.6719340085983276, 1.1857401132583618, 0.06240000203251839]
[0.18288995325565338, -0.03164735436439514, 0.06334445625543594, 1.6011356115341187, 0.0541546531021595, 0.65900719165802] [0.2976379692554474, 0.026036038994789124, 0.2929520606994629, 0.6719340085983276, 1.1842060089111328, 0.06240000203251839]
[0.1814868152141571, -0.027677061036229134, 0.06377488374710083, 1.6060811281204224, 0.05024661868810654, 0.6797969937324524] [0.2976379692554474, 0.04751203954219818, 0.2929520606994629, 0.6719340085983276, 1.1857401132583618, 0.06240000203251839]
[0.18059679865837097, -0.025141732767224312, 0.06434173882007599, 1.6082353591918945, 0.046500422060489655, 0.6931033134460449] [0.2976379692554474, 0.055182039737701416, 0.29448604583740234, 0.6719340085983276, 1.1842060089111328, 0.06240000203251839]
[0.18064850568771362, -0.025422759354114532, 0.06403202563524246, 1.6088699102401733, 0.04796763136982918, 0.6916663646697998] [0.2976379692554474, 0.05364803969860077, 0.2929520606994629, 0.6719340085983276, 1.1857401132583618, 0.06240000203251839]
[0.1804865300655365, -0.025141732767224312, 0.06378782540559769, 1.610197901725769, 0.04886047914624214, 0.6931968331336975] [0.29917198419570923, 0.05364803969860077, 0.2929520606994629, 0.6719340085983276, 1.1857401132583618, 0.06240000203251839]
[0.18059313297271729, -0.025422759354114532, 0.06375494599342346, 1.6098495721817017, 0.04914913326501846, 0.6917139291763306] [0.3007059693336487, 0.050580039620399475, 0.2929520606994629, 0.6719340085983276, 1.1857401132583618, 0.06240000203251839]
[0.1808479130268097, -0.026434339582920074, 0.06341959536075592, 1.609495997428894, 0.05085493251681328, 0.6872307062149048] [0.3007059693336487, 0.04291003942489624, 0.29141804575920105, 0.6734679937362671, 1.1857401132583618, 0.06240000203251839]
[0.1821497678756714, -0.029913535341620445, 0.06285320222377777, 1.6039892435073853, 0.055773377418518066, 0.6684110760688782] [0.30223995447158813, 0.02296803891658783, 0.29141804575920105, 0.6734679937362671, 1.1842060089111328, 0.06240000203251839]
[0.18330375850200653, -0.03375423699617386, 0.062089718878269196, 1.5972504615783691, 0.061145439743995667, 0.6494559049606323] [0.30223995447158813, 0.003026038408279419, 0.2898840308189392, 0.6734679937362671, 1.1842060089111328, 0.06240000203251839]
[0.1843145787715912, -0.03690614551305771, 0.06179377809166908, 1.5947518348693848, 0.06415010243654251, 0.6330942511558533] [0.30223995447158813, -0.01844996213912964, 0.28835004568099976, 0.6734679937362671, 1.1857401132583618, 0.06240000203251839]
[0.1856377124786377, -0.041659124195575714, 0.06129349768161774, 1.5873472690582275, 0.06894384324550629, 0.6095688343048096] [0.30223995447158813, -0.039925962686538696, 0.28835004568099976, 0.6734679937362671, 1.1857401132583618, 0.06240000203251839]
[0.1873750239610672, -0.04789566621184349, 0.0607144832611084, 1.5792744159698486, 0.0748978778719902, 0.5768240094184875] [0.30377396941185, -0.0920819640159607, 0.28835004568099976, 0.6734679937362671, 1.1857401132583618, 0.06240000203251839]
[0.189986914396286, -0.06013428792357445, 0.05993745103478432, 1.5629503726959229, 0.08428038656711578, 0.515433669090271] [0.30223995447158813, -0.14577196538448334, 0.28835004568099976, 0.6750019788742065, 1.1842060089111328, 0.06240000203251839]
[0.19128155708312988, -0.06787194311618805, 0.05953378975391388, 1.5524697303771973, 0.08992942422628403, 0.4764452576637268] [0.30223995447158813, -0.1902579665184021, 0.28835004568099976, 0.6750019788742065, 1.1857401132583618, 0.06240000203251839]
[0.19218048453330994, -0.07475712895393372, 0.059253498911857605, 1.543015718460083, 0.09458376467227936, 0.44189128279685974] [0.30223995447158813, -0.22400596737861633, 0.28835004568099976, 0.676535964012146, 1.1857401132583618, 0.06280000507831573]
[0.19291675090789795, -0.082574762403965, 0.059023935347795486, 1.5321364402770996, 0.09944960474967957, 0.40276089310646057] [0.30223995447158813, -0.2654239535331726, 0.28835004568099976, 0.6750019788742065, 1.1857401132583618, 0.06240000203251839]
[0.19335484504699707, -0.09041696786880493, 0.05888735130429268, 1.5210689306259155, 0.10388769209384918, 0.36356091499328613] [0.30223995447158813, -0.3007059693336487, 0.28835004568099976, 0.6750019788742065, 1.1857401132583618, 0.06240000203251839]
[0.1934804469347, -0.10038624703884125, 0.05884817987680435, 1.5067771673202515, 0.10889297723770142, 0.3137149512767792] [0.30223995447158813, -0.34519195556640625, 0.28835004568099976, 0.676535964012146, 1.1857401132583618, 0.06240000203251839]
[0.1929604560136795, -0.11095249652862549, 0.05837857723236084, 1.4921534061431885, 0.116384357213974, 0.26083824038505554] [0.3053079843521118, -0.4157559871673584, 0.28835004568099976, 0.6750019788742065, 1.1857401132583618, 0.06240000203251839]
[0.19178158044815063, -0.12374308705329895, 0.05922694504261017, 1.473746418952942, 0.11801010370254517, 0.1967947781085968] [0.30377396941185, -0.48325198888778687, 0.2898840308189392, 0.6750019788742065, 1.1857401132583618, 0.06240000203251839]
[0.1903691589832306, -0.13267090916633606, 0.059232570230960846, 1.4591615200042725, 0.12283456325531006, 0.1515473872423172] [0.3053079843521118, -0.5169999599456787, 0.28835004568099976, 0.676535964012146, 1.1857401132583618, 0.06240000203251839]
[0.18938663601875305, -0.13755837082862854, 0.05875866860151291, 1.4508378505706787, 0.12823142111301422, 0.12604354321956635] [0.3083759546279907, -0.5384759902954102, 0.2868160605430603, 0.676535964012146, 1.1857401132583618, 0.06240000203251839]
[0.18833842873573303, -0.1428709179162979, 0.05940133333206177, 1.4422885179519653, 0.12764444947242737, 0.0986366793513298] [0.30684196949005127, -0.5568839907646179, 0.28835004568099976, 0.676535964012146, 1.1872740983963013, 0.06240000203251839]
[0.18818417191505432, -0.1429957002401352, 0.05919811129570007, 1.4437000751495361, 0.12882757186889648, 0.09863054752349854] [0.30990996956825256, -0.5568839907646179, 0.2868160605430603, 0.676535964012146, 1.1872740983963013, 0.06240000203251839]
[0.18807053565979004, -0.14280526340007782, 0.05883682146668434, 1.4428839683532715, 0.13089559972286224, 0.10039257258176804] [0.30990996956825256, -0.5553499460220337, 0.28528204560279846, 0.6780699491500854, 1.1872740983963013, 0.06240000203251839]
[0.1879708617925644, -0.1421280801296234, 0.058399926871061325, 1.4431205987930298, 0.13346540927886963, 0.10542173683643341] [0.3114439845085144, -0.5553499460220337, 0.2806800603866577, 0.6995459794998169, 1.1888080835342407, 0.06280000507831573]
[0.18793392181396484, -0.13756972551345825, 0.05831335484981537, 1.4473544359207153, 0.1313648819923401, 0.13758429884910583] [0.3145119547843933, -0.5384759902954102, 0.2760780453681946, 0.7010799646377563, 1.1888080835342407, 0.06240000203251839]
[0.1880292296409607, -0.13598065078258514, 0.05732615292072296, 1.4442471265792847, 0.13733333349227905, 0.14649489521980286] [0.31297796964645386, -0.5354079604148865, 0.2668740451335907, 0.7087500095367432, 1.1888080835342407, 0.06240000203251839]
[0.1877218335866928, -0.1350371241569519, 0.056963808834552765, 1.4411500692367554, 0.14022409915924072, 0.15524928271770477] [0.3145119547843933, -0.5354079604148865, 0.2607380449771881, 0.7133519649505615, 1.193410038948059, 0.06240000203251839]
[0.18741750717163086, -0.1328471153974533, 0.05704430863261223, 1.4411821365356445, 0.14002668857574463, 0.1730293482542038] [0.31297796964645386, -0.5292719602584839, 0.25153404474258423, 0.7363619804382324, 1.1949440240859985, 0.06240000203251839]
[0.18675194680690765, -0.12903454899787903, 0.05666562542319298, 1.4389314651489258, 0.14204604923725128, 0.20369337499141693] [0.31297796964645386, -0.5246700048446655, 0.23926204442977905, 0.7578380107879639, 1.1949440240859985, 0.06240000203251839]
[0.1859995275735855, -0.12680551409721375, 0.05661720037460327, 1.4378347396850586, 0.14235922694206238, 0.22452494502067566] [0.31297796964645386, -0.526203989982605, 0.23159204423427582, 0.7869839668273926, 1.1964781284332275, 0.06240000203251839]
[0.18466109037399292, -0.12297909706830978, 0.056987252086400986, 1.438970923423767, 0.13918763399124146, 0.2604334056377411] [0.31297796964645386, -0.526203989982605, 0.22545604407787323, 0.8176639676094055, 1.198012113571167, 0.06240000203251839]
[0.18356239795684814, -0.12033554911613464, 0.056867316365242004, 1.4386589527130127, 0.13914020359516144, 0.2856331169605255] [0.31297796964645386, -0.526203989982605, 0.2208540439605713, 0.8514119982719421, 1.1995460987091064, 0.06280000507831573]
[0.18185417354106903, -0.11615969985723495, 0.05763107165694237, 1.4440869092941284, 0.13293112814426422, 0.3255499005317688] [0.3145119547843933, -0.526203989982605, 0.2147180438041687, 0.8759559988975525, 1.201080083847046, 0.06240000203251839]
[0.18043139576911926, -0.11210943758487701, 0.057963985949754715, 1.448682188987732, 0.129638209939003, 0.3612864017486572] [0.3145119547843933, -0.5216019749641418, 0.21011604368686676, 0.9066359996795654, 1.2056820392608643, 0.06240000203251839]
[0.17919176816940308, -0.10946138203144073, 0.05795404687523842, 1.452942967414856, 0.1288261115550995, 0.3862723112106323] [0.31604596972465515, -0.5200679898262024, 0.20551404356956482, 0.9419180154800415, 1.2118180990219116, 0.06240000203251839]
[0.1771446317434311, -0.10562170296907425, 0.05870383232831955, 1.4611810445785522, 0.12305621057748795, 0.42467114329338074] [0.31604596972465515, -0.5185339450836182, 0.20091204345226288, 0.9741320013999939, 1.21642005443573, 0.06240000203251839]
[0.17491772770881653, -0.1013002097606659, 0.05926012620329857, 1.466335654258728, 0.11812601238489151, 0.4663931727409363] [0.31604596972465515, -0.5169999599456787, 0.19324204325675964, 1.0155500173568726, 1.2179540395736694, 0.06240000203251839]
[0.1723843514919281, -0.09665247052907944, 0.05968994274735451, 1.4697880744934082, 0.11386652290821075, 0.5114400386810303] [0.31604596972465515, -0.506261944770813, 0.1855720430612564, 1.0600359439849854, 1.2225561141967773, 0.06240000203251839]
[0.16900132596492767, -0.08997991681098938, 0.060485053807497025, 1.4824271202087402, 0.10602317750453949, 0.5729563236236572] [0.31604596972465515, -0.49859195947647095, 0.17790204286575317, 1.1014540195465088, 1.2302260398864746, 0.06240000203251839]
[0.1662508100271225, -0.08500582724809647, 0.06079145520925522, 1.494676113128662, 0.10166680812835693, 0.6192376017570496] [0.317579984664917, -0.4878539741039276, 0.17176604270935059, 1.1367360353469849, 1.236362099647522, 0.06240000203251839]
[0.1635269671678543, -0.08015844225883484, 0.06113234907388687, 1.5054928064346313, 0.09771626442670822, 0.6642821431159973] [0.31604596972465515, -0.47558197379112244, 0.165630042552948, 1.1643480062484741, 1.2455661296844482, 0.06240000203251839]
[0.16129502654075623, -0.07632884383201599, 0.06142547354102135, 1.5173128843307495, 0.09459217637777328, 0.7000135779380798] [0.317579984664917, -0.46330997347831726, 0.15796004235744476, 1.1888920068740845, 1.2532360553741455, 0.06240000203251839]
[0.15920716524124146, -0.07219695299863815, 0.06158854067325592, 1.5267090797424316, 0.0916299968957901, 0.7357504367828369] [0.31604596972465515, -0.44336795806884766, 0.15335804224014282, 1.2011640071868896, 1.2593721151351929, 0.06240000203251839]
[0.15780343115329742, -0.06798397749662399, 0.06179792806506157, 1.5359891653060913, 0.08732957392930984, 0.7662653923034668] [0.317579984664917, -0.41422197222709656, 0.14875604212284088, 1.2149699926376343, 1.2655080556869507, 0.06240000203251839]
[0.1556074172258377, -0.06201887130737305, 0.062364641577005386, 1.545859932899475, 0.07982966303825378, 0.8104016780853271] [0.31604596972465515, -0.37740597128868103, 0.1456880420446396, 1.222640037536621, 1.2685760259628296, 0.06240000203251839]
[0.1540098935365677, -0.05665794759988785, 0.06232737377285957, 1.5561103820800781, 0.075383260846138, 0.8453924655914307] [0.31604596972465515, -0.34825998544692993, 0.1426200419664383, 1.2272419929504395, 1.274712085723877, 0.06240000203251839]
[0.15229789912700653, -0.05174222216010094, 0.06262902170419693, 1.5675266981124878, 0.06992268562316895, 0.8787616491317749] [0.317579984664917, -0.3145119547843933, 0.139552041888237, 1.2303099632263184, 1.2823820114135742, 0.06240000203251839]
[0.14979206025600433, -0.04439954087138176, 0.0634012445807457, 1.5853546857833862, 0.05912709981203079, 0.9264201521873474] [0.317579984664917, -0.2746279835700989, 0.139552041888237, 1.2318439483642578, 1.2885180711746216, 0.06240000203251839]
[0.14783203601837158, -0.03937255218625069, 0.06372372061014175, 1.5997953414916992, 0.052788179367780685, 0.9593174457550049] [0.3206479549407959, -0.24087996780872345, 0.139552041888237, 1.2318439483642578, 1.2961881160736084, 0.06240000203251839]
[0.14528363943099976, -0.03351966291666031, 0.0639251172542572, 1.61659574508667, 0.04483276978135109, 0.9976819157600403] [0.3283179700374603, -0.20099596679210663, 0.13801804184913635, 1.2333779335021973, 1.3069260120391846, 0.06240000203251839]
[0.14174963533878326, -0.026052679866552353, 0.06410504877567291, 1.6454509496688843, 0.034939780831336975, 1.0462141036987305] [0.3329199552536011, -0.15957796573638916, 0.139552041888237, 1.2333779335021973, 1.3176640272140503, 0.06240000203251839]
[0.13927476108074188, -0.02119736559689045, 0.06453586369752884, 1.6630208492279053, 0.026162516325712204, 1.077906847000122] [0.33905595541000366, -0.11969395726919174, 0.13801804184913635, 1.2333779335021973, 1.328402042388916, 0.06240000203251839]
[0.13566362857818604, -0.014910398051142693, 0.06479856371879578, 1.687330722808838, 0.016439899802207947, 1.1201390027999878] [0.34519195556640625, -0.07674196362495422, 0.139552041888237, 1.2349120378494263, 1.3299360275268555, 0.06240000203251839]
[0.13316842913627625, -0.010877713561058044, 0.06502117961645126, 1.6956825256347656, 0.009432122111320496, 1.147666573524475] [0.35132795572280884, -0.04759596288204193, 0.139552041888237, 1.2349120378494263, 1.3299360275268555, 0.06240000203251839]
[0.13088376820087433, -0.007332165259867907, 0.06541063636541367, 1.7020643949508667, 0.0024642760399729013, 1.1722034215927124] [0.3528619706630707, -0.02765396237373352, 0.13801804184913635, 1.2333779335021973, 1.3299360275268555, 0.06240000203251839]
[0.1300627738237381, -0.006281849928200245, 0.06509265303611755, 1.705409288406372, 0.002544831484556198, 1.1799391508102417] [0.3543959856033325, -0.030721962451934814, 0.139552041888237, 1.2333779335021973, 1.3299360275268555, 0.06240000203251839]
[0.1303260773420334, -0.006693673320114613, 0.06499522179365158, 1.7050021886825562, 0.0035286261700093746, 1.177060604095459] [0.3543959856033325, -0.03225596249103546, 0.13801804184913635, 1.2364460229873657, 1.3299360275268555, 0.06240000203251839]
[0.13025742769241333, -0.0068289292976260185, 0.06545243412256241, 1.705426573753357, 0.0009611562127247453, 1.177943468093872] [0.3528619706630707, -0.035323962569236755, 0.13801804184913635, 1.241047978401184, 1.331470012664795, 0.06240000203251839]
[0.13050979375839233, -0.008229606784880161, 0.06542713195085526, 1.701899528503418, 0.0028402095194905996, 1.1740909814834595] [0.35132795572280884, -0.05986796319484711, 0.13801804184913635, 1.2548539638519287, 1.333004117012024, 0.06240000203251839]
[0.13030430674552917, -0.011337600648403168, 0.06586864590644836, 1.6963318586349487, 0.0028668902814388275, 1.171557068824768] [0.34825998544692993, -0.07674196362495422, 0.1364840418100357, 1.2763299942016602, 1.333004117012024, 0.06240000203251839]
[0.12891720235347748, -0.011756466701626778, 0.06609749794006348, 1.692639946937561, 0.002304196124896407, 1.1831165552139282] [0.3467259705066681, -0.08441196382045746, 0.13188204169273376, 1.2932039499282837, 1.333004117012024, 0.06240000203251839]
[0.12856584787368774, -0.012328349985182285, 0.066062793135643, 1.691452145576477, 0.0029211745131760836, 1.1850428581237793] [0.3467259705066681, -0.09514996409416199, 0.13034804165363312, 1.3008739948272705, 1.3376060724258423, 0.06240000203251839]
[0.12864293158054352, -0.014707877300679684, 0.06596878170967102, 1.6944838762283325, 0.005702730733901262, 1.1797233819961548] [0.3467259705066681, -0.12276195734739304, 0.12881404161453247, 1.3284859657287598, 1.3391400575637817, 0.06240000203251839]
[0.12788960337638855, -0.01701982319355011, 0.06629519164562225, 1.691624641418457, 0.004427378997206688, 1.1810908317565918] [0.3467259705066681, -0.1442379653453827, 0.12574604153633118, 1.3468940258026123, 1.3391400575637817, 0.06240000203251839]
[0.12742161750793457, -0.02008509263396263, 0.06614009290933609, 1.6873188018798828, 0.007969974540174007, 1.177736520767212] [0.3467259705066681, -0.16571396589279175, 0.12421204149723053, 1.3745059967041016, 1.3391400575637817, 0.06240000203251839]
[0.126762256026268, -0.022925158962607384, 0.06604298949241638, 1.683343768119812, 0.011135845445096493, 1.1758430004119873] [0.3467259705066681, -0.20099596679210663, 0.12114404141902924, 1.3944480419158936, 1.3391400575637817, 0.06240000203251839]
[0.1271355003118515, -0.026398656889796257, 0.06595486402511597, 1.6778194904327393, 0.015886738896369934, 1.1633137464523315] [0.3467259705066681, -0.23167596757411957, 0.12114404141902924, 1.411321997642517, 1.3422080278396606, 0.06240000203251839]
[0.127478688955307, -0.031079642474651337, 0.06592699885368347, 1.6786911487579346, 0.021117379888892174, 1.1459605693817139] [0.3467259705066681, -0.27616196870803833, 0.11961004137992859, 1.431264042854309, 1.351412057876587, 0.06240000203251839]
[0.128291055560112, -0.03442391753196716, 0.06536561995744705, 1.682209849357605, 0.02997208572924137, 1.1281206607818604] [0.34519195556640625, -0.30223995447158813, 0.11807604134082794, 1.437399983406067, 1.3575481176376343, 0.06240000203251839]
[0.12910832464694977, -0.03747384250164032, 0.06510114669799805, 1.6849373579025269, 0.03471238911151886, 1.1102787256240845] [0.34519195556640625, -0.3237159848213196, 0.11807604134082794, 1.4435360431671143, 1.3590821027755737, 0.06240000203251839]
[0.12973439693450928, -0.041485194116830826, 0.064970001578331, 1.683251142501831, 0.041750356554985046, 1.0904055833816528] [0.34519195556640625, -0.3528619706630707, 0.11807604134082794, 1.4558080434799194, 1.363684058189392, 0.06240000203251839]
[0.1294790804386139, -0.04448726028203964, 0.06514140218496323, 1.6857165098190308, 0.044717781245708466, 1.0802701711654663] [0.34519195556640625, -0.3820079565048218, 0.1165420413017273, 1.4742159843444824, 1.3744220733642578, 0.06240000203251839]
[0.13003450632095337, -0.04837958142161369, 0.06470664590597153, 1.6913931369781494, 0.054331082850694656, 1.0594056844711304] [0.34519195556640625, -0.41728997230529785, 0.11500804126262665, 1.4788179397583008, 1.3851600885391235, 0.06240000203251839]
[0.13071854412555695, -0.051134396344423294, 0.06455820053815842, 1.6956124305725098, 0.059699106961488724, 1.0419162511825562] [0.34519195556640625, -0.4418339729309082, 0.113474041223526, 1.4849539995193481, 1.3943641185760498, 0.06240000203251839]
[0.13125325739383698, -0.054567497223615646, 0.0642966777086258, 1.700279712677002, 0.06732282787561417, 1.0219517946243286] [0.34519195556640625, -0.4617759585380554, 0.113474041223526, 1.4910900592803955, 1.4005000591278076, 0.06240000203251839]
[0.13111238181591034, -0.05680762603878975, 0.06425685435533524, 1.7049143314361572, 0.07177681475877762, 1.0122026205062866] [0.34519195556640625, -0.4878539741039276, 0.11040604114532471, 1.5048960447311401, 1.4081701040267944, 0.06240000203251839]
[0.13038142025470734, -0.060006286948919296, 0.06423729658126831, 1.7082053422927856, 0.07805091142654419, 1.0014604330062866] [0.34519195556640625, -0.5169999599456787, 0.10733804106712341, 1.5233039855957031, 1.4112380743026733, 0.06240000203251839]
[0.13034281134605408, -0.06376779079437256, 0.0638924166560173, 1.7045193910598755, 0.08699053525924683, 0.9818564057350159] [0.34519195556640625, -0.5522819757461548, 0.10427004098892212, 1.5279059410095215, 1.4143060445785522, 0.06240000203251839]
[0.13084301352500916, -0.06732145696878433, 0.0635247752070427, 1.6994587182998657, 0.09529300034046173, 0.9587823152542114] [0.34519195556640625, -0.5783599615097046, 0.10427004098892212, 1.5294400453567505, 1.4127720594406128, 0.06240000203251839]
[0.1311149001121521, -0.07079463452100754, 0.06325758993625641, 1.6959357261657715, 0.10306275635957718, 0.9371277689933777] [0.34519195556640625, -0.6029039621353149, 0.10273604094982147, 1.5340420007705688, 1.4127720594406128, 0.06240000203251839]
[0.13124020397663116, -0.07216475903987885, 0.06321121752262115, 1.6939138174057007, 0.10555647313594818, 0.9282786250114441] [0.34519195556640625, -0.6105740070343018, 0.10273604094982147, 1.5340420007705688, 1.4127720594406128, 0.06240000203251839]
[0.1316121518611908, -0.07465972006320953, 0.06287242472171783, 1.688571572303772, 0.11198490113019943, 0.9109669923782349] [0.34519195556640625, -0.630515992641449, 0.10120204091072083, 1.5340420007705688, 1.4143060445785522, 0.06240000203251839]
[0.1320246160030365, -0.07738450169563293, 0.06272412091493607, 1.684356451034546, 0.11727627366781235, 0.8917191028594971] [0.34519195556640625, -0.6550599932670593, 0.10120204091072083, 1.5340420007705688, 1.4127720594406128, 0.06240000203251839]
[0.1324145644903183, -0.0803276002407074, 0.06260363012552261, 1.681234359741211, 0.12288331985473633, 0.8709521889686584] [0.34519195556640625, -0.6780699491500854, 0.09966804087162018, 1.5340420007705688, 1.4143060445785522, 0.06240000203251839]
[0.13275402784347534, -0.08390133827924728, 0.062296222895383835, 1.675415277481079, 0.13104183971881866, 0.8460794687271118] [0.34519195556640625, -0.6934099793434143, 0.09966804087162018, 1.5340420007705688, 1.4143060445785522, 0.06240000203251839]
[0.13283872604370117, -0.08536957949399948, 0.062080420553684235, 1.6729676723480225, 0.13523152470588684, 0.8360479474067688] [0.34519195556640625, -0.7056819796562195, 0.09813404083251953, 1.5340420007705688, 1.4143060445785522, 0.06240000203251839]
[0.1329401284456253, -0.0872630625963211, 0.06185857206583023, 1.6697808504104614, 0.1401599794626236, 0.82301265001297] [0.34519195556640625, -0.7240899801254272, 0.09660004079341888, 1.5340420007705688, 1.4143060445785522, 0.06240000203251839]
[0.13320708274841309, -0.09192562848329544, 0.06176258251070976, 1.661795973777771, 0.1484035700559616, 0.790107011795044] [0.34519195556640625, -0.7593719959259033, 0.09660004079341888, 1.5340420007705688, 1.4143060445785522, 0.06240000203251839]
[0.13326850533485413, -0.09594836831092834, 0.061555102467536926, 1.6546753644943237, 0.15679915249347687, 0.7619721293449402] [0.34519195556640625, -0.7900519967079163, 0.09199804067611694, 1.5340420007705688, 1.4143060445785522, 0.06240000203251839]
[0.13299693167209625, -0.09983739256858826, 0.061095230281353, 1.6476114988327026, 0.167624831199646, 0.7359676957130432] [0.34519195556640625, -0.8253339529037476, 0.08893004059791565, 1.5355759859085083, 1.4143060445785522, 0.06240000203251839]
[0.13261649012565613, -0.1072409600019455, 0.06086108088493347, 1.6336333751678467, 0.18245168030261993, 0.6837054491043091] [0.34519195556640625, -0.8667519688606262, 0.087396040558815, 1.5355759859085083, 1.4143060445785522, 0.06240000203251839]
[0.1323496252298355, -0.1101953312754631, 0.06077154725790024, 1.62786066532135, 0.18847998976707458, 0.6627652645111084] [0.34519195556640625, -0.9004999995231628, 0.08279404044151306, 1.5355759859085083, 1.4143060445785522, 0.06240000203251839]
[0.13142526149749756, -0.11691713333129883, 0.06034195423126221, 1.6127678155899048, 0.20438700914382935, 0.6152023673057556] [0.34519195556640625, -0.9480539560317993, 0.07819204032421112, 1.5340420007705688, 1.4143060445785522, 0.06240000203251839]
[0.13054631650447845, -0.1229105219244957, 0.060307569801807404, 1.6016756296157837, 0.21581579744815826, 0.5712780356407166] [0.34519195556640625, -0.9864040017127991, 0.07512404024600983, 1.5340420007705688, 1.4143060445785522, 0.06240000203251839]
[0.12960831820964813, -0.12671928107738495, 0.060272566974163055, 1.5934529304504395, 0.22377024590969086, 0.5440996289253235] [0.34519195556640625, -1.0155500173568726, 0.07205604016780853, 1.5340420007705688, 1.4143060445785522, 0.06240000203251839]
[0.12865938246250153, -0.1309889703989029, 0.060057662427425385, 1.5839154720306396, 0.2337980568408966, 0.5124096274375916] [0.34519195556640625, -1.0431619882583618, 0.06898804008960724, 1.5340420007705688, 1.4143060445785522, 0.06240000203251839]
[0.12770229578018188, -0.13468775153160095, 0.060216084122657776, 1.5754787921905518, 0.239777609705925, 0.4847055971622467] [0.34519195556640625, -1.078444004058838, 0.0643860399723053, 1.5340420007705688, 1.4143060445785522, 0.06240000203251839]
[0.12648017704486847, -0.1387617290019989, 0.06028403341770172, 1.5659446716308594, 0.24750174582004547, 0.45402586460113525] [0.34519195556640625, -1.0953179597854614, 0.0643860399723053, 1.5340420007705688, 1.4143060445785522, 0.06240000203251839]
[0.1263023316860199, -0.1393708884716034, 0.06034798175096512, 1.5644993782043457, 0.24818146228790283, 0.44934070110321045] [0.34519195556640625, -1.0983860492706299, 0.06285203993320465, 1.5340420007705688, 1.4127720594406128, 0.06240000203251839]
[0.1262982189655304, -0.1393730342388153, 0.060329679399728775, 1.5629653930664062, 0.24818146228790283, 0.44934070110321045] [0.34519195556640625, -1.0983860492706299, 0.07512404024600983, 1.53097403049469, 1.4127720594406128, 0.06240000203251839]
[0.12831290066242218, -0.14016737043857574, 0.0650845468044281, 1.5554720163345337, 0.20802006125450134, 0.43581274151802063] [0.3283179700374603, -1.0983860492706299, 0.11040604114532471, 1.5233039855957031, 1.4127720594406128, 0.06240000203251839]
[0.13068021833896637, -0.14138555526733398, 0.07402652502059937, 1.551876187324524, 0.13092315196990967, 0.41743186116218567] [0.3237159848213196, -1.0968519449234009, 0.21318404376506805, 1.4987599849700928, 1.4143060445785522, 0.06240000203251839]
[0.1342819482088089, -0.1454516053199768, 0.08779966086149216, 1.5644136667251587, 0.006791351828724146, 0.37173739075660706] [0.3329199552536011, -1.0953179597854614, 0.4202740490436554, 1.4742159843444824, 1.4158400297164917, 0.06240000203251839]
[0.1359449177980423, -0.15180829167366028, 0.10555165261030197, 1.5865542888641357, -0.14794225990772247, 0.3137933909893036] [0.3344539701938629, -1.093783974647522, 0.5307220220565796, 1.4097880125045776, 1.4173741340637207, 0.06240000203251839]
[0.13865996897220612, -0.1623992621898651, 0.11585147678852081, 1.6299415826797485, -0.23837925493717194, 0.21509592235088348] [0.33598798513412476, -1.0845799446105957, 0.610490083694458, 1.2671259641647339, 1.4342480897903442, 0.06240000203251839]
[0.14373266696929932, -0.1812763512134552, 0.11721579730510712, 1.7263743877410889, -0.24311426281929016, 0.0381368063390255] [0.33598798513412476, -1.075376033782959, 0.6381020545959473, 1.1367360353469849, 1.4848700761795044, 0.06640000641345978]
[0.14574730396270752, -0.19535867869853973, 0.11852648109197617, 1.8316774368286133, -0.24797706305980682, -0.09236876666545868] [0.3375219702720642, -1.0615699291229248, 0.7148020267486572, 0.9879379868507385, 1.5262880325317383, 0.06520000100135803]
[0.14458893239498138, -0.2106725573539734, 0.12076207250356674, 1.9614818096160889, -0.2569253444671631, -0.23022887110710144] [0.3375219702720642, -1.0600359439849854, 0.7730940580368042, 0.8575479984283447, 1.6091240644454956, 0.18799999356269836]
[0.14229115843772888, -0.22570264339447021, 0.11962719261646271, 2.1131415367126465, -0.23306196928024292, -0.36341893672943115] [0.3375219702720642, -1.0508320331573486, 0.8068420886993408, 0.7102839946746826, 1.7548540830612183, 0.319599986076355]
[0.1377188265323639, -0.24706891179084778, 0.11014065146446228, 2.3483896255493164, -0.13181449472904205, -0.5513942241668701] [0.33905595541000366, -1.0339579582214355, 0.8160460591316223, 0.5077959895133972, 1.8637681007385254, 0.15080000460147858]
[0.13294412195682526, -0.25967687368392944, 0.10212189704179764, 2.399470806121826, -0.0618390217423439, -0.6779946088790894] [0.3375219702720642, -1.0078799724578857, 0.9264940619468689, 0.3375219702720642, 1.8637681007385254, 0.06320000439882278]
[0.1261095404624939, -0.2713872492313385, 0.09661615639925003, 2.587897539138794, -0.010429676622152328, -0.8067775368690491] [0.3375219702720642, -0.9771999716758728, 1.1105740070343018, 0.23014196753501892, 1.8637681007385254, 0.06320000439882278]
[0.12129562348127365, -0.2778056561946869, 0.08925952017307281, 2.739309072494507, 0.054877448827028275, -0.8824838995933533] [0.3375219702720642, -0.9526559710502625, 1.2424980401992798, 0.0920819640159607, 1.8637681007385254, 0.06320000439882278]
[0.1158357635140419, -0.2826785743236542, 0.07686342298984528, 2.879559278488159, 0.16220521926879883, -0.9494850635528564] [0.33905595541000366, -0.9403839707374573, 1.3774900436401367, 0.039925962686538696, 1.8637681007385254, 0.06320000439882278]
[0.11509337276220322, -0.2832854986190796, 0.07714749872684479, 2.9591028690338135, 0.1611635684967041, -0.9508575797080994] [0.33905595541000366, -0.9388499855995178, 1.421976089477539, 0.03839196264743805, 1.8637681007385254, 0.06320000439882278]
[0.11582552641630173, -0.28281736373901367, 0.07669372111558914, 2.9815385341644287, 0.16387362778186798, -0.9462922811508179] [0.33905595541000366, -0.9296460151672363, 1.4357820749282837, 0.03839196264743805, 1.8637681007385254, 0.06320000439882278]
[0.11732731014490128, -0.2818091809749603, 0.07615716010332108, 2.990983247756958, 0.16623228788375854, -0.9375863075256348] [0.33905595541000366, -0.9158399701118469, 1.4388500452041626, 0.03839196264743805, 1.8637681007385254, 0.06320000439882278]
[0.1207616925239563, -0.27940812706947327, 0.07494594156742096, 2.9950172901153564, 0.1715405285358429, -0.9181015491485596] [0.33905595541000366, -0.8912959694862366, 1.4388500452041626, 0.0368579626083374, 1.8637681007385254, 0.06320000439882278]
[0.12563955783843994, -0.2758030593395233, 0.07304316014051437, 3.001000165939331, 0.1805734783411026, -0.8901501297950745] [0.3405899703502655, -0.8606159687042236, 1.4388500452041626, 0.0368579626083374, 1.8637681007385254, 0.06320000439882278]
[0.13284024596214294, -0.2699591815471649, 0.06984355300664902, 3.0072150230407715, 0.19491371512413025, -0.8470700979232788] [0.34519195556640625, -0.8115279674530029, 1.4373160600662231, 0.0368579626083374, 1.8637681007385254, 0.06320000439882278]
[0.13854674994945526, -0.26464778184890747, 0.06595288217067719, 3.0070431232452393, 0.21289245784282684, -0.8110759854316711] [0.36206597089767456, -0.7777799963951111, 1.4373160600662231, 0.0368579626083374, 1.8637681007385254, 0.06320000439882278]
[0.1426512449979782, -0.2602218687534332, 0.061782367527484894, 3.0024986267089844, 0.23250244557857513, -0.7834125757217407] [0.37740597128868103, -0.750167965888977, 1.4373160600662231, 0.0368579626083374, 1.859166145324707, 0.06320000439882278]
[0.14605464041233063, -0.25585711002349854, 0.05670653656125069, 2.9925343990325928, 0.2566413879394531, -0.758381724357605] [0.3988819718360901, -0.7256239652633667, 1.4373160600662231, 0.0368579626083374, 1.859166145324707, 0.06320000439882278]
[0.1478971391916275, -0.2518542408943176, 0.049201808869838715, 2.9723289012908936, 0.2930183410644531, -0.7400047183036804] [0.4418339729309082, -0.70414799451828, 1.4373160600662231, 0.0368579626083374, 1.859166145324707, 0.06320000439882278]
[0.1478927731513977, -0.24969255924224854, 0.04305931553244591, 2.9521498680114746, 0.3232114017009735, -0.733711838722229] [0.47558197379112244, -0.6888079643249512, 1.4373160600662231, 0.0368579626083374, 1.857632040977478, 0.06320000439882278]
[0.14710351824760437, -0.24823534488677979, 0.03742969408631325, 2.9316186904907227, 0.3511786162853241, -0.7323737740516663] [0.5169999599456787, -0.6811379790306091, 1.4296460151672363, 0.03839196264743805, 1.8545640707015991, 0.06320000439882278]
[0.1461188644170761, -0.2475554645061493, 0.03370075672864914, 2.9034242630004883, 0.3692784309387207, -0.7342793345451355] [0.5308059453964233, -0.6811379790306091, 1.425044059753418, 0.03839196264743805, 1.8530300855636597, 0.06320000439882278]
[0.14591476321220398, -0.2475554645061493, 0.0332527756690979, 2.9012179374694824, 0.37155503034591675, -0.7350780367851257] [0.533873975276947, -0.6811379790306091, 1.425044059753418, 0.03839196264743805, 1.8530300855636597, 0.06320000439882278]
[0.1458122283220291, -0.2475554645061493, 0.03302902355790138, 2.900113344192505, 0.37269267439842224, -0.7354796528816223] [0.533873975276947, -0.6811379790306091, 1.4265780448913574, 0.03839196264743805, 1.8530300855636597, 0.06320000439882278]
[0.1456950157880783, -0.24757517874240875, 0.03281265124678612, 2.9005203247070312, 0.37380197644233704, -0.7359384298324585] [0.5354079604148865, -0.6811379790306091, 1.4265780448913574, 0.0368579626083374, 1.8530300855636597, 0.06280000507831573]
[0.14549751579761505, -0.24781981110572815, 0.032929811626672745, 2.899897813796997, 0.3732761740684509, -0.7374849319458008] [0.5354079604148865, -0.6811379790306091, 1.425044059753418, 0.03839196264743805, 1.8530300855636597, 0.06320000439882278]
[0.1456950157880783, -0.24757517874240875, 0.03281265124678612, 2.9005203247070312, 0.37380197644233704, -0.7359384298324585] [0.5354079604148865, -0.6811379790306091, 1.4265780448913574, 0.03839196264743805, 1.8530300855636597, 0.06320000439882278]
[0.1457093060016632, -0.2475554645061493, 0.0328054204583168, 2.899007797241211, 0.37382999062538147, -0.7358827590942383] [0.5354079604148865, -0.6811379790306091, 1.4265780448913574, 0.03839196264743805, 1.8530300855636597, 0.06320000439882278]
[0.1457093060016632, -0.2475554645061493, 0.0328054204583168, 2.899007797241211, 0.37382999062538147, -0.7358827590942383] [0.5354079604148865, -0.6811379790306091, 1.425044059753418, 0.03839196264743805, 1.8530300855636597, 0.06320000439882278]
[0.14551183581352234, -0.24780011177062988, 0.032922569662332535, 2.8983850479125977, 0.373304158449173, -0.7374293804168701] [0.5354079604148865, -0.6811379790306091, 1.425044059753418, 0.03839196264743805, 1.8530300855636597, 0.06320000439882278]
[0.1457093060016632, -0.2475554645061493, 0.0328054204583168, 2.899007797241211, 0.37382999062538147, -0.7358827590942383] [0.5354079604148865, -0.6811379790306091, 1.4265780448913574, 0.03839196264743805, 1.8530300855636597, 0.06320000439882278]
[0.1456950157880783, -0.24757517874240875, 0.03281265124678612, 2.9005203247070312, 0.37380197644233704, -0.7359384298324585] [0.5354079604148865, -0.6811379790306091, 1.425044059753418, 0.03839196264743805, 1.8530300855636597, 0.06320000439882278]
[0.1456950157880783, -0.24757517874240875, 0.03281265124678612, 2.9005203247070312, 0.37380197644233704, -0.7359384298324585] [0.5354079604148865, -0.6811379790306091, 1.4265780448913574, 0.03839196264743805, 1.8530300855636597, 0.06320000439882278]
[0.14560022950172424, -0.24781981110572815, 0.03315309062600136, 2.9010050296783447, 0.3721405565738678, -0.73708176612854] [0.5354079604148865, -0.6811379790306091, 1.4265780448913574, 0.03839196264743805, 1.8530300855636597, 0.06320000439882278]
