[0.0661841332912445, -0.19104045629501343, 0.29590660333633423, 3.027357578277588, 0.34679433703422546, -0.38617342710494995] [0.36206597089767456, -0.3728039860725403, 1.3606160879135132, 0.055265963077545166, 1.8300200700759888, 0.9968000054359436, -1.2977221012115479, -1.2855340242385864]
[0.06583476066589355, -0.19100569188594818, 0.2961621880531311, 3.026185989379883, 0.34598952531814575, -0.38597312569618225] [0.363599956035614, -0.37433797121047974, 1.3606160879135132, 0.055265963077545166, 1.8300200700759888, 0.9968000054359436, -1.2670420408248901, -1.2379800081253052]
[0.06349756568670273, -0.19092801213264465, 0.29758793115615845, 3.030430793762207, 0.34074124693870544, -0.3856177031993866] [0.3728039860725403, -0.37433797121047974, 1.3621500730514526, 0.055265963077545166, 1.8300200700759888, 0.9968000054359436, -1.2471001148223877, -1.2149699926376343]
[0.061192285269498825, -0.19041654467582703, 0.3018570840358734, 3.0360910892486572, 0.3219342529773712, -0.38165485858917236] [0.37126997113227844, -0.37433797121047974, 1.3606160879135132, 0.055265963077545166, 1.8300200700759888, 0.9968000054359436, -1.2409640550613403, -1.2072999477386475]
[0.0592990517616272, -0.19060677289962769, 0.3043730556964874, 3.0379695892333984, 0.3106246590614319, -0.38187310099601746] [0.37126997113227844, -0.37433797121047974, 1.3590821027755737, 0.055265963077545166, 1.8300200700759888, 0.9968000054359436, -1.2394300699234009, -1.2072999477386475]
[0.058703575283288956, -0.19027015566825867, 0.3055238723754883, 3.0419158935546875, 0.3054092228412628, -0.37977030873298645] [0.37126997113227844, -0.37433797121047974, 1.3606160879135132, 0.055265963077545166, 1.8315540552139282, 0.9968000054359436, -1.2394300699234009, -1.2072999477386475]
[0.058383166790008545, -0.19050514698028564, 0.30632326006889343, 3.0410876274108887, 0.3017288148403168, -0.38089290261268616] [0.37126997113227844, -0.37433797121047974, 1.3590821027755737, 0.055265963077545166, 1.8300200700759888, 0.9968000054359436, -1.2394300699234009, -1.2072999477386475]
[0.058246031403541565, -0.19053973257541656, 0.30621761083602905, 3.04223895072937, 0.30256691575050354, -0.3810812532901764] [0.37126997113227844, -0.37433797121047974, 1.3606160879135132, 0.055265963077545166, 1.8300200700759888, 0.9968000054359436, -1.2394300699234009, -1.2072999477386475]
[0.05814950540661812, -0.19052888453006744, 0.3063749372959137, 3.042487382888794, 0.30182158946990967, -0.3810046315193176] [0.37126997113227844, -0.37433797121047974, 1.3590821027755737, 0.055265963077545166, 1.8300200700759888, 0.9968000054359436, -1.2394300699234009, -1.2072999477386475]
[0.058224648237228394, -0.1905229389667511, 0.3065817654132843, 3.0415637493133545, 0.30066409707069397, -0.38074547052383423] [0.3728039860725403, -0.37433797121047974, 1.3606160879135132, 0.055265963077545166, 1.8300200700759888, 0.9968000054359436, -1.2394300699234009, -1.2072999477386475]
[0.05807225778698921, -0.1905364692211151, 0.30634960532188416, 3.0411815643310547, 0.30170223116874695, -0.3808619976043701] [0.3728039860725403, -0.37433797121047974, 1.3606160879135132, 0.055265963077545166, 1.8300200700759888, 0.9968000054359436, -1.2394300699234009, -1.2072999477386475]
[0.05801846832036972, -0.19045288860797882, 0.3064262866973877, 3.0409698486328125, 0.30132973194122314, -0.38092243671417236] [0.37126997113227844, -0.37433797121047974, 1.3606160879135132, 0.055265963077545166, 1.8300200700759888, 0.9968000054359436, -1.2394300699234009, -1.2072999477386475]
[0.05806231126189232, -0.19052645564079285, 0.3063465356826782, 3.042515993118286, 0.3017057776451111, -0.38099434971809387] [0.3728039860725403, -0.37433797121047974, 1.3606160879135132, 0.055265963077545166, 1.8315540552139282, 0.9968000054359436, -1.2394300699234009, -1.2072999477386475]
[0.05798414349555969, -0.19052362442016602, 0.3063637912273407, 3.0426008701324463, 0.30145779252052307, -0.38097015023231506] [0.37126997113227844, -0.37433797121047974, 1.3606160879135132, 0.055265963077545166, 1.8315540552139282, 0.9968000054359436, -1.2394300699234009, -1.2072999477386475]
[0.06447608023881912, -0.15866774320602417, 0.34022727608680725, 2.844913959503174, 0.04894121736288071, -0.16471309959888458] [0.3375219702720642, -0.3053079843521118, 0.9510380625724792, 0.4157559871673584, 1.8254181146621704, 0.08000000566244125, -1.193410038948059, -1.152076005935669]
[0.06345075368881226, -0.13186997175216675, 0.35043105483055115, 2.582050323486328, -0.04913998022675514, 0.04679354280233383] [0.3344539701938629, -0.30377396941185, 0.7194040417671204, 0.5783599615097046, 1.8254181146621704, 0.08000000566244125, -1.1949440240859985, -1.152076005935669]
[0.059457775205373764, -0.10985694080591202, 0.3521513342857361, 2.428624153137207, -0.07136116921901703, 0.22298495471477509] [0.3283179700374603, -0.28689998388290405, 0.621228039264679, 0.6581279635429382, 1.823884129524231, 0.08000000566244125, -1.193410038948059, -1.1474740505218506]
[0.057895220816135406, -0.10145538300275803, 0.3555068373680115, 2.415114164352417, -0.09581461548805237, 0.28092601895332336] [0.3145119547843933, -0.2623559832572937, 0.6150920391082764, 0.6888079643249512, 1.819282054901123, 0.08000000566244125, -1.1842060089111328, -1.1367360353469849]
[0.05502896010875702, -0.09024384617805481, 0.3630169928073883, 2.393834114074707, -0.1420285552740097, 0.35381537675857544] [0.28383195400238037, -0.21786996722221375, 0.5844120383262634, 0.7302259802818298, 1.8131461143493652, 0.08000000566244125, -1.1719341278076172, -1.1259980201721191]
[0.05030667781829834, -0.07710769772529602, 0.36968109011650085, 2.3409857749938965, -0.17481815814971924, 0.44203442335128784] [0.2546859681606293, -0.17491796612739563, 0.5322560667991638, 0.7532359957695007, 1.8116121292114258, 0.08000000566244125, -1.1642640829086304, -1.1167939901351929]
[0.04550320282578468, -0.06572998315095901, 0.37435781955718994, 2.283437490463257, -0.19129019975662231, 0.5191057920455933] [0.23474396765232086, -0.14577196538448334, 0.47396403551101685, 0.7793139815330505, 1.8100781440734863, 0.08000000566244125, -1.1596620082855225, -1.1106579303741455]
[0.03614351898431778, -0.05115308612585068, 0.37155023217201233, 2.1258811950683594, -0.14510677754878998, 0.654699444770813] [0.20252996683120728, -0.1411699652671814, 0.2730100452899933, 0.8882279992103577, 1.8100781440734863, 0.08000000566244125, -1.1519920825958252, -1.1045219898223877]
[0.026102228090167046, -0.03778441995382309, 0.367818683385849, 2.0232410430908203, -0.09895266592502594, 0.7794808149337769] [0.18105396628379822, -0.10435395687818527, 0.22238804399967194, 0.9281119704246521, 1.8085440397262573, 0.08000000566244125, -1.1412540674209595, -1.0922499895095825]
[0.019468098878860474, -0.028767885640263557, 0.3734379708766937, 1.9944665431976318, -0.12286750227212906, 0.8456659913063049] [0.15957796573638916, -0.05373196303844452, 0.20704804360866547, 0.9480539560317993, 1.8100781440734863, 0.08000000566244125, -1.1228461265563965, -1.0738420486450195]
[0.009936227463185787, -0.017577726393938065, 0.37410444021224976, 1.9625587463378906, -0.11808326095342636, 0.9290770292282104] [0.1580439656972885, -0.006177961826324463, 0.1686980426311493, 0.9725979566574097, 1.8100781440734863, 0.08000000566244125, -1.1059720516204834, -1.0569679737091064]
[-0.0012771954061463475, -0.008152441121637821, 0.3681347072124481, 1.894467830657959, -0.05956627056002617, 1.018715500831604] [0.15650996565818787, 0.019900038838386536, 0.045978039503097534, 1.0431619882583618, 1.8100781440734863, 0.08000000566244125, -1.0875641107559204, -1.0416280031204224]
[-0.016792533919215202, -0.0012362287379801273, 0.351227730512619, 1.7946414947509766, 0.08752516657114029, 1.137050986289978] [0.16264596581459045, 0.03370603919029236, -0.11355795711278915, 1.1167939901351929, 1.8100781440734863, 0.08000000566244125, -1.0706900358200073, -1.0262880325317383]
[-0.023303229361772537, 0.002262912690639496, 0.347666472196579, 1.7742716073989868, 0.11919184029102325, 1.1771489381790161] [0.16878196597099304, 0.06745404005050659, -0.12122795730829239, 1.1259980201721191, 1.8100781440734863, 0.08000000566244125, -1.0584180355072021, -1.0094139575958252]
[-0.030876368284225464, 0.007333886343985796, 0.3489839732646942, 1.7637006044387817, 0.11427337676286697, 1.2218804359436035] [0.17184996604919434, 0.10427004098892212, -0.12736396491527557, 1.1382700204849243, 1.8100781440734863, 0.08000000566244125, -1.0446120500564575, -1.0002100467681885]
[-0.03785533830523491, 0.01216820441186428, 0.34883713722229004, 1.748947262763977, 0.12062764912843704, 1.261532187461853] [0.17338396608829498, 0.13188204169273376, -0.13349996507167816, 1.1382700204849243, 1.8100781440734863, 0.08000000566244125, -1.0369420051574707, -0.9925400018692017]
[-0.041407570242881775, 0.014069846831262112, 0.34967970848083496, 1.738025188446045, 0.11869406700134277, 1.2755967378616333] [0.17491796612739563, 0.1426200419664383, -0.13656796514987946, 1.1382700204849243, 1.8100781440734863, 0.08000000566244125, -1.030806064605713, -0.9864040017127991]
[-0.04279574751853943, 0.01414187066257, 0.3479071855545044, 1.740373969078064, 0.12725093960762024, 1.2773160934448242] [0.19179196655750275, 0.14415404200553894, -0.14883996546268463, 1.1382700204849243, 1.8116121292114258, 0.08000000566244125, -1.0216020345687866, -0.9771999716758728]
[-0.04449376463890076, 0.014013385400176048, 0.3440030515193939, 1.7484735250473022, 0.14697997272014618, 1.278159737586975] [0.21480196714401245, 0.14415404200553894, -0.16571396589279175, 1.1382700204849243, 1.8116121292114258, 0.08000000566244125, -1.0139321088790894, -0.9695299863815308]
[-0.04615991190075874, 0.013797725550830364, 0.3415375053882599, 1.749638557434082, 0.15993477404117584, 1.2784156799316406] [0.22400596737861633, 0.14415404200553894, -0.17338396608829498, 1.1382700204849243, 1.8116121292114258, 0.08000000566244125, -1.0062620639801025, -0.9649279713630676]
[-0.0475628487765789, 0.01362520083785057, 0.33961039781570435, 1.749025821685791, 0.1696239411830902, 1.2786937952041626] [0.2393459677696228, 0.14415404200553894, -0.18565596640110016, 1.1382700204849243, 1.8100781440734863, 0.08000000566244125, -1.0031940937042236, -0.9603259563446045]
[-0.048488061875104904, 0.013420529663562775, 0.33734583854675293, 1.7570972442626953, 0.17916791141033173, 1.2785305976867676] [0.251617968082428, 0.14415404200553894, -0.1871899664402008, 1.1367360353469849, 1.8116121292114258, 0.08000000566244125, -1.0016601085662842, -0.9603259563446045]
[-0.048893604427576065, 0.013439378701150417, 0.3375836908817291, 1.7529370784759521, 0.17855098843574524, 1.2780300378799438] [0.251617968082428, 0.14415404200553894, -0.18872396647930145, 1.1367360353469849, 1.8100781440734863, 0.08000000566244125, -1.0031940937042236, -0.9618600010871887]
[-0.04891940578818321, 0.013306035660207272, 0.3376597762107849, 1.7517640590667725, 0.17787572741508484, 1.2762980461120605] [0.251617968082428, 0.14415404200553894, -0.1902579665184021, 1.1336679458618164, 1.8100781440734863, 0.08000000566244125, -1.0031940937042236, -0.9618600010871887]
[-0.04820264130830765, 0.012767295353114605, 0.3373204469680786, 1.7501797676086426, 0.18054723739624023, 1.2700014114379883] [0.251617968082428, 0.14108604192733765, -0.19179196655750275, 1.1229300498962402, 1.8100781440734863, 0.08000000566244125, -1.004728078842163, -0.9664620161056519]
[-0.04580364003777504, 0.012121634557843208, 0.3374570608139038, 1.747464656829834, 0.1793062835931778, 1.2514511346817017] [0.251617968082428, 0.13801804184913635, -0.19179196655750275, 1.113726019859314, 1.8100781440734863, 0.08000000566244125, -1.0093300342559814, -0.9710639715194702]
[-0.044617485255002975, 0.01183637510985136, 0.33701831102371216, 1.7489354610443115, 0.18161870539188385, 1.2456964254379272] [0.24854996800422668, 0.1364840418100357, -0.1933259665966034, 1.1075899600982666, 1.8100781440734863, 0.08000000566244125, -1.0139321088790894, -0.9756659865379333]
[-0.042529359459877014, 0.011075707152485847, 0.33691415190696716, 1.747793436050415, 0.1832483559846878, 1.2333874702453613] [0.24701596796512604, 0.13188204169273376, -0.19485996663570404, 1.0953179597854614, 1.8085440397262573, 0.08000000566244125, -1.0170000791549683, -0.9802680015563965]
[-0.03985856473445892, 0.010525556281208992, 0.33685553073883057, 1.7429505586624146, 0.18410547077655792, 1.2147750854492188] [0.24394796788692474, 0.13188204169273376, -0.1963939666748047, 1.078444004058838, 1.8070100545883179, 0.08000000566244125, -1.0200680494308472, -0.9848699569702148]
[-0.03737152740359306, 0.010114837437868118, 0.33660823106765747, 1.7379027605056763, 0.18540987372398376, 1.1979061365127563] [0.24087996780872345, 0.13188204169273376, -0.19792796671390533, 1.0600359439849854, 1.8024080991744995, 0.08000000566244125, -1.024670124053955, -0.989471971988678]
[-0.03470432385802269, 0.0094703184440732, 0.33632713556289673, 1.7282021045684814, 0.18611402809619904, 1.1795408725738525] [0.24087996780872345, 0.13188204169273376, -0.19946196675300598, 1.0308899879455566, 1.7932040691375732, 0.08000000566244125, -1.0292720794677734, -0.9940739870071411]
[-0.030462536960840225, 0.008404277265071869, 0.33601874113082886, 1.7218093872070312, 0.18570932745933533, 1.1476079225540161] [0.24087996780872345, 0.13188204169273376, -0.19946196675300598, 1.0078799724578857, 1.7932040691375732, 0.08000000566244125, -1.0354080200195312, -1.0002100467681885]
[-0.027435539290308952, 0.0075914585031569, 0.33572956919670105, 1.7201642990112305, 0.1861436516046524, 1.128031849861145] [0.2393459677696228, 0.13188204169273376, -0.19946196675300598, 0.9864040017127991, 1.785534143447876, 0.08000000566244125, -1.0415440797805786, -1.0048120021820068]
[-0.022875431925058365, 0.006354616489261389, 0.3352733552455902, 1.7119418382644653, 0.18549393117427826, 1.0931166410446167] [0.2393459677696228, 0.13188204169273376, -0.19946196675300598, 0.9495880007743835, 1.784000039100647, 0.08000000566244125, -1.0415440797805786, -1.0063459873199463]
[-0.0192740336060524, 0.005147621035575867, 0.3350852131843567, 1.7078579664230347, 0.18492645025253296, 1.0640716552734375] [0.2393459677696228, 0.13188204169273376, -0.19946196675300598, 0.9219759702682495, 1.785534143447876, 0.08000000566244125, -1.0415440797805786, -1.0048120021820068]
[-0.01657671295106411, 0.004113166593015194, 0.33509695529937744, 1.7050105333328247, 0.18385450541973114, 1.0410096645355225] [0.2393459677696228, 0.13188204169273376, -0.19946196675300598, 0.8943639993667603, 1.784000039100647, 0.08000000566244125, -1.043078064918518, -1.0063459873199463]
[-0.013238521292805672, 0.0026926647406071424, 0.33515968918800354, 1.7002334594726562, 0.18196891248226166, 1.0100820064544678] [0.2393459677696228, 0.13188204169273376, -0.19946196675300598, 0.8652179837226868, 1.784000039100647, 0.08000000566244125, -1.046146035194397, -1.0094139575958252]
[-0.009873674251139164, 0.0012254002504050732, 0.335341215133667, 1.6954870223999023, 0.1799541711807251, 0.9806323051452637] [0.23781196773052216, 0.13188204169273376, -0.19946196675300598, 0.8406739830970764, 1.785534143447876, 0.08000000566244125, -1.0522820949554443, -1.0186179876327515]
[-0.006025854963809252, -0.00024154098355211318, 0.3351089060306549, 1.6933188438415527, 0.18000470101833344, 0.9516427516937256] [0.2362779676914215, 0.13188204169273376, -0.19946196675300598, 0.8145959973335266, 1.784000039100647, 0.08000000566244125, -1.066088080406189, -1.032423973083496]
[-0.0025871661491692066, -0.0010335026308894157, 0.33503633737564087, 1.6930562257766724, 0.1807475984096527, 0.9365476369857788] [0.22707396745681763, 0.13188204169273376, -0.19946196675300598, 0.8007899522781372, 1.784000039100647, 0.08000000566244125, -1.0829620361328125, -1.0492980480194092]
[0.0016327215125784278, -0.0019955432508140802, 0.3357997536659241, 1.688720703125, 0.17830818891525269, 0.9192377328872681] [0.2101999670267105, 0.13188204169273376, -0.19946196675300598, 0.7839159965515137, 1.784000039100647, 0.08000000566244125, -1.0998361110687256, -1.0631040334701538]
[0.006096900440752506, -0.0029692486859858036, 0.3365926146507263, 1.6843268871307373, 0.1756381243467331, 0.9019491076469421] [0.19485996663570404, 0.13188204169273376, -0.19946196675300598, 0.7655079960823059, 1.784000039100647, 0.08000000566244125, -1.1182440519332886, -1.0830459594726562]
[0.009983235038816929, -0.003907450009137392, 0.3371886610984802, 1.6810047626495361, 0.17359444499015808, 0.8863469362258911] [0.17798596620559692, 0.13188204169273376, -0.20099596679210663, 0.7455660104751587, 1.784000039100647, 0.08000000566244125, -1.1381860971450806, -1.1060559749603271]
[0.015665635466575623, -0.005071822088211775, 0.3377241790294647, 1.6777033805847168, 0.1721753180027008, 0.8662330508232117] [0.1580439656972885, 0.13188204169273376, -0.20099596679210663, 0.7317599654197693, 1.784000039100647, 0.08000000566244125, -1.1642640829086304, -1.132133960723877]
[0.02353135496377945, -0.00657881423830986, 0.33653607964515686, 1.6828542947769165, 0.17823131382465363, 0.850475549697876] [0.13196596503257751, 0.13188204169273376, -0.19946196675300598, 0.7210220098495483, 1.784000039100647, 0.08000000566244125, -1.1857401132583618, -1.152076005935669]
[0.027662556618452072, -0.00736867543309927, 0.33557939529418945, 1.686491847038269, 0.1821453720331192, 0.8419151902198792] [0.1181599572300911, 0.13034804165363312, -0.20099596679210663, 0.7118179798126221, 1.784000039100647, 0.08000000566244125, -1.2041480541229248, -1.172018051147461]
[0.032630179077386856, -0.00852933805435896, 0.3346388638019562, 1.6893653869628906, 0.1851971596479416, 0.8297862410545349] [0.10281995683908463, 0.13034804165363312, -0.19946196675300598, 0.6995459794998169, 1.784000039100647, 0.08000000566244125, -1.2194880247116089, -1.1858240365982056]
[0.03697587922215462, -0.009435453452169895, 0.3330861032009125, 1.695239782333374, 0.19055822491645813, 0.8199793100357056] [0.09975196421146393, 0.13034804165363312, -0.19946196675300598, 0.6918759942054749, 1.784000039100647, 0.0804000049829483, -1.221022129058838, -1.1858240365982056]
[0.03797629475593567, -0.009289565496146679, 0.3331497013568878, 1.6927480697631836, 0.1899876743555069, 0.8136312365531921] [0.09975196421146393, 0.12881404161453247, -0.19946196675300598, 0.6673319935798645, 1.784000039100647, 0.08000000566244125, -1.2225561141967773, -1.187358021736145]
[0.0413033664226532, -0.012117261067032814, 0.3333236575126648, 1.6884299516677856, 0.18789418041706085, 0.7781957387924194] [0.09975196421146393, 0.12114404141902924, -0.19946196675300598, 0.638185977935791, 1.784000039100647, 0.08000000566244125, -1.2240900993347168, -1.187358021736145]
[0.044379234313964844, -0.01474575325846672, 0.3334008753299713, 1.68324613571167, 0.18574583530426025, 0.7449001669883728] [0.09975196421146393, 0.11961004137992859, -0.20099596679210663, 0.6105740070343018, 1.784000039100647, 0.08000000566244125, -1.2240900993347168, -1.1888920068740845]
[0.04654219001531601, -0.01641717180609703, 0.3334633409976959, 1.6797869205474854, 0.18411201238632202, 0.722057044506073] [0.09975196421146393, 0.11807604134082794, -0.19946196675300598, 0.5875639915466309, 1.784000039100647, 0.08000000566244125, -1.2240900993347168, -1.1888920068740845]
[0.048523325473070145, -0.018467258661985397, 0.3334832787513733, 1.6761502027511597, 0.18279677629470825, 0.6989703178405762] [0.09975196421146393, 0.11807604134082794, -0.19946196675300598, 0.5814279913902283, 1.784000039100647, 0.08000000566244125, -1.2240900993347168, -1.1888920068740845]
[0.04857850819826126, -0.018434667959809303, 0.3334892690181732, 1.6761877536773682, 0.18291647732257843, 0.6990330815315247] [0.09975196421146393, 0.11807604134082794, -0.19792796671390533, 0.5829619765281677, 1.784000039100647, 0.08000000566244125, -1.2240900993347168, -1.187358021736145]
[0.04853295162320137, -0.01857117936015129, 0.33389317989349365, 1.6816627979278564, 0.18019963800907135, 0.6992982625961304] [0.09975196421146393, 0.1165420413017273, -0.1933259665966034, 0.5844959616661072, 1.784000039100647, 0.08000000566244125, -1.2225561141967773, -1.1858240365982056]
[0.048016756772994995, -0.01822630502283573, 0.33440783619880676, 1.6825920343399048, 0.17787650227546692, 0.705450713634491] [0.09514996409416199, 0.11194004118442535, -0.19179196655750275, 0.6075059771537781, 1.784000039100647, 0.08000000566244125, -1.2225561141967773, -1.1842899322509766]
[0.04654952138662338, -0.01780986785888672, 0.3354736268520355, 1.6862903833389282, 0.1736772358417511, 0.7204992771148682] [0.0920819640159607, 0.10733804106712341, -0.18872396647930145, 0.6136419773101807, 1.785534143447876, 0.08000000566244125, -1.21642005443573, -1.1812219619750977]
[0.045977938920259476, -0.018188711255788803, 0.3359675407409668, 1.6846052408218384, 0.17151771485805511, 0.7201608419418335] [0.09361596405506134, 0.10580404102802277, -0.1902579665184021, 0.6228460073471069, 1.785534143447876, 0.08000000566244125, -1.2102841138839722, -1.1735520362854004]
[0.044383011758327484, -0.018090838566422462, 0.3364766240119934, 1.6805049180984497, 0.17103059589862823, 0.7270391583442688] [0.09514996409416199, 0.10120204091072083, -0.1963939666748047, 0.6351180076599121, 1.7886021137237549, 0.08000000566244125, -1.198012113571167, -1.1597459316253662]
[0.04148603975772858, -0.018080320209264755, 0.33694538474082947, 1.6708213090896606, 0.17262843251228333, 0.7379637360572815] [0.09668396413326263, 0.09199804067611694, -0.20252996683120728, 0.6504579782485962, 1.7886021137237549, 0.08000000566244125, -1.1826720237731934, -1.1444059610366821]
[0.03852689266204834, -0.01938924565911293, 0.33796605467796326, 1.6691702604293823, 0.16942167282104492, 0.7385263442993164] [0.10588795691728592, 0.07972604036331177, -0.20559796690940857, 0.6673319935798645, 1.7916700839996338, 0.08000000566244125, -1.1642640829086304, -1.1244640350341797]
[0.03487269580364227, -0.020275931805372238, 0.33832159638404846, 1.66110098361969, 0.1720706671476364, 0.7476222515106201] [0.11355795711278915, 0.061318039894104004, -0.21786996722221375, 0.696478009223938, 1.7916700839996338, 0.08000000566244125, -1.1504580974578857, -1.1106579303741455]
[0.03189771994948387, -0.02339407429099083, 0.3381306231021881, 1.6536579132080078, 0.1775275021791458, 0.747639536857605] [0.11969395726919174, 0.03217203915119171, -0.22707396745681763, 0.7286919951438904, 1.7916700839996338, 0.08000000566244125, -1.1335840225219727, -1.0922499895095825]
[0.028629321604967117, -0.025793252512812614, 0.3381681740283966, 1.6488080024719238, 0.18146054446697235, 0.7509070038795471] [0.13043196499347687, 0.003026038408279419, -0.23320996761322021, 0.7609059810638428, 1.7916700839996338, 0.08000000566244125, -1.1136420965194702, -1.0723079442977905]
[0.02296389825642109, -0.029201839119195938, 0.3371015191078186, 1.6461782455444336, 0.19188205897808075, 0.758718729019165] [0.1442379653453827, -0.021517962217330933, -0.23781196773052216, 0.7961879968643188, 1.7916700839996338, 0.08000000566244125, -1.0937000513076782, -1.0539000034332275]
[0.01901494711637497, -0.031107814982533455, 0.3372757136821747, 1.6455800533294678, 0.19260725378990173, 0.7625656127929688] [0.1580439656972885, -0.04145996272563934, -0.2424139678478241, 0.8253339529037476, 1.7916700839996338, 0.08000000566244125, -1.0737581253051758, -1.0339579582214355]
[0.01376387383788824, -0.031855855137109756, 0.3371087610721588, 1.6392260789871216, 0.19786152243614197, 0.7789081931114197] [0.16878196597099304, -0.05986796319484711, -0.251617968082428, 0.8606159687042236, 1.7916700839996338, 0.08000000566244125, -1.0538160800933838, -1.014016032218933]
[0.01056743785738945, -0.03343022242188454, 0.3369477391242981, 1.6348458528518677, 0.2007790207862854, 0.7821462750434875] [0.17645196616649628, -0.08441196382045746, -0.2562199831008911, 0.885159969329834, 1.7916700839996338, 0.08000000566244125, -1.0354080200195312, -1.0002100467681885]
[0.006750491913408041, -0.035964902490377426, 0.33727192878723145, 1.6316673755645752, 0.20130085945129395, 0.7822107672691345] [0.18565596640110016, -0.10435395687818527, -0.25775396823883057, 0.9020339846611023, 1.7916700839996338, 0.08000000566244125, -1.023136019706726, -0.9848699569702148]
[0.0029547184240072966, -0.038227517157793045, 0.33704936504364014, 1.6330702304840088, 0.20182761549949646, 0.7817872762680054] [0.1963939666748047, -0.12429595738649368, -0.25775396823883057, 0.9281119704246521, 1.7916700839996338, 0.08000000566244125, -1.004728078842163, -0.9679960012435913]
[-0.0003985264920629561, -0.03996327146887779, 0.3374752402305603, 1.6326113939285278, 0.20045562088489532, 0.7854812145233154] [0.20559796690940857, -0.14730596542358398, -0.25928795337677, 0.9557240009307861, 1.7916700839996338, 0.08000000566244125, -0.9878540635108948, -0.951121985912323]
[-0.004766947589814663, -0.04218608886003494, 0.33761417865753174, 1.6289935111999512, 0.2017480731010437, 0.7898308038711548] [0.21173396706581116, -0.1703159660100937, -0.27002596855163574, 0.9956079721450806, 1.7916700839996338, 0.08000000566244125, -0.9709800481796265, -0.9342479705810547]
[-0.010934565216302872, -0.04453909769654274, 0.33760392665863037, 1.6175727844238281, 0.20976918935775757, 0.8034030199050903] [0.2132679671049118, -0.19792796671390533, -0.2822979688644409, 1.0339579582214355, 1.7932040691375732, 0.08000000566244125, -0.9571740627288818, -0.9219759702682495]
[-0.015123811550438404, -0.04676653444766998, 0.3378477394580841, 1.613621473312378, 0.2123439610004425, 0.81019526720047] [0.21173396706581116, -0.22400596737861633, -0.28689998388290405, 1.075376033782959, 1.7932040691375732, 0.08000000566244125, -0.9464360475540161, -0.9143059849739075]
[-0.0195327065885067, -0.04815239459276199, 0.3379673957824707, 1.6113532781600952, 0.21571125090122223, 0.8248193264007568] [0.2132679671049118, -0.2500839829444885, -0.2945699691772461, 1.1229300498962402, 1.7932040691375732, 0.08000000566244125, -0.9326300621032715, -0.9004999995231628]
[-0.02445642277598381, -0.04949985817074776, 0.3377342224121094, 1.6120189428329468, 0.22183941304683685, 0.843806266784668] [0.2132679671049118, -0.27616196870803833, -0.3053079843521118, 1.1643480062484741, 1.7978060245513916, 0.08000000566244125, -0.9234260320663452, -0.8882279992103577]
[-0.028562793508172035, -0.05177893489599228, 0.33742398023605347, 1.6121371984481812, 0.22914215922355652, 0.8496995568275452] [0.2132679671049118, -0.3053079843521118, -0.3145119547843933, 1.1996300220489502, 1.80087411403656, 0.08000000566244125, -0.9096200466156006, -0.8774899840354919]
[-0.03370431438088417, -0.05409218743443489, 0.33719414472579956, 1.6112555265426636, 0.23533040285110474, 0.8598067164421082] [0.2132679671049118, -0.3375219702720642, -0.3237159848213196, 1.2425819635391235, 1.803942084312439, 0.08000000566244125, -0.8942800760269165, -0.8652179837226868]
[-0.0374322384595871, -0.056644413620233536, 0.3373379111289978, 1.6141562461853027, 0.2366771101951599, 0.8625868558883667] [0.2132679671049118, -0.36206597089767456, -0.3283179700374603, 1.2717280387878418, 1.8085440397262573, 0.08000000566244125, -0.8866100311279297, -0.8560140132904053]
[-0.04188624396920204, -0.05939650163054466, 0.3373219966888428, 1.6194859743118286, 0.23891779780387878, 0.8682866096496582] [0.2132679671049118, -0.3896779716014862, -0.3344539701938629, 1.3039419651031494, 1.8116121292114258, 0.08000000566244125, -0.8774060606956482, -0.846809983253479]
[-0.04465667903423309, -0.060424719005823135, 0.3371794819831848, 1.623850703239441, 0.24180744588375092, 0.8743867874145508] [0.2132679671049118, -0.40655195713043213, -0.3375219702720642, 1.337689995765686, 1.8146800994873047, 0.08000000566244125, -0.8697360754013062, -0.839139997959137]
[-0.04819758981466293, -0.060818616300821304, 0.3371342718601227, 1.6255414485931396, 0.24416297674179077, 0.8861263394355774] [0.2132679671049118, -0.4157559871673584, -0.3436579704284668, 1.3530299663543701, 1.8208160400390625, 0.08000000566244125, -0.8605320453643799, -0.8314700126647949]
[-0.05089583247900009, -0.06123039126396179, 0.3369397222995758, 1.627968668937683, 0.24662064015865326, 0.8919329047203064] [0.21480196714401245, -0.4249599575996399, -0.3436579704284668, 1.3622339963912964, 1.822350025177002, 0.08000000566244125, -0.8559300899505615, -0.8284019827842712]
[-0.051301874220371246, -0.06359966099262238, 0.33697953820228577, 1.630647897720337, 0.2417503297328949, 0.8763901591300964] [0.22093796730041504, -0.44336795806884766, -0.34212398529052734, 1.357632040977478, 1.822350025177002, 0.08000000566244125, -0.8528620600700378, -0.8284019827842712]
[-0.05059698596596718, -0.0657452717423439, 0.3372049927711487, 1.62680184841156, 0.23765884339809418, 0.8564842343330383] [0.22247196733951569, -0.4541059732437134, -0.34212398529052734, 1.337689995765686, 1.8208160400390625, 0.08000000566244125, -0.8513280749320984, -0.8284019827842712]
[-0.04875907301902771, -0.06763961911201477, 0.33737802505493164, 1.626977801322937, 0.23142677545547485, 0.8321166634559631] [0.22860796749591827, -0.4541059732437134, -0.3375219702720642, 1.3254179954528809, 1.819282054901123, 0.08000000566244125, -0.8513280749320984, -0.8284019827842712]
[-0.04742393270134926, -0.06873267143964767, 0.33723685145378113, 1.6222569942474365, 0.2285609394311905, 0.814328670501709] [0.23320996761322021, -0.4541059732437134, -0.33598798513412476, 1.3008739948272705, 1.8177480697631836, 0.08000000566244125, -0.8513280749320984, -0.8299359679222107]
[-0.044210050255060196, -0.07107540220022202, 0.33780330419540405, 1.6115920543670654, 0.22196409106254578, 0.7788704633712769] [0.23320996761322021, -0.4541059732437134, -0.33598798513412476, 1.2533199787139893, 1.8146800994873047, 0.08000000566244125, -0.8528620600700378, -0.8299359679222107]
[-0.04003223776817322, -0.07428737729787827, 0.33819860219955444, 1.6028673648834229, 0.2153114229440689, 0.7333784103393555] [0.2362779676914215, -0.4541059732437134, -0.33598798513412476, 1.210368037223816, 1.8131461143493652, 0.08000000566244125, -0.8528620600700378, -0.8314700126647949]
[-0.03623373806476593, -0.07735904306173325, 0.33849048614501953, 1.5948784351348877, 0.20971855521202087, 0.6909207105636597] [0.2393459677696228, -0.4541059732437134, -0.3344539701938629, 1.1643480062484741, 1.8116121292114258, 0.08000000566244125, -0.8559300899505615, -0.8360719680786133]
[-0.032358694821596146, -0.08039657026529312, 0.33908987045288086, 1.5887609720230103, 0.20251214504241943, 0.648834228515625] [0.24087996780872345, -0.4541059732437134, -0.3329199552536011, 1.1183279752731323, 1.8116121292114258, 0.08000000566244125, -0.865134060382843, -0.8498779535293579]
[-0.02814454957842827, -0.08306451886892319, 0.33954378962516785, 1.5827624797821045, 0.20225085318088531, 0.6072776913642883] [0.24087996780872345, -0.4541059732437134, -0.3313859701156616, 1.0891820192337036, 1.8116121292114258, 0.08000000566244125, -0.8743380308151245, -0.8590819835662842]
[-0.023295558989048004, -0.08589357137680054, 0.33978238701820374, 1.5786035060882568, 0.20432695746421814, 0.5643808841705322] [0.24087996780872345, -0.4541059732437134, -0.32985198497772217, 1.0539000034332275, 1.8116121292114258, 0.08000000566244125, -0.8850760459899902, -0.8713539838790894]
[-0.019907871261239052, -0.08783112466335297, 0.33960089087486267, 1.5794711112976074, 0.20548945665359497, 0.5401831269264221] [0.24087996780872345, -0.4541059732437134, -0.3237159848213196, 1.0293560028076172, 1.8116121292114258, 0.08000000566244125, -0.9004160761833191, -0.8836259841918945]
[-0.015221059322357178, -0.09030535817146301, 0.3397592306137085, 1.5852727890014648, 0.20272698998451233, 0.5122967958450317] [0.2393459677696228, -0.4541059732437134, -0.31297796964645386, 1.001744031906128, 1.8116121292114258, 0.08000000566244125, -0.9218920469284058, -0.9081699848175049]
[-0.009617174975574017, -0.09240294247865677, 0.3396977186203003, 1.5987801551818848, 0.20071478188037872, 0.487827867269516] [0.23781196773052216, -0.4541059732437134, -0.29303598403930664, 0.9603259563446045, 1.8116121292114258, 0.08000000566244125, -0.9541060924530029, -0.9480539560317993]
[-0.0001586902217241004, -0.09691961109638214, 0.3393588662147522, 1.6236628293991089, 0.19484743475914001, 0.44243642687797546] [0.2362779676914215, -0.4541059732437134, -0.26082196831703186, 0.912771999835968, 1.8116121292114258, 0.08000000566244125, -0.9955240488052368, -0.9818019866943359]
[0.009654154069721699, -0.10229697823524475, 0.3389796018600464, 1.6408066749572754, 0.1911410093307495, 0.388450026512146] [0.22707396745681763, -0.45563995838165283, -0.23781196773052216, 0.8422079682350159, 1.8100781440734863, 0.08000000566244125, -1.0200680494308472, -1.0048120021820068]
[0.01686636172235012, -0.10746745765209198, 0.3381185531616211, 1.6510528326034546, 0.19035789370536804, 0.33832043409347534] [0.22707396745681763, -0.45563995838165283, -0.22553996741771698, 0.7869839668273926, 1.8116121292114258, 0.08000000566244125, -1.0292720794677734, -1.0094139575958252]
[0.021762166172266006, -0.11328659951686859, 0.3366699814796448, 1.646762728691101, 0.19459113478660583, 0.28414416313171387] [0.22707396745681763, -0.4541059732437134, -0.21786996722221375, 0.7317599654197693, 1.8100781440734863, 0.08000000566244125, -1.0507481098175049, -1.0385600328445435]
[0.028138717636466026, -0.11812139302492142, 0.3379254639148712, 1.6652966737747192, 0.1800215095281601, 0.2388133406639099] [0.21173396706581116, -0.45563995838165283, -0.18258796632289886, 0.696478009223938, 1.8116121292114258, 0.08000000566244125, -1.0937000513076782, -1.0769100189208984]
[0.035025715827941895, -0.12090841680765152, 0.3389440178871155, 1.6863363981246948, 0.17077016830444336, 0.2127750664949417] [0.19792796671390533, -0.45563995838165283, -0.1641799658536911, 0.6750019788742065, 1.8100781440734863, 0.08000000566244125, -1.1167100667953491, -1.0999200344085693]
[0.03972606733441353, -0.12244333326816559, 0.33888375759124756, 1.6912095546722412, 0.17037026584148407, 0.19852879643440247] [0.17184996604919434, -0.45563995838165283, -0.15190796554088593, 0.6565939784049988, 1.8116121292114258, 0.08000000566244125, -1.1611961126327515, -1.1459399461746216]
[0.047748420387506485, -0.12433279305696487, 0.33854302763938904, 1.6970114707946777, 0.1719285547733307, 0.18275019526481628] [0.14577196538448334, -0.45563995838165283, -0.14883996546268463, 0.6489239931106567, 1.8100781440734863, 0.08000000566244125, -1.1949440240859985, -1.1766200065612793]
[0.05428020656108856, -0.12432525306940079, 0.33830052614212036, 1.6993019580841064, 0.1749894618988037, 0.18308502435684204] [0.1181599572300911, -0.4541059732437134, -0.15037396550178528, 0.6473900079727173, 1.8100781440734863, 0.08000000566244125, -1.2041480541229248, -1.1858240365982056]
[0.0573536641895771, -0.12489531934261322, 0.3352367579936981, 1.7026296854019165, 0.19050784409046173, 0.18056510388851166] [0.1181599572300911, -0.45563995838165283, -0.14883996546268463, 0.6473900079727173, 1.8100781440734863, 0.08000000566244125, -1.2026140689849854, -1.187358021736145]
[0.05823132395744324, -0.12490236014127731, 0.33522889018058777, 1.7098827362060547, 0.18869324028491974, 0.18131408095359802] [0.11662595719099045, -0.45563995838165283, -0.12582996487617493, 0.6473900079727173, 1.8116121292114258, 0.08000000566244125, -1.2026140689849854, -1.1858240365982056]
[0.058957383036613464, -0.12556339800357819, 0.3385278582572937, 1.7419888973236084, 0.1629098504781723, 0.17885537445545197] [0.11202395707368851, -0.4617759585380554, -0.050663962960243225, 0.6289819478988647, 1.8116121292114258, 0.08000000566244125, -1.2026140689849854, -1.1858240365982056]
[0.06297937035560608, -0.13913573324680328, 0.35789546370506287, 1.9606043100357056, 0.014023153111338615, 0.06601867824792862] [0.11355795711278915, -0.46330997347831726, 0.2500000596046448, 0.48938798904418945, 1.8116121292114258, 0.08000000566244125, -1.2041480541229248, -1.1888920068740845]
[0.06345785409212112, -0.15842103958129883, 0.36823058128356934, 2.2190334796905518, -0.06521717458963394, -0.08761577308177948] [0.13656796514987946, -0.46637797355651855, 0.5552660226821899, 0.3574639558792114, 1.8116121292114258, 0.08000000566244125, -1.2041480541229248, -1.190425992012024]
[0.06169445812702179, -0.17666016519069672, 0.36650732159614563, 2.4339213371276855, -0.05108293145895004, -0.23300419747829437] [0.15497596561908722, -0.46944597363471985, 0.753152072429657, 0.2362779676914215, 1.8116121292114258, 0.08000000566244125, -1.2041480541229248, -1.190425992012024]
[0.05819489806890488, -0.19235549867153168, 0.3614010214805603, 2.6094071865081787, -0.0016918599139899015, -0.35329869389533997] [0.16264596581459045, -0.4771159887313843, 0.969446063041687, 0.10742195695638657, 1.8116121292114258, 0.08000000566244125, -1.2041480541229248, -1.190425992012024]
[0.05238477885723114, -0.2077246606349945, 0.3531573712825775, 2.7687227725982666, 0.07837340980768204, -0.46520572900772095] [0.1641799658536911, -0.5047279596328735, 1.081428050994873, 0.046061962842941284, 1.8131461143493652, 0.08000000566244125, -1.2041480541229248, -1.190425992012024]
[0.046579282730817795, -0.21764856576919556, 0.3505035936832428, 2.8333475589752197, 0.09947691857814789, -0.5206157565116882] [0.17338396608829498, -0.5400099754333496, 1.1090400218963623, 0.04452796280384064, 1.8208160400390625, 0.08000000566244125, -1.2041480541229248, -1.190425992012024]
[0.042836710810661316, -0.2226850539445877, 0.3476422131061554, 2.846630811691284, 0.11457624286413193, -0.5495143532752991] [0.1963939666748047, -0.5584179759025574, 1.1335840225219727, 0.04299396276473999, 1.822350025177002, 0.08000000566244125, -1.2041480541229248, -1.1919599771499634]
[0.04159647598862648, -0.22340141236782074, 0.33912962675094604, 2.8445611000061035, 0.1552077829837799, -0.5553988814353943] [0.24394796788692474, -0.5584179759025574, 1.1535260677337646, 0.04299396276473999, 1.822350025177002, 0.08000000566244125, -1.2041480541229248, -1.190425992012024]
[0.04045795276761055, -0.22392426431179047, 0.3323783278465271, 2.843951940536499, 0.18704597651958466, -0.5596452951431274] [0.2822979688644409, -0.5584179759025574, 1.1704000234603882, 0.04299396276473999, 1.822350025177002, 0.08000000566244125, -1.2041480541229248, -1.1919599771499634]
[0.039218563586473465, -0.2240607589483261, 0.3268424868583679, 2.841846466064453, 0.21381592750549316, -0.5636953711509705] [0.317579984664917, -0.5584179759025574, 1.1888080835342407, 0.04299396276473999, 1.822350025177002, 0.0796000063419342, -1.2041480541229248, -1.1919599771499634]
[0.03774677962064743, -0.22436074912548065, 0.32068708539009094, 2.839094877243042, 0.24387361109256744, -0.5691275596618652] [0.355929970741272, -0.5584179759025574, 1.2026140689849854, 0.04299396276473999, 1.822350025177002, 0.08000000566244125, -1.2041480541229248, -1.1919599771499634]
[0.036000385880470276, -0.2247033566236496, 0.3147752583026886, 2.83339524269104, 0.2719523310661316, -0.5742512941360474] [0.37740597128868103, -0.5568839907646179, 1.213352084159851, 0.04299396276473999, 1.822350025177002, 0.08000000566244125, -1.2041480541229248, -1.1919599771499634]
[0.03614242374897003, -0.22440579533576965, 0.3145149052143097, 2.8358983993530273, 0.27341946959495544, -0.5729432702064514] [0.37893998622894287, -0.5568839907646179, 1.213352084159851, 0.04299396276473999, 1.8208160400390625, 0.08000000566244125, -1.2041480541229248, -1.1919599771499634]
[0.03629950061440468, -0.2237863391637802, 0.3136608898639679, 2.8314015865325928, 0.2768653929233551, -0.5698347091674805] [0.3835419714450836, -0.5522819757461548, 1.2041480541229248, 0.04452796280384064, 1.823884129524231, 0.08000000566244125, -1.2041480541229248, -1.187358021736145]
[0.03709889575839043, -0.22230218350887299, 0.3128233850002289, 2.8276424407958984, 0.28080156445503235, -0.5620752573013306] [0.3866099715232849, -0.5430779457092285, 1.2041480541229248, 0.04452796280384064, 1.8208160400390625, 0.08000000566244125, -1.2041480541229248, -1.1888920068740845]
[0.03796529024839401, -0.22106805443763733, 0.312274694442749, 2.8284049034118652, 0.283054381608963, -0.5547540783882141] [0.3866099715232849, -0.5384759902954102, 1.2041480541229248, 0.04452796280384064, 1.8208160400390625, 0.08000000566244125, -1.2072160243988037, -1.1888920068740845]
[0.037974677979946136, -0.22107082605361938, 0.312281996011734, 2.829399585723877, 0.2831558287143707, -0.5549454689025879] [0.3866099715232849, -0.5369420051574707, 1.2041480541229248, 0.04452796280384064, 1.822350025177002, 0.08000000566244125, -1.2056820392608643, -1.1888920068740845]
[0.03820348531007767, -0.22100667655467987, 0.3122763931751251, 2.829012632369995, 0.2827319800853729, -0.5542227029800415] [0.3866099715232849, -0.5369420051574707, 1.2041480541229248, 0.04452796280384064, 1.822350025177002, 0.08000000566244125, -1.2056820392608643, -1.1888920068740845]
[0.03824111074209213, -0.22083571553230286, 0.3120427131652832, 2.8277947902679443, 0.2843310236930847, -0.5537624359130859] [0.3866099715232849, -0.5384759902954102, 1.2041480541229248, 0.04452796280384064, 1.822350025177002, 0.08000000566244125, -1.2056820392608643, -1.1888920068740845]
[0.0381830632686615, -0.22113686800003052, 0.3120720684528351, 2.828277587890625, 0.2846575081348419, -0.5555996298789978] [0.3866099715232849, -0.5369420051574707, 1.2041480541229248, 0.04452796280384064, 1.822350025177002, 0.08000000566244125, -1.2072160243988037, -1.1888920068740845]
[0.038367196917533875, -0.22082211077213287, 0.31204676628112793, 2.828876495361328, 0.2847146689891815, -0.5538227558135986] [0.38814395666122437, -0.5384759902954102, 1.2041480541229248, 0.04452796280384064, 1.822350025177002, 0.08000000566244125, -1.2072160243988037, -1.1888920068740845]
[0.0388360321521759, -0.2212703973054886, 0.31091731786727905, 2.8300626277923584, 0.28862449526786804, -0.5536978840827942] [0.3866099715232849, -0.5369420051574707, 1.2041480541229248, 0.04452796280384064, 1.822350025177002, 0.9968000054359436, -1.2072160243988037, -1.190425992012024]
[0.038861338049173355, -0.22117331624031067, 0.3110661208629608, 2.8300867080688477, 0.2880602478981018, -0.5533384084701538] [0.3866099715232849, -0.5369420051574707, 1.2041480541229248, 0.04452796280384064, 1.822350025177002, 0.9968000054359436, -1.2072160243988037, -1.190425992012024]
