[0.050811730325222015, -0.2194480299949646, 0.2981949746608734, 2.7967963218688965, 0.3411405086517334, -0.5514176487922668] [0.3804739713668823, -0.5369420051574707, 1.2087500095367432, 0.055265963077545166, 1.819282054901123, 0.9968000054359436, -1.2977221012115479, -1.2916699647903442]
[0.0503770112991333, -0.21972616016864777, 0.2983172535896301, 2.79607892036438, 0.34089165925979614, -0.5530170202255249] [0.3820079565048218, -0.5384759902954102, 1.2118180990219116, 0.055265963077545166, 1.819282054901123, 0.9968000054359436, -1.2609061002731323, -1.2471840381622314]
[0.04851578176021576, -0.21948689222335815, 0.30102357268333435, 2.8086471557617188, 0.32917994260787964, -0.5491532683372498] [0.3835419714450836, -0.5369420051574707, 1.2148860692977905, 0.055265963077545166, 1.819282054901123, 0.9968000054359436, -1.2394300699234009, -1.2272419929504395]
[0.045829445123672485, -0.2194492071866989, 0.30466505885124207, 2.8188424110412598, 0.31280165910720825, -0.5458891987800598] [0.38507598638534546, -0.5384759902954102, 1.2148860692977905, 0.055265963077545166, 1.819282054901123, 0.9968000054359436, -1.2286920547485352, -1.2165039777755737]
[0.044267162680625916, -0.21933597326278687, 0.30701979994773865, 2.826061725616455, 0.3020970821380615, -0.5441714525222778] [0.38507598638534546, -0.5369420051574707, 1.2148860692977905, 0.05373196303844452, 1.819282054901123, 0.9968000054359436, -1.2256240844726562, -1.2134360074996948]
[0.04288039356470108, -0.21935254335403442, 0.3087465167045593, 2.830608606338501, 0.29468783736228943, -0.5435550808906555] [0.38507598638534546, -0.5384759902954102, 1.213352084159851, 0.05373196303844452, 1.819282054901123, 0.9968000054359436, -1.2256240844726562, -1.2119020223617554]
[0.04229104891419411, -0.21922969818115234, 0.309893935918808, 2.833224058151245, 0.2888667583465576, -0.5419963598251343] [0.3866099715232849, -0.5369420051574707, 1.2148860692977905, 0.05373196303844452, 1.819282054901123, 0.9968000054359436, -1.2256240844726562, -1.2134360074996948]
[0.04174681007862091, -0.2195126712322235, 0.31030234694480896, 2.8326315879821777, 0.2869880795478821, -0.5430969595909119] [0.38507598638534546, -0.5369420051574707, 1.2148860692977905, 0.055265963077545166, 1.819282054901123, 0.06320000439882278, -1.2240900993347168, -1.2119020223617554]
[0.04181375727057457, -0.21949578821659088, 0.3103274405002594, 2.8336586952209473, 0.2871294915676117, -0.5432946681976318] [0.38507598638534546, -0.5384759902954102, 1.2148860692977905, 0.055265963077545166, 1.819282054901123, 0.06280000507831573, -1.2240900993347168, -1.2119020223617554]
[0.04183531552553177, -0.21937690675258636, 0.31020161509513855, 2.8233909606933594, 0.28742292523384094, -0.5426898002624512] [0.38507598638534546, -0.5384759902954102, 1.2026140689849854, 0.055265963077545166, 1.8177480697631836, 0.06280000507831573, -1.2240900993347168, -1.2119020223617554]
[0.04237322509288788, -0.21848054230213165, 0.3108333647251129, 2.8138129711151123, 0.2809371054172516, -0.5358797907829285] [0.38507598638534546, -0.5292719602584839, 1.1872740983963013, 0.07367396354675293, 1.8131461143493652, 0.06280000507831573, -1.2225561141967773, -1.208833932876587]
[0.045511920005083084, -0.2136358767747879, 0.31289029121398926, 2.7993662357330322, 0.2621087431907654, -0.5025532245635986] [0.3804739713668823, -0.5139319896697998, 1.1642640829086304, 0.10895595699548721, 1.8116121292114258, 0.06320000439882278, -1.21642005443573, -1.1965620517730713]
[0.048606883734464645, -0.20740753412246704, 0.31756865978240967, 2.7834815979003906, 0.22113223373889923, -0.45462194085121155] [0.37893998622894287, -0.4970579743385315, 1.1289820671081543, 0.1580439656972885, 1.8100781440734863, 0.06320000439882278, -1.2148860692977905, -1.1934939622879028]
[0.05344298481941223, -0.19627802073955536, 0.32805562019348145, 2.733887195587158, 0.12945206463336945, -0.3616406321525574] [0.3820079565048218, -0.48938798904418945, 0.9955240488052368, 0.3497939705848694, 1.8100781440734863, 0.06280000507831573, -1.213352084159851, -1.1934939622879028]
[0.057890161871910095, -0.1685638725757599, 0.34223511815071106, 2.552006483078003, -0.006572774611413479, -0.13175800442695618] [0.37740597128868103, -0.48938798904418945, 0.7961040735244751, 0.5921659469604492, 1.8100781440734863, 0.06320000439882278, -1.213352084159851, -1.1934939622879028]
[0.05600370839238167, -0.14283810555934906, 0.3500382900238037, 2.4206345081329346, -0.07843655347824097, 0.08263764530420303] [0.37433797121047974, -0.4847859740257263, 0.6810540556907654, 0.7915859818458557, 1.8085440397262573, 0.06280000507831573, -1.213352084159851, -1.1934939622879028]
[0.05073031410574913, -0.12095416337251663, 0.35295233130455017, 2.3425657749176025, -0.11244910955429077, 0.2685515880584717] [0.37433797121047974, -0.47251397371292114, 0.6166260242462158, 0.9173740148544312, 1.8085440397262573, 0.06280000507831573, -1.213352084159851, -1.1919599771499634]
[0.04694020003080368, -0.11032745242118835, 0.35594508051872253, 2.322866678237915, -0.14313627779483795, 0.3585943579673767] [0.37433797121047974, -0.44336795806884766, 0.6028200387954712, 0.9940739870071411, 1.7517861127853394, 0.12520000338554382, -1.213352084159851, -1.190425992012024]
[0.04324068874120712, -0.0956622064113617, 0.3588649034500122, 2.2732863426208496, -0.18183964490890503, 0.4612290561199188] [0.3728039860725403, -0.3896779716014862, 0.6012860536575317, 1.0339579582214355, 1.7349120378494263, 0.06240000203251839, -1.2118180990219116, -1.1888920068740845]
[0.04008862003684044, -0.08162307739257812, 0.36034974455833435, 2.2531001567840576, -0.20773428678512573, 0.5506631731987] [0.3728039860725403, -0.3283179700374603, 0.5920820236206055, 1.0661720037460327, 1.6796880960464478, 0.14319999516010284, -1.2118180990219116, -1.187358021736145]
[0.03586983308196068, -0.06911913305521011, 0.35979628562927246, 2.1724064350128174, -0.21692271530628204, 0.6358198523521423] [0.3728039860725403, -0.28076398372650146, 0.5660040378570557, 1.0983860492706299, 1.6244640350341797, 0.058000002056360245, -1.2118180990219116, -1.187358021736145]
[0.031183240935206413, -0.058751847594976425, 0.36050620675086975, 2.1325418949127197, -0.23300465941429138, 0.7130213379859924] [0.3728039860725403, -0.23474396765232086, 0.5475960373878479, 1.1428719758987427, 1.5477640628814697, 0.21719999611377716, -1.2072160243988037, -1.1812219619750977]
[0.025085993111133575, -0.04870065301656723, 0.36069709062576294, 2.0477192401885986, -0.24377746880054474, 0.7936752438545227] [0.37126997113227844, -0.19485996663570404, 0.5230520367622375, 1.172018051147461, 1.5293561220169067, 0.06400000303983688, -1.1995460987091064, -1.1658819913864136]
[0.018440065905451775, -0.038492877036333084, 0.3618943393230438, 2.0246667861938477, -0.2558157444000244, 0.8716700077056885] [0.37126997113227844, -0.12582996487617493, 0.4923720359802246, 1.190425992012024, 1.5109480619430542, 0.06160000339150429, -1.1765360832214355, -1.1382700204849243]
[0.008905117399990559, -0.02473572827875614, 0.36242806911468506, 1.9946727752685547, -0.2568686604499817, 0.9696564674377441] [0.3728039860725403, -0.05219796299934387, 0.43254604935646057, 1.1919599771499634, 1.5063461065292358, 0.06200000271201134, -1.1504580974578857, -1.1167939901351929]
[-0.0002382357488386333, -0.015428281389176846, 0.3599667549133301, 1.9513238668441772, -0.22399429976940155, 1.0425620079040527] [0.3728039860725403, -0.02765396237373352, 0.37272006273269653, 1.1934939622879028, 1.5063461065292358, 0.06200000271201134, -1.1274480819702148, -1.090716004371643]
[-0.007055514957755804, -0.01163583155721426, 0.3580196797847748, 1.9094783067703247, -0.19350016117095947, 1.079720377922058] [0.37433797121047974, -0.01844996213912964, 0.3282340466976166, 1.202697992324829, 1.5063461065292358, 0.06200000271201134, -1.1029040813446045, -1.0631040334701538]
[-0.017284028232097626, -0.006817291956394911, 0.3568865656852722, 1.8641060590744019, -0.17059865593910217, 1.1368074417114258] [0.3804739713668823, 0.001492038369178772, 0.2806800603866577, 1.2211060523986816, 1.5048121213912964, 0.06200000271201134, -1.0752921104431152, -1.040094017982483]
[-0.025741254910826683, -0.003000430529937148, 0.3545536696910858, 1.8278483152389526, -0.14235709607601166, 1.1826614141464233] [0.38507598638534546, 0.013764038681983948, 0.2208540439605713, 1.2318439483642578, 1.5063461065292358, 0.06200000271201134, -1.0507481098175049, -1.0109479427337646]
[-0.03293119743466377, -5.155594044481404e-05, 0.35252878069877625, 1.7881269454956055, -0.11268807202577591, 1.2152475118637085] [0.38507598638534546, 0.030638039112091064, 0.1886400431394577, 1.2303099632263184, 1.5063461065292358, 0.06200000271201134, -1.0292720794677734, -0.989471971988678]
[-0.039448365569114685, 0.00268478668294847, 0.35153740644454956, 1.7577319145202637, -0.09438063949346542, 1.2431472539901733] [0.39121198654174805, 0.04444403946399689, 0.15489204227924347, 1.2318439483642578, 1.5063461065292358, 0.06200000271201134, -1.010864019393921, -0.9710639715194702]
[-0.04540805518627167, 0.0039240592159330845, 0.3454526960849762, 1.7424912452697754, -0.051082879304885864, 1.2568142414093018] [0.4157559871673584, 0.045978039503097534, 0.10580404102802277, 1.2303099632263184, 1.5063461065292358, 0.06200000271201134, -0.9847860336303711, -0.9465199708938599]
[-0.05210855230689049, 0.004326741211116314, 0.3377353847026825, 1.7364838123321533, -0.0040724193677306175, 1.2653144598007202] [0.4541059732437134, 0.045978039503097534, 0.07359004020690918, 1.228775978088379, 1.5063461065292358, 0.06200000271201134, -0.969446063041687, -0.9327139854431152]
[-0.05439654737710953, 0.004390885587781668, 0.3382461667060852, 1.720630168914795, -0.002260192297399044, 1.2651363611221313] [0.4541059732437134, 0.045978039503097534, 0.06898804008960724, 1.2272419929504395, 1.5063461065292358, 0.06200000271201134, -0.9648440480232239, -0.9296460151672363]
[-0.055399537086486816, 0.004219939932227135, 0.3388367295265198, 1.7130202054977417, -0.004612672608345747, 1.2622522115707397] [0.4541059732437134, 0.04444403946399689, 0.06898804008960724, 1.2211060523986816, 1.5063461065292358, 0.06200000271201134, -0.9663780927658081, -0.9327139854431152]
[-0.054483309388160706, 0.003949386067688465, 0.33869943022727966, 1.7132933139801025, -0.0027268906123936176, 1.254740595817566] [0.4541059732437134, 0.04444403946399689, 0.06898804008960724, 1.205765962600708, 1.5063461065292358, 0.06200000271201134, -0.9679120779037476, -0.9357819557189941]
[-0.05195853114128113, 0.003050136147066951, 0.33851784467697144, 1.7139344215393066, 0.000277948216535151, 1.234917402267456] [0.4525719881057739, 0.04137603938579559, 0.07052204012870789, 1.2011640071868896, 1.5048121213912964, 0.06160000339150429, -0.9740480780601501, -0.9388499855995178]
[-0.05028253048658371, 0.0023184390738606453, 0.33812448382377625, 1.714938759803772, 0.002956056036055088, 1.2259374856948853] [0.44950395822525024, 0.035240039229393005, 0.07052204012870789, 1.1934939622879028, 1.5032780170440674, 0.06200000271201134, -0.9817180633544922, -0.9465199708938599]
[-0.04772988706827164, 0.001885031582787633, 0.33836305141448975, 1.7049003839492798, 0.004847543314099312, 1.2139384746551514] [0.4418339729309082, 0.03217203915119171, 0.07205604016780853, 1.1796879768371582, 1.4910061359405518, 0.06160000339150429, -0.9970580339431763, -0.9649279713630676]
[-0.04245965555310249, -0.000133777255541645, 0.337605744600296, 1.7058665752410889, 0.00934841949492693, 1.1846495866775513] [0.43723195791244507, 0.02296803891658783, 0.07819204032421112, 1.1612800359725952, 1.4894720315933228, 0.06160000339150429, -1.0123980045318604, -1.0002100467681885]
[-0.02887541987001896, -0.001967616146430373, 0.33678144216537476, 1.6941972970962524, 0.023954447358846664, 1.1301000118255615] [0.40041595697402954, 0.02296803891658783, 0.07819204032421112, 1.109123945236206, 1.4679961204528809, 0.06200000271201134, -1.0476800203323364, -1.012481927871704]
[-0.024481385946273804, -0.0027436225209385157, 0.3355940282344818, 1.7002038955688477, 0.03255181759595871, 1.1125150918960571] [0.3896779716014862, 0.02296803891658783, 0.07819204032421112, 1.090716004371643, 1.4572581052780151, 0.06160000339150429, -1.0568840503692627, -1.078444004058838]
[-0.0018202572828158736, -0.006909830030053854, 0.33784741163253784, 1.6230647563934326, 0.03878692910075188, 1.0326335430145264] [0.29610395431518555, 0.021434038877487183, 0.07819204032421112, 1.0109479427337646, 1.402034044265747, 0.06200000271201134, -1.1473901271820068, -1.1152600049972534]
[0.005487796384841204, -0.008246942423284054, 0.3380803167819977, 1.6022987365722656, 0.040243227034807205, 1.0105003118515015] [0.2654239535331726, 0.021434038877487183, 0.07819204032421112, 0.99714195728302, 1.3958981037139893, 0.06200000271201134, -1.1642640829086304, -1.1336679458618164]
[0.011219068430364132, -0.009592808783054352, 0.3376733362674713, 1.6012423038482666, 0.045348864048719406, 0.9853168725967407] [0.24701596796512604, 0.021434038877487183, 0.07819204032421112, 0.9403839707374573, 1.3958981037139893, 0.06200000271201134, -1.1949440240859985, -1.1643480062484741]
[0.023225506767630577, -0.013111027888953686, 0.3369186222553253, 1.5948493480682373, 0.055341627448797226, 0.9239250421524048] [0.2132679671049118, 0.021434038877487183, 0.07819204032421112, 0.9004999995231628, 1.3958981037139893, 0.06200000271201134, -1.2072160243988037, -1.1781539916992188]
[0.02817401848733425, -0.014912551268935204, 0.3369612693786621, 1.5916486978530884, 0.05835503712296486, 0.8951718211174011] [0.1963939666748047, 0.026036038994789124, 0.07819204032421112, 0.8636839985847473, 1.3958981037139893, 0.06160000339150429, -1.2148860692977905, -1.1858240365982056]
[0.03156038746237755, -0.014312791638076305, 0.3361661732196808, 1.5919841527938843, 0.06318392604589462, 0.8803309202194214] [0.1933259665966034, 0.039842039346694946, 0.07972604036331177, 0.8360719680786133, 1.3958981037139893, 0.06200000271201134, -1.2148860692977905, -1.1858240365982056]
[0.03514256328344345, -0.01597893238067627, 0.3348020911216736, 1.5962505340576172, 0.0710657462477684, 0.8503330945968628] [0.1933259665966034, 0.039842039346694946, 0.07972604036331177, 0.8115279674530029, 1.3943641185760498, 0.06160000339150429, -1.2148860692977905, -1.1858240365982056]
[0.036896925419569016, -0.016654033213853836, 0.3341316282749176, 1.5948107242584229, 0.07526399940252304, 0.8340159058570862] [0.19179196655750275, 0.04904603958129883, 0.07972604036331177, 0.7777799963951111, 1.3958981037139893, 0.06200000271201134, -1.2148860692977905, -1.1858240365982056]
[0.0402853861451149, -0.01734914444386959, 0.3338647782802582, 1.5903352499008179, 0.08025600761175156, 0.8007131218910217] [0.18872396647930145, 0.06285203993320465, 0.07972604036331177, 0.7317599654197693, 1.3943641185760498, 0.06160000339150429, -1.2148860692977905, -1.1858240365982056]
[0.041290272027254105, -0.016528906300663948, 0.3346075117588043, 1.584760308265686, 0.07943009585142136, 0.7851191759109497] [0.1841219663619995, 0.08279404044151306, 0.07972604036331177, 0.6903419494628906, 1.3943641185760498, 0.06160000339150429, -1.21642005443573, -1.187358021736145]
[0.041966892778873444, -0.014897889457643032, 0.33548131585121155, 1.5793923139572144, 0.07816891372203827, 0.7727763056755066] [0.18258796632289886, 0.09813404083251953, 0.07972604036331177, 0.6719340085983276, 1.3943641185760498, 0.06160000339150429, -1.2148860692977905, -1.1858240365982056]
[0.04193655028939247, -0.01460067555308342, 0.3365403711795807, 1.5777772665023804, 0.07391786575317383, 0.7693223357200623] [0.17951996624469757, 0.09813404083251953, 0.08126004040241241, 0.6734679937362671, 1.3943641185760498, 0.06160000339150429, -1.21642005443573, -1.1842899322509766]
[0.041284140199422836, -0.014030415564775467, 0.3375679552555084, 1.5727511644363403, 0.06960199773311615, 0.7755756974220276] [0.17491796612739563, 0.09813404083251953, 0.07665804028511047, 0.6796039938926697, 1.3958981037139893, 0.06160000339150429, -1.2148860692977905, -1.182755947113037]
[0.04020371660590172, -0.01372596900910139, 0.33801034092903137, 1.5703099966049194, 0.06857248395681381, 0.7851065993309021] [0.17184996604919434, 0.0904640406370163, 0.07205604016780853, 0.6980119943618774, 1.4081701040267944, 0.06160000339150429, -1.2118180990219116, -1.1766200065612793]
[0.039374981075525284, -0.014851677231490612, 0.3391762375831604, 1.5730788707733154, 0.06524422019720078, 0.7852339148521423] [0.1703159660100937, 0.08126004040241241, 0.07052204012870789, 0.70414799451828, 1.4112380743026733, 0.06200000271201134, -1.2041480541229248, -1.1689499616622925]
[0.03837234154343605, -0.015290513634681702, 0.33974626660346985, 1.5692118406295776, 0.06283578276634216, 0.7852268218994141] [0.17338396608829498, 0.07819204032421112, 0.06745404005050659, 0.7072159647941589, 1.4127720594406128, 0.06160000339150429, -1.1964781284332275, -1.1582119464874268]
[0.03748735785484314, -0.0166106466203928, 0.3398788571357727, 1.5666602849960327, 0.06291136890649796, 0.7808683514595032] [0.17645196616649628, 0.07052204012870789, 0.0643860399723053, 0.714885950088501, 1.4143060445785522, 0.06160000339150429, -1.1765360832214355, -1.1382700204849243]
[0.03384797275066376, -0.01643970236182213, 0.3398345708847046, 1.5640662908554077, 0.06479527801275253, 0.7892146110534668] [0.1902579665184021, 0.06898804008960724, 0.05211403965950012, 0.7210220098495483, 1.421976089477539, 0.06160000339150429, -1.1611961126327515, -1.1244640350341797]
[0.03136914223432541, -0.016634786501526833, 0.3400847315788269, 1.5576974153518677, 0.06638850271701813, 0.7897943258285522] [0.19946196675300598, 0.06745404005050659, 0.045978039503097534, 0.7271579504013062, 1.425044059753418, 0.06200000271201134, -1.1489241123199463, -1.1106579303741455]
[0.027923544868826866, -0.01726572774350643, 0.34022706747055054, 1.561496615409851, 0.06590410321950912, 0.7945036888122559] [0.2101999670267105, 0.05671603977680206, 0.04291003942489624, 0.7394299507141113, 1.4342480897903442, 0.06160000339150429, -1.1335840225219727, -1.0983860492706299]
[0.02568723075091839, -0.017873642966151237, 0.3401930630207062, 1.5662336349487305, 0.0664946660399437, 0.7977561950683594] [0.22400596737861633, 0.039842039346694946, 0.03677403926849365, 0.7563039660453796, 1.4557241201400757, 0.06160000339150429, -1.1167100667953491, -1.078444004058838]
[0.022125083953142166, -0.021309135481715202, 0.34003153443336487, 1.5807594060897827, 0.06933536380529404, 0.7936338186264038] [0.23781196773052216, 0.013764038681983948, 0.03217203915119171, 0.78084796667099, 1.4664621353149414, 0.06160000339150429, -1.101370096206665, -1.0646380186080933]
[0.019157683476805687, -0.024780351668596268, 0.3400648832321167, 1.5868775844573975, 0.06889816373586655, 0.7905605435371399] [0.251617968082428, -0.015381962060928345, 0.03217203915119171, 0.8069260120391846, 1.4756660461425781, 0.06160000339150429, -1.0875641107559204, -1.0508320331573486]
[0.015928965061903, -0.02755986526608467, 0.3399888277053833, 1.5920791625976562, 0.06834156066179276, 0.7905855178833008] [0.2654239535331726, -0.04759596288204193, 0.026036038994789124, 0.8422079682350159, 1.4925401210784912, 0.06200000271201134, -1.0706900358200073, -1.0339579582214355]
[0.012631017714738846, -0.031097738072276115, 0.33990612626075745, 1.6008894443511963, 0.07203607261180878, 0.7911807894706726] [0.2776959538459778, -0.08134396374225616, 0.015298038721084595, 0.8805580139160156, 1.5063461065292358, 0.06160000339150429, -1.0584180355072021, -1.0216859579086304]
[0.009480472654104233, -0.03503783047199249, 0.3397510051727295, 1.6036068201065063, 0.07602664828300476, 0.7901647090911865] [0.28383195400238037, -0.11969395726919174, 0.006094038486480713, 0.9112379550933838, 1.518618106842041, 0.06160000339150429, -1.0476800203323364, -1.0109479427337646]
[0.005511838477104902, -0.039597950875759125, 0.3396669030189514, 1.6047626733779907, 0.08046238869428635, 0.790588915348053] [0.2884339690208435, -0.16264596581459045, -0.00771196186542511, 0.9541900157928467, 1.5324240922927856, 0.06160000339150429, -1.0338740348815918, -1.0002100467681885]
[0.002042182721197605, -0.04252222552895546, 0.3396969735622406, 1.60044264793396, 0.08601050078868866, 0.7955415844917297] [0.28996795415878296, -0.19792796671390533, -0.0368579626083374, 1.020151972770691, 1.5615700483322144, 0.06200000271201134, -1.0262041091918945, -0.9925400018692017]
[-0.003926482051610947, -0.04480283707380295, 0.33883941173553467, 1.6180379390716553, 0.10221310704946518, 0.8254069685935974] [0.2884339690208435, -0.24087996780872345, -0.055265963077545166, 1.0769100189208984, 1.5876480340957642, 0.06200000271201134, -1.0185340642929077, -0.9848699569702148]
[-0.007735246792435646, -0.047458961606025696, 0.33883464336395264, 1.627873420715332, 0.10897412151098251, 0.8361333012580872] [0.2884339690208435, -0.26695796847343445, -0.0629359632730484, 1.1014540195465088, 1.5968520641326904, 0.06200000271201134, -1.0139321088790894, -0.978734016418457]
[-0.010858484543859959, -0.0495159812271595, 0.3389407694339752, 1.6274336576461792, 0.1132955402135849, 0.8451526165008545] [0.2884339690208435, -0.2915019690990448, -0.07367396354675293, 1.1428719758987427, 1.5999200344085693, 0.06200000271201134, -1.0093300342559814, -0.9756659865379333]
[-0.014878190122544765, -0.05034834146499634, 0.33875417709350586, 1.6281551122665405, 0.11848939210176468, 0.8665429353713989] [0.2884339690208435, -0.31297796964645386, -0.08134396374225616, 1.1858240365982056, 1.6075900793075562, 0.06200000271201134, -1.0031940937042236, -0.9695299863815308]
[-0.018214624375104904, -0.051085371524095535, 0.338268905878067, 1.6283161640167236, 0.1262529045343399, 0.8817179799079895] [0.2884339690208435, -0.3283179700374603, -0.09514996409416199, 1.2149699926376343, 1.6121920347213745, 0.06200000271201134, -0.9939900636672974, -0.9603259563446045]
[-0.021849382668733597, -0.05260719731450081, 0.33793866634368896, 1.6296414136886597, 0.13358385860919952, 0.8936150074005127] [0.2884339690208435, -0.3528619706630707, -0.10895595699548721, 1.248718023300171, 1.6183280944824219, 0.06200000271201134, -0.9832520484924316, -0.9480539560317993]
[-0.02555065229535103, -0.05377570912241936, 0.337698757648468, 1.6213510036468506, 0.13964542746543884, 0.9035841226577759] [0.2884339690208435, -0.37126997113227844, -0.12122795730829239, 1.279397964477539, 1.6183280944824219, 0.06200000271201134, -0.9725140333175659, -0.9388499855995178]
[-0.029450921341776848, -0.055500391870737076, 0.3375871479511261, 1.614266276359558, 0.14426220953464508, 0.9119312763214111] [0.2884339690208435, -0.3927459716796875, -0.12889796495437622, 1.3100780248641968, 1.6183280944824219, 0.06200000271201134, -0.9663780927658081, -0.9342479705810547]
[-0.03286915272474289, -0.05751197040081024, 0.3377573490142822, 1.611229419708252, 0.14702065289020538, 0.9188680052757263] [0.28689998388290405, -0.42035797238349915, -0.1381019651889801, 1.3422919511795044, 1.6259980201721191, 0.06200000271201134, -0.9602420330047607, -0.9327139854431152]
[-0.035616274923086166, -0.05889729782938957, 0.33768975734710693, 1.6204560995101929, 0.15074294805526733, 0.9261652231216431] [0.28689998388290405, -0.4387659728527069, -0.14270396530628204, 1.3775739669799805, 1.6367360353469849, 0.06200000271201134, -0.961776077747345, -0.9327139854431152]
[-0.03872065618634224, -0.0594320073723793, 0.3376214802265167, 1.6331114768981934, 0.15515948832035065, 0.9428018927574158] [0.2853659689426422, -0.4541059732437134, -0.14883996546268463, 1.414389967918396, 1.6505420207977295, 0.06200000271201134, -0.9602420330047607, -0.9327139854431152]
[-0.04259011521935463, -0.058807600289583206, 0.3370085656642914, 1.65387761592865, 0.16192154586315155, 0.9723792672157288] [0.2853659689426422, -0.4648439884185791, -0.15650996565818787, 1.4420020580291748, 1.6628141403198242, 0.06200000271201134, -0.9602420330047607, -0.9327139854431152]
[-0.04565921798348427, -0.05935315042734146, 0.33677640557289124, 1.6723359823226929, 0.16694460809230804, 0.9910094738006592] [0.2853659689426422, -0.48631995916366577, -0.16264596581459045, 1.4803520441055298, 1.6796880960464478, 0.06200000271201134, -0.9602420330047607, -0.9327139854431152]
[-0.046347495168447495, -0.06083639711141586, 0.3364482522010803, 1.6812669038772583, 0.17185452580451965, 0.9880215525627136] [0.2853659689426422, -0.49552398920059204, -0.1641799658536911, 1.4818860292434692, 1.6812220811843872, 0.06200000271201134, -0.9602420330047607, -0.9327139854431152]
[-0.0464000329375267, -0.060732610523700714, 0.3364453911781311, 1.6809256076812744, 0.1722155064344406, 0.9879077672958374] [0.2853659689426422, -0.49552398920059204, -0.1641799658536911, 1.4772839546203613, 1.6735520362854004, 0.06200000271201134, -0.961776077747345, -0.9342479705810547]
[-0.04496578499674797, -0.06164431944489479, 0.33652806282043457, 1.6647483110427856, 0.1699683666229248, 0.9739387035369873] [0.28076398372650146, -0.4970579743385315, -0.1611119657754898, 1.4604099988937378, 1.6474740505218506, 0.06200000271201134, -0.9679120779037476, -0.9403839707374573]
[-0.04253716766834259, -0.06261854618787766, 0.33707669377326965, 1.6302813291549683, 0.16526344418525696, 0.9548184871673584] [0.27616196870803833, -0.4970579743385315, -0.1580439656972885, 1.4481379985809326, 1.6244640350341797, 0.06200000271201134, -0.9740480780601501, -0.9449859857559204]
[-0.04060998558998108, -0.06311856210231781, 0.33760929107666016, 1.6110758781433105, 0.1604706048965454, 0.9457101821899414] [0.2715599536895752, -0.4970579743385315, -0.15344196557998657, 1.4420020580291748, 1.6137261390686035, 0.06200000271201134, -0.9832520484924316, -0.9572579860687256]
[-0.03779611736536026, -0.06345371901988983, 0.33772605657577515, 1.6046942472457886, 0.16192451119422913, 0.9368109107017517] [0.26695796847343445, -0.5001260042190552, -0.14883996546268463, 1.4251279830932617, 1.6029881238937378, 0.06200000271201134, -0.9985920786857605, -0.9741320013999939]
[-0.03217904269695282, -0.06489725410938263, 0.33746883273124695, 1.5949503183364868, 0.16910149157047272, 0.907076358795166] [0.2562199831008911, -0.5001260042190552, -0.14730596542358398, 1.391379952430725, 1.5861140489578247, 0.06200000271201134, -1.0170000791549683, -0.9910060167312622]
[-0.026231255382299423, -0.06682981550693512, 0.3376860022544861, 1.570237636566162, 0.17116913199424744, 0.8743536472320557] [0.2393459677696228, -0.5001260042190552, -0.14730596542358398, 1.3499619960784912, 1.560036063194275, 0.06200000271201134, -1.0292720794677734, -1.0032780170440674]
[-0.018443355336785316, -0.07011964917182922, 0.33721333742141724, 1.5492384433746338, 0.17561691999435425, 0.8242364525794983] [0.23014196753501892, -0.5001260042190552, -0.14730596542358398, 1.319282054901123, 1.556968092918396, 0.06160000339150429, -1.0384761095046997, -1.0094139575958252]
[-0.013886270113289356, -0.07221930474042892, 0.3366973400115967, 1.538575291633606, 0.17886102199554443, 0.7948669195175171] [0.22400596737861633, -0.5001260042190552, -0.14577196538448334, 1.2932039499282837, 1.5446960926055908, 0.06200000271201134, -1.046146035194397, -1.020151972770691]
[-0.009704929776489735, -0.0742848813533783, 0.3368181884288788, 1.5161187648773193, 0.1772148460149765, 0.7667502164840698] [0.21480196714401245, -0.5001260042190552, -0.14577196538448334, 1.2625240087509155, 1.5278220176696777, 0.06200000271201134, -1.0568840503692627, -1.032423973083496]
[-0.005268361885100603, -0.07653212547302246, 0.3367365002632141, 1.502995252609253, 0.17754368484020233, 0.7374719381332397] [0.20406396687030792, -0.5001260042190552, -0.14577196538448334, 1.2349120378494263, 1.515550136566162, 0.06200000271201134, -1.0722240209579468, -1.0462299585342407]
[-0.00034148263512179255, -0.07922182977199554, 0.33683446049690247, 1.4852842092514038, 0.17681778967380524, 0.703485369682312] [0.1933259665966034, -0.5001260042190552, -0.14577196538448334, 1.1950279474258423, 1.5048121213912964, 0.06200000271201134, -1.0875641107559204, -1.0615699291229248]
[0.004377176985144615, -0.08158459514379501, 0.33702656626701355, 1.4727938175201416, 0.17614693939685822, 0.6741533279418945] [0.17951996624469757, -0.5001260042190552, -0.14577196538448334, 1.1628140211105347, 1.501744031906128, 0.06200000271201134, -1.0998361110687256, -1.0769100189208984]
[0.010290111415088177, -0.08452942222356796, 0.3368763327598572, 1.467275857925415, 0.17763973772525787, 0.6388339400291443] [0.1672479659318924, -0.5001260042190552, -0.14577196538448334, 1.1367360353469849, 1.501744031906128, 0.06200000271201134, -1.1151760816574097, -1.090716004371643]
[0.015060460194945335, -0.08699814975261688, 0.3369729816913605, 1.4630215167999268, 0.17767980694770813, 0.6094741225242615] [0.15650996565818787, -0.5001260042190552, -0.14577196538448334, 1.1060559749603271, 1.501744031906128, 0.06200000271201134, -1.1259140968322754, -1.1029880046844482]
[0.01898798905313015, -0.08909331262111664, 0.33636748790740967, 1.460512638092041, 0.18061251938343048, 0.5866947770118713] [0.14730596542358398, -0.5001260042190552, -0.14577196538448334, 1.0799779891967773, 1.501744031906128, 0.06200000271201134, -1.1412540674209595, -1.1198619604110718]
[0.023106589913368225, -0.0912228524684906, 0.3364419639110565, 1.4588117599487305, 0.1801796704530716, 0.5635434985160828] [0.13349996507167816, -0.5001260042190552, -0.14577196538448334, 1.0631040334701538, 1.5002100467681885, 0.06200000271201134, -1.1596620082855225, -1.1352019309997559]
[0.02779388427734375, -0.09314800798892975, 0.33696532249450684, 1.453041911125183, 0.17693036794662476, 0.5432602167129517] [0.11662595719099045, -0.5001260042190552, -0.14577196538448334, 1.0462299585342407, 1.501744031906128, 0.06160000339150429, -1.1719341278076172, -1.1505420207977295]
[0.031768400222063065, -0.09521425515413284, 0.336770623922348, 1.4505667686462402, 0.17699474096298218, 0.5217410922050476] [0.10588795691728592, -0.5001260042190552, -0.14577196538448334, 1.0216859579086304, 1.5002100467681885, 0.06200000271201134, -1.1857401132583618, -1.1643480062484741]
[0.035717420279979706, -0.09717775136232376, 0.3363003134727478, 1.449317216873169, 0.17878879606723785, 0.5019360184669495] [0.09361596405506134, -0.5001260042190552, -0.14577196538448334, 1.0063459873199463, 1.5002100467681885, 0.06200000271201134, -1.201080083847046, -1.1781539916992188]
[0.03877079114317894, -0.09814248979091644, 0.33642035722732544, 1.4478565454483032, 0.1775069534778595, 0.49265649914741516] [0.08134396374225616, -0.5001260042190552, -0.14577196538448334, 0.9956079721450806, 1.5002100467681885, 0.06160000339150429, -1.2118180990219116, -1.1888920068740845]
[0.04209185764193535, -0.10012319684028625, 0.33547723293304443, 1.447374939918518, 0.18116509914398193, 0.47297289967536926] [0.07520796358585358, -0.5001260042190552, -0.14577196538448334, 0.9710639715194702, 1.5002100467681885, 0.06200000271201134, -1.2148860692977905, -1.190425992012024]
[0.04475871101021767, -0.10244491696357727, 0.3343680500984192, 1.4458298683166504, 0.18625514209270477, 0.4486023187637329] [0.07520796358585358, -0.5001260042190552, -0.14577196538448334, 0.9526559710502625, 1.5002100467681885, 0.06160000339150429, -1.213352084159851, -1.190425992012024]
[0.04600720852613449, -0.10400485247373581, 0.3339419960975647, 1.444319725036621, 0.18726061284542084, 0.4332520365715027] [0.07520796358585358, -0.5001260042190552, -0.14577196538448334, 0.9311800003051758, 1.5002100467681885, 0.06200000271201134, -1.213352084159851, -1.190425992012024]
[0.04738673195242882, -0.1059463769197464, 0.3338874280452728, 1.4409126043319702, 0.18715034425258636, 0.41305968165397644] [0.07520796358585358, -0.5001260042190552, -0.14577196538448334, 0.9219759702682495, 1.5002100467681885, 0.06200000271201134, -1.213352084159851, -1.190425992012024]
[0.04757694900035858, -0.10568015277385712, 0.333741694688797, 1.4415892362594604, 0.18769502639770508, 0.4148779809474945] [0.07674196362495422, -0.5001260042190552, -0.14577196538448334, 0.9219759702682495, 1.5002100467681885, 0.06200000271201134, -1.213352084159851, -1.190425992012024]
[0.047699399292469025, -0.10606631636619568, 0.3340570330619812, 1.4456816911697388, 0.18415920436382294, 0.41207489371299744] [0.07674196362495422, -0.5047279596328735, -0.11969395726919174, 0.9189079999923706, 1.5002100467681885, 0.06200000271201134, -1.2148860692977905, -1.190425992012024]
[0.048788249492645264, -0.11073067039251328, 0.33819878101348877, 1.4736037254333496, 0.14851179718971252, 0.3797425329685211] [0.07980996370315552, -0.5430779457092285, -0.05833396315574646, 0.8928300142288208, 1.5002100467681885, 0.06200000271201134, -1.213352084159851, -1.190425992012024]
[0.05340332165360451, -0.12912090122699738, 0.35145825147628784, 1.5799164772033691, 0.03376632183790207, 0.23528647422790527] [0.09668396413326263, -0.5676219463348389, 0.1886400431394577, 0.7363619804382324, 1.501744031906128, 0.06200000271201134, -1.213352084159851, -1.1934939622879028]
[0.0585668720304966, -0.15377037227153778, 0.36898288130760193, 1.7937215566635132, -0.10000074654817581, 0.014556482434272766] [0.10128595679998398, -0.5660879611968994, 0.44175004959106445, 0.5568839907646179, 1.5063461065292358, 0.06200000271201134, -1.2148860692977905, -1.1934939622879028]
[0.05823201313614845, -0.17548756301403046, 0.3723753094673157, 2.0143332481384277, -0.12391243129968643, -0.1691398024559021] [0.12276195734739304, -0.5660879611968994, 0.6473060846328735, 0.4157559871673584, 1.5324240922927856, 0.06200000271201134, -1.2148860692977905, -1.1934939622879028]
[0.05511704459786415, -0.1950850635766983, 0.3693302869796753, 2.2628350257873535, -0.09186230599880219, -0.33110183477401733] [0.14577196538448334, -0.56455397605896, 0.8896780610084534, 0.2715599536895752, 1.552366018295288, 0.06120000407099724, -1.2148860692977905, -1.1934939622879028]
[0.04955541342496872, -0.21420754492282867, 0.3598017990589142, 2.5405194759368896, 0.0019014920108020306, -0.4850902259349823] [0.1580439656972885, -0.5630199909210205, 1.1796040534973145, 0.06907196342945099, 1.560036063194275, 0.06120000407099724, -1.2148860692977905, -1.1919599771499634]
[0.04373103380203247, -0.22581101953983307, 0.3476332426071167, 2.826333999633789, 0.11362084746360779, -0.5689330697059631] [0.1871899664402008, -0.56455397605896, 1.4894720315933228, 0.030721962451934814, 1.560036063194275, 0.06120000407099724, -1.2148860692977905, -1.1919599771499634]
[0.04148260876536369, -0.22815071046352386, 0.34082430601119995, 2.964993476867676, 0.1470257192850113, -0.5773046612739563] [0.2163359671831131, -0.5630199909210205, 1.5247540473937988, 0.02765396237373352, 1.5738420486450195, 0.06600000709295273, -1.2148860692977905, -1.1934939622879028]
[0.04053911194205284, -0.22815461456775665, 0.3340759873390198, 2.9659039974212646, 0.17940162122249603, -0.5794174671173096] [0.25928795337677, -0.5630199909210205, 1.5262880325317383, 0.029187962412834167, 1.579978108406067, 0.06160000339150429, -1.2148860692977905, -1.1934939622879028]
[0.0385771282017231, -0.2282114326953888, 0.32446449995040894, 2.939868450164795, 0.22559882700443268, -0.5858559012413025] [0.3114439845085144, -0.5630199909210205, 1.5262880325317383, 0.029187962412834167, 1.579978108406067, 0.06160000339150429, -1.2148860692977905, -1.1934939622879028]
[0.03654377534985542, -0.22824862599372864, 0.31565970182418823, 2.911203384399414, 0.26836341619491577, -0.592785120010376] [0.3758719563484192, -0.5630199909210205, 1.5278220176696777, 0.029187962412834167, 1.5830460786819458, 0.06160000339150429, -1.2148860692977905, -1.1934939622879028]
[0.03532484918832779, -0.22836129367351532, 0.31167569756507874, 2.9028069972991943, 0.28756773471832275, -0.5965458154678345] [0.3804739713668823, -0.5630199909210205, 1.5293561220169067, 0.029187962412834167, 1.5830460786819458, 0.06160000339150429, -1.2148860692977905, -1.1919599771499634]
[0.03549850359559059, -0.22808387875556946, 0.3110613524913788, 2.901179790496826, 0.2908955216407776, -0.5955246090888977] [0.3835419714450836, -0.561486005783081, 1.5293561220169067, 0.029187962412834167, 1.5830460786819458, 0.06160000339150429, -1.2148860692977905, -1.1919599771499634]
[0.036714065819978714, -0.22615641355514526, 0.31058070063591003, 2.9033989906311035, 0.29275578260421753, -0.584433913230896] [0.38507598638534546, -0.5476799607276917, 1.5278220176696777, 0.030721962451934814, 1.5830460786819458, 0.06160000339150429, -1.2148860692977905, -1.1919599771499634]
[0.03816313296556473, -0.2236800491809845, 0.3096955716609955, 2.9073452949523926, 0.29647356271743774, -0.5704569220542908] [0.38507598638534546, -0.5384759902954102, 1.5278220176696777, 0.030721962451934814, 1.5830460786819458, 0.06160000339150429, -1.2148860692977905, -1.1919599771499634]
[0.037927329540252686, -0.22397339344024658, 0.3097575604915619, 2.9068491458892822, 0.29612022638320923, -0.5721424221992493] [0.38507598638534546, -0.5384759902954102, 1.5278220176696777, 0.030721962451934814, 1.5830460786819458, 0.06160000339150429, -1.2148860692977905, -1.1919599771499634]
[0.03821810334920883, -0.22364765405654907, 0.30972811579704285, 2.9074058532714844, 0.2963819205760956, -0.5702438950538635] [0.38507598638534546, -0.5384759902954102, 1.5278220176696777, 0.030721962451934814, 1.5815120935440063, 0.06160000339150429, -1.2148860692977905, -1.1919599771499634]
[0.038083866238594055, -0.2239539623260498, 0.31004419922828674, 2.907693862915039, 0.29485246539115906, -0.571763277053833] [0.38507598638534546, -0.5384759902954102, 1.5278220176696777, 0.030721962451934814, 1.5830460786819458, 0.06160000339150429, -1.2148860692977905, -1.1919599771499634]
[0.037984345108270645, -0.2239723801612854, 0.3097839057445526, 2.9083638191223145, 0.29612046480178833, -0.5720535516738892] [0.38507598638534546, -0.5369420051574707, 1.5278220176696777, 0.030721962451934814, 1.5830460786819458, 0.06160000339150429, -1.2148860692977905, -1.1919599771499634]
[0.03831449896097183, -0.22370372712612152, 0.3099319040775299, 2.90798020362854, 0.2955232858657837, -0.5703815221786499] [0.38507598638534546, -0.5384759902954102, 1.5278220176696777, 0.030721962451934814, 1.5830460786819458, 0.06160000339150429, -1.2148860692977905, -1.1919599771499634]
[0.037958163768053055, -0.223941370844841, 0.30978721380233765, 2.906616449356079, 0.2961839735507965, -0.5722557306289673] [0.38507598638534546, -0.5369420051574707, 1.5278220176696777, 0.030721962451934814, 1.5830460786819458, 0.06160000339150429, -1.2148860692977905, -1.1919599771499634]
