[0.06105023995041847, -0.20285724103450775, 0.2962016761302948, -3.034304618835449, 0.3424081802368164, -0.440983384847641] [0.3697359561920166, -0.4126879572868347, 1.6091240644454956, 0.061401963233947754, 1.8530300855636597, 0.9968000054359436, -1.2977221012115479, -1.282465934753418]
[0.060690492391586304, -0.20278982818126678, 0.29617583751678467, -3.0346758365631104, 0.3436197340488434, -0.441287100315094] [0.37126997113227844, -0.4126879572868347, 1.6091240644454956, 0.05833396315574646, 1.8530300855636597, 0.9968000054359436, -1.2685760259628296, -1.2379800081253052]
[0.058132823556661606, -0.20266181230545044, 0.29864072799682617, -3.0291748046875, 0.3345383107662201, -0.440142422914505] [0.37893998622894287, -0.4126879572868347, 1.6091240644454956, 0.05833396315574646, 1.8530300855636597, 0.9968000054359436, -1.2501680850982666, -1.2180379629135132]
[0.055690616369247437, -0.20250938832759857, 0.3023637533187866, -3.022406578063965, 0.31812843680381775, -0.4378603994846344] [0.37893998622894287, -0.4126879572868347, 1.6091240644454956, 0.05833396315574646, 1.8530300855636597, 0.9968000054359436, -1.2440320253372192, -1.2119020223617554]
[0.05429881811141968, -0.20241929590702057, 0.304097443819046, -3.019277811050415, 0.3101961314678192, -0.4368433356285095] [0.3804739713668823, -0.4126879572868347, 1.6091240644454956, 0.05833396315574646, 1.8530300855636597, 0.9968000054359436, -1.2440320253372192, -1.2119020223617554]
[0.053460314869880676, -0.20237214863300323, 0.3053995668888092, -3.016749143600464, 0.3042330741882324, -0.4360514283180237] [0.3804739713668823, -0.4126879572868347, 1.6091240644454956, 0.05833396315574646, 1.8530300855636597, 0.9968000054359436, -1.2440320253372192, -1.210368037223816]
[0.053102657198905945, -0.2023426592350006, 0.30595579743385315, -3.015644073486328, 0.301725834608078, -0.4357193410396576] [0.37893998622894287, -0.4126879572868347, 1.6091240644454956, 0.05833396315574646, 1.8530300855636597, 0.9968000054359436, -1.2440320253372192, -1.2119020223617554]
[0.05298011004924774, -0.20234449207782745, 0.30612409114837646, -3.01527738571167, 0.30088379979133606, -0.4356040954589844] [0.3804739713668823, -0.4126879572868347, 1.6091240644454956, 0.05833396315574646, 1.8530300855636597, 0.9968000054359436, -1.2440320253372192, -1.210368037223816]
[0.05304804816842079, -0.20237873494625092, 0.3062986135482788, -3.022109031677246, 0.29952675104141235, -0.43447068333625793] [0.37893998622894287, -0.4126879572868347, 1.5999200344085693, 0.05833396315574646, 1.8530300855636597, 0.06320000439882278, -1.2424980401992798, -1.210368037223816]
[0.052946537733078, -0.20238511264324188, 0.306030809879303, -3.0227043628692627, 0.3008052408695221, -0.4346480369567871] [0.3804739713668823, -0.4126879572868347, 1.5983860492706299, 0.05833396315574646, 1.8530300855636597, 0.06360000371932983, -1.2440320253372192, -1.210368037223816]
[0.05304892361164093, -0.20236621797084808, 0.30599093437194824, -3.024353265762329, 0.30118727684020996, -0.43459829688072205] [0.3804739713668823, -0.4126879572868347, 1.5983860492706299, 0.05833396315574646, 1.8530300855636597, 0.06360000371932983, -1.2424980401992798, -1.2072999477386475]
[0.05305682122707367, -0.2022993266582489, 0.30685392022132874, -3.025408983230591, 0.2970902621746063, -0.4338362216949463] [0.37740597128868103, -0.4126879572868347, 1.595318078994751, 0.05833396315574646, 1.8530300855636597, 0.06360000371932983, -1.236362099647522, -1.1965620517730713]
[0.053386952728033066, -0.20215989649295807, 0.3097492456436157, -3.027589797973633, 0.28316834568977356, -0.4313122630119324] [0.36206597089767456, -0.4126879572868347, 1.5769100189208984, 0.05986796319484711, 1.8284860849380493, 0.06360000371932983, -1.221022129058838, -1.1781539916992188]
[0.05268833786249161, -0.2015804797410965, 0.3125460147857666, -3.063678503036499, 0.2691675126552582, -0.4279572069644928] [0.3605319857597351, -0.40808597207069397, 1.5431621074676514, 0.061401963233947754, 1.7778640985488892, 0.06320000439882278, -1.2026140689849854, -1.1551439762115479]
[0.05263195559382439, -0.1969672292470932, 0.3158402442932129, -3.1136693954467773, 0.25155869126319885, -0.40423569083213806] [0.3574639558792114, -0.3835419714450836, 1.501744031906128, 0.0629359632730484, 1.7763301134109497, 0.06480000168085098, -1.1719341278076172, -1.1229300498962402]
[0.05281226336956024, -0.18968302011489868, 0.3215993344783783, -3.134207010269165, 0.22253106534481049, -0.36564967036247253] [0.34825998544692993, -0.3467259705066681, 1.4679961204528809, 0.0629359632730484, 1.7701940536499023, 0.06480000168085098, -1.13972008228302, -1.0861139297485352]
[0.05264072120189667, -0.17976246774196625, 0.32770660519599915, 3.1119649410247803, 0.19096243381500244, -0.3150378167629242] [0.3405899703502655, -0.29917198419570923, 1.4081701040267944, 0.06446996331214905, 1.742582082748413, 0.06360000371932983, -1.1075060367584229, -1.0569679737091064]
[0.052175238728523254, -0.1679278165102005, 0.33371701836586, 3.045159339904785, 0.1594633162021637, -0.2580024003982544] [0.3344539701938629, -0.24854996800422668, 1.3575481176376343, 0.06446996331214905, 1.710368037223816, 0.06360000371932983, -1.0783600807189941, -1.0262880325317383]
[0.05143198370933533, -0.15585492551326752, 0.3396962285041809, 2.9894206523895264, 0.12794606387615204, -0.20169349014759064] [0.3267839550971985, -0.18258796632289886, 1.2992560863494873, 0.0660039633512497, 1.6551440954208374, 0.06360000371932983, -1.0538160800933838, -1.001744031906128]
[0.05098887160420418, -0.13924968242645264, 0.3449665307998657, 2.9080111980438232, 0.0983118861913681, -0.12613914906978607] [0.31604596972465515, -0.10895595699548721, 1.2578380107879639, 0.06753796339035034, 1.6398041248321533, 0.06360000371932983, -1.0292720794677734, -0.978734016418457]
[0.049615900963544846, -0.11802996695041656, 0.35222306847572327, 2.8435094356536865, 0.059671562165021896, -0.03002699464559555] [0.30377396941185, -0.02305196225643158, 1.1381860971450806, 0.06753796339035034, 1.6290661096572876, 0.06320000439882278, -1.0062620639801025, -0.9557240009307861]
[0.04402594268321991, -0.09116682410240173, 0.35775187611579895, 2.493903875350952, 0.014658907428383827, 0.09432762116193771] [0.30223995447158813, 0.039842039346694946, 0.7592880725860596, 0.14577196538448334, 1.630600094795227, 0.06360000371932983, -0.9801840782165527, -0.9373160004615784]
[0.034499671310186386, -0.06794734299182892, 0.3675759732723236, 2.26283860206604, -0.08081980049610138, 0.26372987031936646] [0.30377396941185, 0.06745404005050659, 0.5675380229949951, 0.3283179700374603, 1.630600094795227, 0.06360000371932983, -0.969446063041687, -0.9281119704246521]
[0.0234203077852726, -0.04830554872751236, 0.3717716634273529, 2.1053149700164795, -0.12578657269477844, 0.42640531063079834] [0.3083759546279907, 0.08893004059791565, 0.43254604935646057, 0.4326299726963043, 1.6321340799331665, 0.06360000371932983, -0.961776077747345, -0.9189079999923706]
[0.01124524138867855, -0.031334005296230316, 0.36905214190483093, 1.9643603563308716, -0.1207597628235817, 0.5845645070075989] [0.31911396980285645, 0.09813404083251953, 0.31442803144454956, 0.579893946647644, 1.630600094795227, 0.06360000371932983, -0.9571740627288818, -0.9173740148544312]
[-0.0037460753228515387, -0.016330592334270477, 0.3665267825126648, 1.8451532125473022, -0.10684563219547272, 0.7586530447006226] [0.31911396980285645, 0.09966804087162018, 0.2085820436477661, 0.7286919951438904, 1.630600094795227, 0.06360000371932983, -0.9541060924530029, -0.9143059849739075]
[-0.016827991232275963, -0.0065397764556109905, 0.36354508996009827, 1.7773910760879517, -0.08587916940450668, 0.8963376879692078] [0.31911396980285645, 0.10120204091072083, 0.13188204169273376, 0.846809983253479, 1.630600094795227, 0.06320000439882278, -0.9495040774345398, -0.9112379550933838]
[-0.027190329506993294, 4.047226320835762e-05, 0.35905131697654724, 1.7238659858703613, -0.049994874745607376, 0.9941266775131226] [0.3206479549407959, 0.1165420413017273, 0.0904640406370163, 0.8928300142288208, 1.630600094795227, 0.06360000371932983, -0.9372320771217346, -0.8989659547805786]
[-0.030528739094734192, 0.0028115424793213606, 0.3585886061191559, 1.7162638902664185, -0.04687083140015602, 1.0132235288619995] [0.3237159848213196, 0.13188204169273376, 0.08586204051971436, 0.8928300142288208, 1.630600094795227, 0.06360000371932983, -0.9234260320663452, -0.885159969329834]
[-0.03504376485943794, 0.006675060838460922, 0.35905730724334717, 1.7077648639678955, -0.04910603165626526, 1.0381914377212524] [0.3283179700374603, 0.15489204227924347, 0.07819204032421112, 0.8943639993667603, 1.630600094795227, 0.06360000371932983, -0.9096200466156006, -0.8698199987411499]
[-0.039843615144491196, 0.010318507440388203, 0.3559897541999817, 1.7017091512680054, -0.03340832516551018, 1.0618714094161987] [0.34825998544692993, 0.17330004274845123, 0.055182039737701416, 0.8943639993667603, 1.630600094795227, 0.06360000371932983, -0.892746090888977, -0.8529459834098816]
[-0.04331163689494133, 0.011623025871813297, 0.3515270948410034, 1.6941293478012085, -0.010272497311234474, 1.0706123113632202] [0.3728039860725403, 0.17943604290485382, 0.035240039229393005, 0.8943639993667603, 1.6321340799331665, 0.06360000371932983, -0.8774060606956482, -0.8376059532165527]
[-0.046695951372385025, 0.012079736217856407, 0.3482419550418854, 1.6911940574645996, 0.003088334109634161, 1.074360728263855] [0.3927459716796875, 0.17943604290485382, 0.021434038877487183, 0.8943639993667603, 1.630600094795227, 0.06360000371932983, -0.8589980602264404, -0.8191980123519897]
[-0.049661654978990555, 0.011927307583391666, 0.34550759196281433, 1.6824861764907837, 0.01568959280848503, 1.073512315750122] [0.41115397214889526, 0.17943604290485382, 0.009162038564682007, 0.8943639993667603, 1.6321340799331665, 0.06360000371932983, -0.8390560746192932, -0.8023239970207214]
[-0.05278126150369644, 0.011887392960488796, 0.34325626492500305, 1.677990436553955, 0.024177424609661102, 1.0739448070526123] [0.4310959577560425, 0.17943604290485382, -4.1961669921875e-05, 0.8943639993667603, 1.630600094795227, 0.06360000371932983, -0.8221820592880249, -0.7869839668273926]
[-0.05572408437728882, 0.01192993763834238, 0.3410329520702362, 1.6769787073135376, 0.030697930604219437, 1.0741870403289795] [0.4510379731655121, 0.17943604290485382, -0.00771196186542511, 0.8943639993667603, 1.630600094795227, 0.06360000371932983, -0.8068420886993408, -0.773177981376648]
[-0.05840509384870529, 0.011425460688769817, 0.3395402133464813, 1.6746325492858887, 0.03283694013953209, 1.0712227821350098] [0.4648439884185791, 0.17636804282665253, -0.00771196186542511, 0.8943639993667603, 1.6321340799331665, 0.06320000439882278, -0.799172043800354, -0.770110011100769]
[-0.05950450524687767, 0.011262573301792145, 0.33999910950660706, 1.666724681854248, 0.030647555366158485, 1.0694806575775146] [0.4648439884185791, 0.17636804282665253, -0.00771196186542511, 0.8943639993667603, 1.6321340799331665, 0.06360000371932983, -0.799172043800354, -0.770110011100769]
[-0.06001069024205208, 0.011265994049608707, 0.3402099609375, 1.6640806198120117, 0.029193609952926636, 1.069417119026184] [0.4648439884185791, 0.17330004274845123, -0.00771196186542511, 0.8897619843482971, 1.6321340799331665, 0.06360000371932983, -0.799172043800354, -0.773177981376648]
[-0.05899393931031227, 0.01022629626095295, 0.34048667550086975, 1.6617867946624756, 0.028203511610627174, 1.0585970878601074] [0.4648439884185791, 0.1686980426311493, -0.009245961904525757, 0.8882279992103577, 1.6321340799331665, 0.06320000439882278, -0.8022400736808777, -0.7762459516525269]
[-0.0580315999686718, 0.009450712241232395, 0.34034785628318787, 1.662397861480713, 0.02920634113252163, 1.0509271621704102] [0.4648439884185791, 0.1625620424747467, -0.009245961904525757, 0.885159969329834, 1.630600094795227, 0.06320000439882278, -0.8068420886993408, -0.7839159965515137]
[-0.05582091957330704, 0.007462839130312204, 0.33995839953422546, 1.6653059720993042, 0.031755153089761734, 1.0357240438461304] [0.46330997347831726, 0.15182404220104218, -0.009245961904525757, 0.8728879690170288, 1.6321340799331665, 0.06320000439882278, -0.8145120739936829, -0.7931199669837952]
[-0.05293355882167816, 0.006623818539083004, 0.3394710421562195, 1.6679067611694336, 0.03575235977768898, 1.019017219543457] [0.46024197340011597, 0.15182404220104218, -0.009245961904525757, 0.8667519688606262, 1.630600094795227, 0.06360000371932983, -0.826784074306488, -0.8069260120391846]
[-0.0505184680223465, 0.006344294641166925, 0.3396669030189514, 1.6701339483261108, 0.03836402669548988, 1.0129225254058838] [0.4541059732437134, 0.15029004216194153, -0.009245961904525757, 0.8621499538421631, 1.630600094795227, 0.06320000439882278, -0.8359880447387695, -0.8145959973335266]
[-0.048419516533613205, 0.006063529755920172, 0.3391985595226288, 1.6744312047958374, 0.04377644136548042, 1.0084983110427856] [0.4510379731655121, 0.14722204208374023, -0.009245961904525757, 0.8590819835662842, 1.630600094795227, 0.06360000371932983, -0.8482600450515747, -0.8284019827842712]
[-0.04587460681796074, 0.006093931850045919, 0.33813169598579407, 1.6817092895507812, 0.05314354971051216, 1.001896619796753] [0.44950395822525024, 0.1456880420446396, -0.009245961904525757, 0.8575479984283447, 1.6275321245193481, 0.06320000439882278, -0.8636000752449036, -0.8422079682350159]
[-0.04220721498131752, 0.005627001170068979, 0.3371214270591736, 1.6907634735107422, 0.06348580121994019, 0.9889494776725769] [0.44336795806884766, 0.14415404200553894, -0.009245961904525757, 0.8498779535293579, 1.6275321245193481, 0.06320000439882278, -0.895814061164856, -0.8790239691734314]
[-0.034626394510269165, 0.004306347109377384, 0.33731725811958313, 1.6946132183074951, 0.07108065485954285, 0.9654974937438965] [0.421891987323761, 0.14415404200553894, -0.00771196186542511, 0.8253339529037476, 1.6275321245193481, 0.06360000371932983, -0.9172900915145874, -0.8974319696426392]
[-0.030505865812301636, 0.0038387682288885117, 0.337283194065094, 1.6972112655639648, 0.07582055032253265, 0.9552562832832336] [0.40808597207069397, 0.1426200419664383, -0.00771196186542511, 0.8161299824714661, 1.6275321245193481, 0.06320000439882278, -0.9356980323791504, -0.9158399701118469]
[-0.02642403356730938, 0.003379082540050149, 0.33769428730010986, 1.6980172395706177, 0.07837153971195221, 0.9478276968002319] [0.39427995681762695, 0.14415404200553894, -0.009245961904525757, 0.8023239970207214, 1.6259980201721191, 0.06360000371932983, -0.9587080478668213, -0.9388499855995178]
[-0.020816154778003693, 0.0019886537920683622, 0.33820927143096924, 1.6984543800354004, 0.08080320060253143, 0.9281300902366638] [0.37433797121047974, 0.14415404200553894, -0.009245961904525757, 0.7823820114135742, 1.6259980201721191, 0.06360000371932983, -0.9832520484924316, -0.9633939862251282]
[-0.013851914554834366, 0.0007682732539251447, 0.33893799781799316, 1.6972987651824951, 0.08312037587165833, 0.9090647101402283] [0.35132795572280884, 0.1426200419664383, -0.009245961904525757, 0.7670419812202454, 1.6244640350341797, 0.06360000371932983, -1.0139321088790894, -0.989471971988678]
[-0.00812222808599472, 7.133563485695049e-05, 0.33948764204978943, 1.6961030960083008, 0.08504705876111984, 0.8957281112670898] [0.3283179700374603, 0.1426200419664383, -0.009245961904525757, 0.7486339807510376, 1.6213960647583008, 0.06360000371932983, -1.0369420051574707, -1.014016032218933]
[-0.0023162919096648693, -0.001007722457870841, 0.33893728256225586, 1.6981955766677856, 0.09051096439361572, 0.881134033203125] [0.3083759546279907, 0.1426200419664383, -0.009245961904525757, 0.7378959655761719, 1.6198620796203613, 0.06320000439882278, -1.0599520206451416, -1.0370259284973145]
[0.0024659144692122936, -0.001811797614209354, 0.33879631757736206, 1.699906587600708, 0.09368067979812622, 0.8729474544525146] [0.2915019690990448, 0.1426200419664383, -0.009245961904525757, 0.734827995300293, 1.6167941093444824, 0.06360000371932983, -1.0829620361328125, -1.055433988571167]
[0.006889835931360722, -0.001931760460138321, 0.33856379985809326, 1.6950370073318481, 0.09600814431905746, 0.8738062381744385] [0.2715599536895752, 0.1426200419664383, -0.009245961904525757, 0.734827995300293, 1.6029881238937378, 0.06360000371932983, -1.1075060367584229, -1.0799779891967773]
[0.011633862741291523, -0.0024389636237174273, 0.3383769989013672, 1.690438985824585, 0.09771476686000824, 0.8713814616203308] [0.251617968082428, 0.14108604192733765, -0.009245961904525757, 0.7332940101623535, 1.5983860492706299, 0.06360000371932983, -1.1274480819702148, -1.0999200344085693]
[0.01590976119041443, -0.003590760985389352, 0.33839985728263855, 1.6869947910308838, 0.09893934428691864, 0.8655518293380737] [0.23320996761322021, 0.13495004177093506, -0.009245961904525757, 0.734827995300293, 1.5983860492706299, 0.06360000371932983, -1.1458560228347778, -1.1183279752731323]
[0.01935156248509884, -0.0038701824378222227, 0.3380453884601593, 1.6890300512313843, 0.10051344335079193, 0.8659819960594177] [0.2194039672613144, 0.13495004177093506, -0.009245961904525757, 0.7332940101623535, 1.5876480340957642, 0.06360000371932983, -1.155060052871704, -1.1305999755859375]
[0.021970374509692192, -0.004001348279416561, 0.3375556766986847, 1.6635525226593018, 0.10137862712144852, 0.8665007948875427] [0.20406396687030792, 0.13495004177093506, -0.009245961904525757, 0.7332940101623535, 1.5324240922927856, 0.13199999928474426, -1.1719341278076172, -1.1428719758987427]
[0.02475351095199585, -0.004514154978096485, 0.3385941684246063, 1.606278896331787, 0.09452612698078156, 0.8644404411315918] [0.18105396628379822, 0.13188204169273376, -0.009245961904525757, 0.7332940101623535, 1.5032780170440674, 0.06440000236034393, -1.1888080835342407, -1.1628140211105347]
[0.0279279462993145, -0.004573313053697348, 0.33884403109550476, 1.588444709777832, 0.09290356189012527, 0.8649165630340576] [0.16264596581459045, 0.13188204169273376, -0.009245961904525757, 0.7317599654197693, 1.4925401210784912, 0.06440000236034393, -1.21642005443573, -1.1858240365982056]
[0.032969970256090164, -0.0055535100400447845, 0.33888575434684753, 1.5750497579574585, 0.09224675595760345, 0.8571180105209351] [0.14270396530628204, 0.12728004157543182, -0.009245961904525757, 0.7164199948310852, 1.4879380464553833, 0.06440000236034393, -1.2240900993347168, -1.1934939622879028]
[0.03854561597108841, -0.00823739729821682, 0.3358837366104126, 1.5827716588974, 0.10506179928779602, 0.8261867165565491] [0.14270396530628204, 0.12421204149723053, -0.009245961904525757, 0.6872739791870117, 1.4848700761795044, 0.06440000236034393, -1.2256240844726562, -1.1934939622879028]
[0.04206426814198494, -0.010779298841953278, 0.3348487615585327, 1.5794390439987183, 0.11056440323591232, 0.7971703410148621] [0.1411699652671814, 0.12114404141902924, -0.009245961904525757, 0.6642639636993408, 1.483336091041565, 0.06480000168085098, -1.2240900993347168, -1.1934939622879028]
[0.04455408453941345, -0.013239346444606781, 0.3342978358268738, 1.5652496814727783, 0.11272499710321426, 0.7727615237236023] [0.13656796514987946, 0.11194004118442535, -0.009245961904525757, 0.6535259485244751, 1.4649280309677124, 0.06440000236034393, -1.2256240844726562, -1.1934939622879028]
[0.044453054666519165, -0.014336450025439262, 0.3356451392173767, 1.5530974864959717, 0.10736584663391113, 0.7661576867103577] [0.1350339651107788, 0.10887204110622406, -0.00771196186542511, 0.6611959934234619, 1.4649280309677124, 0.06440000236034393, -1.2256240844726562, -1.1934939622879028]
[0.0428021103143692, -0.013096749782562256, 0.3376350700855255, 1.5459877252578735, 0.09870485216379166, 0.7796517014503479] [0.12736396491527557, 0.10887204110622406, -0.01231396198272705, 0.6780699491500854, 1.4649280309677124, 0.06440000236034393, -1.2240900993347168, -1.1919599771499634]
[0.042491551488637924, -0.012659094296395779, 0.3381394147872925, 1.545133352279663, 0.09724274277687073, 0.7889042496681213] [0.12276195734739304, 0.10733804106712341, -0.013847962021827698, 0.6826719641685486, 1.4664621353149414, 0.06440000236034393, -1.2240900993347168, -1.1934939622879028]
[0.043270912021398544, -0.012980403378605843, 0.33804547786712646, 1.545545220375061, 0.09837852418422699, 0.7900312542915344] [0.1181599572300911, 0.10580404102802277, -0.01691596210002899, 0.6888079643249512, 1.4695301055908203, 0.06480000168085098, -1.2240900993347168, -1.1919599771499634]
[0.042936451733112335, -0.013002821244299412, 0.3376554548740387, 1.5407490730285645, 0.10172884166240692, 0.7952609658241272] [0.11662595719099045, 0.10580404102802277, -0.02305196225643158, 0.6934099793434143, 1.4695301055908203, 0.06440000236034393, -1.221022129058838, -1.1888920068740845]
[0.04190349206328392, -0.013220466673374176, 0.337573766708374, 1.5393308401107788, 0.10291198641061783, 0.8041792511940002] [0.11662595719099045, 0.09813404083251953, -0.029187962412834167, 0.7210220098495483, 1.4710640907287598, 0.06440000236034393, -1.2148860692977905, -1.1858240365982056]
[0.039165958762168884, -0.012681043706834316, 0.33781927824020386, 1.531495451927185, 0.10425350815057755, 0.8271887302398682] [0.11662595719099045, 0.087396040558815, -0.039925962686538696, 0.7547699809074402, 1.4725980758666992, 0.06440000236034393, -1.2056820392608643, -1.1735520362854004]
[0.03338013216853142, -0.012739619240164757, 0.339712917804718, 1.5149697065353394, 0.09991592168807983, 0.8512722253799438] [0.1181599572300911, 0.06898804008960724, -0.04912996292114258, 0.7854499816894531, 1.4741320610046387, 0.06440000236034393, -1.201080083847046, -1.167415976524353]
[0.031565986573696136, -0.01505966391414404, 0.3404686450958252, 1.5069941282272339, 0.10012414306402206, 0.851887047290802] [0.1181599572300911, 0.039842039346694946, -0.055265963077545166, 0.808459997177124, 1.478734016418457, 0.06440000236034393, -1.193410038948059, -1.1628140211105347]
[0.02998921647667885, -0.017743494361639023, 0.340780109167099, 1.509451985359192, 0.09952253103256226, 0.852203369140625] [0.12276195734739304, 0.015298038721084595, -0.055265963077545166, 0.8376059532165527, 1.4818021059036255, 0.06440000236034393, -1.1888080835342407, -1.1582119464874268]
[0.028514303267002106, -0.01957164704799652, 0.3410649001598358, 1.5151896476745605, 0.09912322461605072, 0.8553246855735779] [0.12736396491527557, -0.009245961904525757, -0.055265963077545166, 0.8606159687042236, 1.4956080913543701, 0.06440000236034393, -1.1826720237731934, -1.152076005935669]
[0.02655215933918953, -0.023156272247433662, 0.3415103256702423, 1.5315450429916382, 0.0988345667719841, 0.853795051574707] [0.13196596503257751, -0.035323962569236755, -0.055265963077545166, 0.8882279992103577, 1.5063461065292358, 0.06440000236034393, -1.175002098083496, -1.1459399461746216]
[0.025342319160699844, -0.025382354855537415, 0.3413105905056, 1.5394039154052734, 0.10005726665258408, 0.8524330258369446] [0.1381019651889801, -0.05986796319484711, -0.055265963077545166, 0.912771999835968, 1.5094140768051147, 0.06440000236034393, -1.1704000234603882, -1.1398040056228638]
[0.022489404305815697, -0.027943091467022896, 0.34127676486968994, 1.545188069343567, 0.10033631324768066, 0.8633487820625305] [0.14577196538448334, -0.09361596405506134, -0.05679996311664581, 0.9618600010871887, 1.5170841217041016, 0.06440000236034393, -1.1642640829086304, -1.1336679458618164]
[0.019113218411803246, -0.030283387750387192, 0.3410528004169464, 1.558950424194336, 0.10195902734994888, 0.8790097236633301] [0.15190796554088593, -0.12736396491527557, -0.05679996311664581, 1.0094139575958252, 1.5247540473937988, 0.06440000236034393, -1.158128023147583, -1.1305999755859375]
[0.016627931967377663, -0.033564917743206024, 0.3409639298915863, 1.5692706108093262, 0.10326249897480011, 0.8837941884994507] [0.15957796573638916, -0.15957796573638916, -0.055265963077545166, 1.0462299585342407, 1.5308901071548462, 0.06440000236034393, -1.155060052871704, -1.1259980201721191]
[0.014514747075736523, -0.03569243103265762, 0.3408871293067932, 1.576332688331604, 0.10403761267662048, 0.89009690284729] [0.1641799658536911, -0.1871899664402008, -0.05679996311664581, 1.0891820192337036, 1.5324240922927856, 0.06440000236034393, -1.1504580974578857, -1.1259980201721191]
[0.011465465649962425, -0.038184791803359985, 0.34063610434532166, 1.580685019493103, 0.10615184903144836, 0.9026440382003784] [0.1703159660100937, -0.22400596737861633, -0.05679996311664581, 1.1382700204849243, 1.5446960926055908, 0.06440000236034393, -1.1458560228347778, -1.1198619604110718]
[0.007641681004315615, -0.040304578840732574, 0.340293824672699, 1.6012051105499268, 0.10798705369234085, 0.9215713143348694] [0.17951996624469757, -0.2562199831008911, -0.05986796319484711, 1.1842899322509766, 1.560036063194275, 0.06440000236034393, -1.135118007659912, -1.1060559749603271]
[0.003245276864618063, -0.04324854165315628, 0.33911699056625366, 1.617791771888733, 0.11802434176206589, 0.9316023588180542] [0.1902579665184021, -0.2853659689426422, -0.06907196342945099, 1.2134360074996948, 1.5707740783691406, 0.06440000236034393, -1.1167100667953491, -1.0845799446105957]
[-0.000889468879904598, -0.04635261744260788, 0.33770808577537537, 1.6294505596160889, 0.13055936992168427, 0.9308439493179321] [0.20559796690940857, -0.31604596972465515, -0.08747996389865875, 1.2395139932632446, 1.5876480340957642, 0.06440000236034393, -1.0860300064086914, -1.055433988571167]
[-0.005967318546026945, -0.04964043200016022, 0.33689889311790466, 1.6324045658111572, 0.14305472373962402, 0.9230273365974426] [0.22093796730041504, -0.34212398529052734, -0.10588795691728592, 1.260990023612976, 1.6029881238937378, 0.06440000236034393, -1.0584180355072021, -1.0278220176696777]
[-0.01210396084934473, -0.05219286307692528, 0.33698204159736633, 1.6327366828918457, 0.14945341646671295, 0.923450767993927] [0.23320996761322021, -0.3666679859161377, -0.11969395726919174, 1.2855340242385864, 1.6213960647583008, 0.06440000236034393, -1.0338740348815918, -1.0078799724578857]
[-0.01727035827934742, -0.05464133992791176, 0.3369169235229492, 1.646736979484558, 0.15431424975395203, 0.9195098280906677] [0.2454819679260254, -0.3896779716014862, -0.12889796495437622, 1.3054759502410889, 1.6428720951080322, 0.06480000168085098, -1.0170000791549683, -0.989471971988678]
[-0.024391215294599533, -0.0578053817152977, 0.33736565709114075, 1.648632287979126, 0.160320445895195, 0.9219244122505188] [0.24854996800422668, -0.42035797238349915, -0.14883996546268463, 1.3422919511795044, 1.6551440954208374, 0.06440000236034393, -0.9955240488052368, -0.9695299863815308]
[-0.027833102270960808, -0.05924408137798309, 0.3371613025665283, 1.6466002464294434, 0.16892486810684204, 0.9216725826263428] [0.24854996800422668, -0.4356979727745056, -0.1672479659318924, 1.3668359518051147, 1.668950080871582, 0.06440000236034393, -0.9817180633544922, -0.9557240009307861]
[-0.03305492177605629, -0.0605403333902359, 0.33675339818000793, 1.652934193611145, 0.17931754887104034, 0.9352142214775085] [0.24854996800422668, -0.4571739733219147, -0.1902579665184021, 1.4067200422286987, 1.688892126083374, 0.06440000236034393, -0.9602420330047607, -0.9357819557189941]
[-0.03966507688164711, -0.06169659271836281, 0.33628833293914795, 1.6587514877319336, 0.1921762079000473, 0.9503465294837952] [0.24854996800422668, -0.4771159887313843, -0.20559796690940857, 1.4327980279922485, 1.7011641263961792, 0.06440000236034393, -0.9510380625724792, -0.9281119704246521]
[-0.042053453624248505, -0.06308410316705704, 0.3365429937839508, 1.6608248949050903, 0.19425077736377716, 0.9470598101615906] [0.24854996800422668, -0.4878539741039276, -0.2132679671049118, 1.4389339685440063, 1.707300066947937, 0.06440000236034393, -0.9433680772781372, -0.9189079999923706]
[-0.043358586728572845, -0.06336508691310883, 0.3370349109172821, 1.6566144227981567, 0.19236187636852264, 0.9440575242042542] [0.24854996800422668, -0.4878539741039276, -0.21480196714401245, 1.437399983406067, 1.7057660818099976, 0.06440000236034393, -0.9433680772781372, -0.9189079999923706]
[-0.04248974472284317, -0.06417055428028107, 0.3374077081680298, 1.6471426486968994, 0.19030898809432983, 0.9295722842216492] [0.24854996800422668, -0.4909219741821289, -0.21173396706581116, 1.411321997642517, 1.6965620517730713, 0.06440000236034393, -0.9464360475540161, -0.9219759702682495]
[-0.04039831459522247, -0.06595291942358017, 0.33774474263191223, 1.6348825693130493, 0.18620000779628754, 0.9048932790756226] [0.24854996800422668, -0.4939899742603302, -0.2101999670267105, 1.4021179676055908, 1.691960096359253, 0.06440000236034393, -0.9525720477104187, -0.9265779852867126]
[-0.03664412721991539, -0.06772497296333313, 0.33707043528556824, 1.6334373950958252, 0.19569756090641022, 0.8783859014511108] [0.24701596796512604, -0.5047279596328735, -0.2101999670267105, 1.3775739669799805, 1.6858240365982056, 0.06440000236034393, -0.9571740627288818, -0.9342479705810547]
[-0.030773106962442398, -0.07298805564641953, 0.3368875980377197, 1.622531533241272, 0.19998860359191895, 0.8172623515129089] [0.2454819679260254, -0.5246700048446655, -0.20713196694850922, 1.340757966041565, 1.6735520362854004, 0.06440000236034393, -0.969446063041687, -0.943452000617981]
[-0.025679493322968483, -0.07909223437309265, 0.3370802700519562, 1.6101118326187134, 0.19671499729156494, 0.7572486996650696] [0.2454819679260254, -0.5507479906082153, -0.19946196675300598, 1.30240797996521, 1.6643481254577637, 0.06440000236034393, -0.9832520484924316, -0.9603259563446045]
[-0.020183611661195755, -0.08265332877635956, 0.33691731095314026, 1.6045533418655396, 0.1977013796567917, 0.715857744216919] [0.2362779676914215, -0.5538159608840942, -0.1963939666748047, 1.2625240087509155, 1.6628141403198242, 0.06440000236034393, -1.0016601085662842, -0.978734016418457]
[-0.01395985297858715, -0.08592834323644638, 0.3367973566055298, 1.604012131690979, 0.19738779962062836, 0.6720970273017883] [0.23474396765232086, -0.5538159608840942, -0.18258796632289886, 1.2180379629135132, 1.6628141403198242, 0.06440000236034393, -1.023136019706726, -1.0002100467681885]
[-0.004638808313757181, -0.09047826379537582, 0.3368241488933563, 1.613688349723816, 0.1901964545249939, 0.613491415977478] [0.23320996761322021, -0.5538159608840942, -0.16264596581459045, 1.1597459316253662, 1.6628141403198242, 0.06440000236034393, -1.0384761095046997, -1.0094139575958252]
[0.0002461771946400404, -0.09383256733417511, 0.3360203802585602, 1.617064356803894, 0.1914604753255844, 0.5760256052017212] [0.23320996761322021, -0.5538159608840942, -0.15650996565818787, 1.1183279752731323, 1.6612800359725952, 0.06440000236034393, -1.046146035194397, -1.0216859579086304]
[0.004794421140104532, -0.09755757451057434, 0.3357594311237335, 1.6188709735870361, 0.18968643248081207, 0.535372257232666] [0.23014196753501892, -0.5538159608840942, -0.1442379653453827, 1.0723079442977905, 1.6612800359725952, 0.06440000236034393, -1.06302011013031, -1.040094017982483]
[0.010794234462082386, -0.10177718102931976, 0.3361455500125885, 1.619392991065979, 0.18407568335533142, 0.48981624841690063] [0.22093796730041504, -0.5538159608840942, -0.13196596503257751, 1.0308899879455566, 1.6612800359725952, 0.06440000236034393, -1.0890980958938599, -1.0646380186080933]
[0.01755303330719471, -0.10579199343919754, 0.3370536267757416, 1.6288765668869019, 0.1736292839050293, 0.44631683826446533] [0.2132679671049118, -0.5553499460220337, -0.10895595699548721, 0.9940739870071411, 1.6612800359725952, 0.06440000236034393, -1.1105740070343018, -1.0876480340957642]
[0.02411559782922268, -0.10977161675691605, 0.33666548132896423, 1.640724539756775, 0.17056389153003693, 0.4077671766281128] [0.20713196694850922, -0.5553499460220337, -0.08747996389865875, 0.9541900157928467, 1.6612800359725952, 0.06440000236034393, -1.1320500373840332, -1.109123945236206]
[0.029044952243566513, -0.11286385357379913, 0.33629310131073, 1.652517318725586, 0.1673867106437683, 0.37635231018066406] [0.20252996683120728, -0.5568839907646179, -0.061401963233947754, 0.9158399701118469, 1.6612800359725952, 0.06440000236034393, -1.1535260677337646, -1.1352019309997559]
[0.03649894893169403, -0.11814164370298386, 0.3362962007522583, 1.6700897216796875, 0.15936872363090515, 0.3276711404323578] [0.19179196655750275, -0.5584179759025574, -0.039925962686538696, 0.8759559988975525, 1.6612800359725952, 0.06440000236034393, -1.1796040534973145, -1.1566779613494873]
[0.04140859097242355, -0.1210985779762268, 0.3364342153072357, 1.6800696849822998, 0.15484373271465302, 0.2986127436161041] [0.1841219663619995, -0.5584179759025574, -0.013847962021827698, 0.8514119982719421, 1.6612800359725952, 0.06440000236034393, -1.201080083847046, -1.1766200065612793]
[0.04713652282953262, -0.12482565641403198, 0.33592021465301514, 1.7031774520874023, 0.14865465462207794, 0.2650531232357025] [0.17951996624469757, -0.5584179759025574, 0.02296803891658783, 0.8130619525909424, 1.6612800359725952, 0.06440000236034393, -1.2194880247116089, -1.1950279474258423]
[0.05185866355895996, -0.12853524088859558, 0.3343929052352905, 1.7238773107528687, 0.1488833874464035, 0.23061122000217438] [0.18105396628379822, -0.5584179759025574, 0.039842039346694946, 0.78084796667099, 1.6612800359725952, 0.06440000236034393, -1.2194880247116089, -1.1950279474258423]
[0.05373326689004898, -0.13100948929786682, 0.3333947956562042, 1.7294869422912598, 0.15145032107830048, 0.2090417444705963] [0.18258796632289886, -0.5584179759025574, 0.050580039620399475, 0.7716439962387085, 1.6612800359725952, 0.06440000236034393, -1.2179540395736694, -1.1950279474258423]
[0.05461370572447777, -0.13179250061511993, 0.3360424339771271, 1.7517437934875488, 0.13017146289348602, 0.20257675647735596] [0.18105396628379822, -0.561486005783081, 0.09966804087162018, 0.770110011100769, 1.6612800359725952, 0.06440000236034393, -1.2179540395736694, -1.1950279474258423]
[0.05685326084494591, -0.14046943187713623, 0.34821221232414246, 1.8874276876449585, 0.026572974398732185, 0.13131727278232574] [0.19946196675300598, -0.5660879611968994, 0.381924033164978, 0.6611959934234619, 1.6612800359725952, 0.06440000236034393, -1.2194880247116089, -1.1965620517730713]
[0.058912523090839386, -0.17242126166820526, 0.3629917502403259, 2.191211462020874, -0.08254936337471008, -0.13529641926288605] [0.20559796690940857, -0.56455397605896, 0.7148020267486572, 0.4449019730091095, 1.6674160957336426, 0.06440000236034393, -1.2194880247116089, -1.1965620517730713]
[0.055304862558841705, -0.19606062769889832, 0.35980233550071716, 2.4629929065704346, -0.05459342151880264, -0.3258782923221588] [0.2362779676914215, -0.5630199909210205, 0.977116048336029, 0.3283179700374603, 1.6735520362854004, 0.06440000236034393, -1.2194880247116089, -1.1965620517730713]
[0.050944771617650986, -0.20940783619880676, 0.3513348698616028, 2.642082929611206, 0.008242831565439701, -0.4308217465877533] [0.2684919834136963, -0.561486005783081, 1.1826720237731934, 0.22553996741771698, 1.6858240365982056, 0.06440000236034393, -1.2194880247116089, -1.1965620517730713]
[0.04489602893590927, -0.22252410650253296, 0.33847904205322266, 2.8880293369293213, 0.1179581731557846, -0.5352369546890259] [0.28383195400238037, -0.5584179759025574, 1.4526560306549072, 0.06907196342945099, 1.6873581409454346, 0.06440000236034393, -1.2194880247116089, -1.1965620517730713]
[0.03966986760497093, -0.2293829619884491, 0.3263622522354126, 3.126967668533325, 0.21974021196365356, -0.5831320285797119] [0.3007059693336487, -0.5584179759025574, 1.6750860214233398, 0.030721962451934814, 1.6873581409454346, 0.06440000236034393, -1.2194880247116089, -1.1965620517730713]
[0.03730883076786995, -0.23097915947437286, 0.3208194077014923, -3.054236888885498, 0.24636821448802948, -0.5916324257850647] [0.3436579704284668, -0.5584179759025574, 1.7257081270217896, 0.029187962412834167, 1.688892126083374, 0.06440000236034393, -1.2194880247116089, -1.1965620517730713]
[0.03494149073958397, -0.2307756543159485, 0.31193825602531433, -3.0787222385406494, 0.2896997928619385, -0.5980165600776672] [0.37740597128868103, -0.5568839907646179, 1.727242112159729, 0.02765396237373352, 1.6904261112213135, 0.06440000236034393, -1.2179540395736694, -1.1965620517730713]
[0.034754909574985504, -0.2308117151260376, 0.3111206293106079, -3.079989194869995, 0.29379943013191223, -0.5988854765892029] [0.3820079565048218, -0.5568839907646179, 1.727242112159729, 0.029187962412834167, 1.6904261112213135, 0.06440000236034393, -1.2194880247116089, -1.1965620517730713]
[0.034873031079769135, -0.23059223592281342, 0.31072935461997986, -3.0821022987365723, 0.29573148488998413, -0.5978271961212158] [0.3835419714450836, -0.5538159608840942, 1.727242112159729, 0.029187962412834167, 1.6904261112213135, 0.06440000236034393, -1.2179540395736694, -1.1950279474258423]
[0.035281065851449966, -0.22980505228042603, 0.31052106618881226, -3.0800092220306396, 0.296166330575943, -0.5929313898086548] [0.3835419714450836, -0.5507479906082153, 1.727242112159729, 0.02765396237373352, 1.6904261112213135, 0.06440000236034393, -1.2194880247116089, -1.1950279474258423]
[0.03536009043455124, -0.2297411859035492, 0.3105814754962921, -3.0801267623901367, 0.2960430085659027, -0.5926938652992249] [0.3835419714450836, -0.5507479906082153, 1.727242112159729, 0.029187962412834167, 1.6904261112213135, 0.06440000236034393, -1.2194880247116089, -1.1950279474258423]
[0.0354415588080883, -0.22972936928272247, 0.3105986714363098, -3.0804128646850586, 0.2962290346622467, -0.5927817821502686] [0.38507598638534546, -0.5507479906082153, 1.727242112159729, 0.029187962412834167, 1.6904261112213135, 0.06440000236034393, -1.2194880247116089, -1.1950279474258423]
[0.03546920418739319, -0.22967027127742767, 0.31067967414855957, -3.080254554748535, 0.29585111141204834, -0.592449963092804] [0.3835419714450836, -0.5507479906082153, 1.727242112159729, 0.029187962412834167, 1.6904261112213135, 0.06440000236034393, -1.2194880247116089, -1.1950279474258423]
[0.035481393337249756, -0.2297418713569641, 0.31055060029029846, -3.080202102661133, 0.2963387668132782, -0.5926083922386169] [0.38507598638534546, -0.5507479906082153, 1.727242112159729, 0.029187962412834167, 1.6904261112213135, 0.06440000236034393, -1.2194880247116089, -1.1950279474258423]
[0.03546830639243126, -0.2297515720129013, 0.3105332851409912, -3.080012798309326, 0.29628226161003113, -0.5925178527832031] [0.3835419714450836, -0.5507479906082153, 1.727242112159729, 0.029187962412834167, 1.6904261112213135, 0.06440000236034393, -1.2194880247116089, -1.1950279474258423]
[0.0353626012802124, -0.22978255152702332, 0.31051161885261536, -3.079883098602295, 0.2961573600769043, -0.5926482677459717] [0.3835419714450836, -0.5507479906082153, 1.7257081270217896, 0.029187962412834167, 1.6904261112213135, 0.06440000236034393, -1.2194880247116089, -1.1950279474258423]
[0.03523828461766243, -0.23002275824546814, 0.3100878596305847, -3.0787768363952637, 0.2968815863132477, -0.5927435755729675] [0.3835419714450836, -0.5507479906082153, 1.727242112159729, 0.029187962412834167, 1.6904261112213135, 0.9968000054359436, -1.2194880247116089, -1.1950279474258423]
