[-0.0006320014945231378, -0.27235156297683716, 0.2992889881134033, 2.95554780960083, 0.35724806785583496, -0.9111338257789612] [0.5200679898262024, -0.8299359679222107, 1.727242112159729, 0.030721962451934814, 1.6858240365982056, 0.9968000054359436, -1.2977221012115479, -1.2932039499282837]
[-0.000749922648537904, -0.2723459303379059, 0.2994031608104706, 2.95637583732605, 0.35671016573905945, -0.9108039736747742] [0.5200679898262024, -0.8284019827842712, 1.727242112159729, 0.030721962451934814, 1.6858240365982056, 0.9968000054359436, -1.2639740705490112, -1.2502520084381104]
[-0.0028449748642742634, -0.27169692516326904, 0.30207180976867676, 2.977492094039917, 0.3449859321117401, -0.9002792239189148] [0.5200679898262024, -0.8253339529037476, 1.727242112159729, 0.030721962451934814, 1.6858240365982056, 0.9968000054359436, -1.2471001148223877, -1.2303099632263184]
[-0.004809454083442688, -0.2716217339038849, 0.3043292760848999, 2.9898667335510254, 0.3349262475967407, -0.8960331678390503] [0.5200679898262024, -0.8237999677658081, 1.727242112159729, 0.030721962451934814, 1.6873581409454346, 0.9968000054359436, -1.2424980401992798, -1.2241740226745605]
[-0.006032997742295265, -0.2711573541164398, 0.30612775683403015, 2.997065305709839, 0.3271195888519287, -0.8917600512504578] [0.5200679898262024, -0.8237999677658081, 1.7287760972976685, 0.030721962451934814, 1.6873581409454346, 0.9971999526023865, -1.2409640550613403, -1.222640037536621]
[-0.006558113265782595, -0.2710866630077362, 0.3067501485347748, 2.999966859817505, 0.3242710828781128, -0.8907970190048218] [0.5200679898262024, -0.8237999677658081, 1.727242112159729, 0.030721962451934814, 1.6873581409454346, 0.9968000054359436, -1.2394300699234009, -1.222640037536621]
[-0.006930123083293438, -0.27106761932373047, 0.3071438670158386, 3.0034401416778564, 0.322322815656662, -0.8901468515396118] [0.5200679898262024, -0.8237999677658081, 1.727242112159729, 0.030721962451934814, 1.6873581409454346, 0.9971999526023865, -1.2409640550613403, -1.222640037536621]
[-0.007006317842751741, -0.27103081345558167, 0.3072971701622009, 3.0039072036743164, 0.32175296545028687, -0.8899948596954346] [0.5200679898262024, -0.8237999677658081, 1.727242112159729, 0.030721962451934814, 1.6873581409454346, 0.9968000054359436, -1.2394300699234009, -1.222640037536621]
[-0.007076793350279331, -0.27102720737457275, 0.3071579337120056, 3.002650737762451, 0.3226364552974701, -0.890387237071991] [0.5200679898262024, -0.8237999677658081, 1.727242112159729, 0.030721962451934814, 1.6858240365982056, 0.9968000054359436, -1.2394300699234009, -1.222640037536621]
[-0.004817902110517025, -0.2689499258995056, 0.3068326711654663, 2.989809036254883, 0.3223945200443268, -0.8743919730186462] [0.5200679898262024, -0.8099939823150635, 1.7026981115341187, 0.04299396276473999, 1.6842900514602661, 0.06880000233650208, -1.2348281145095825, -1.2180379629135132]
[-0.002872438170015812, -0.2675520181655884, 0.3075869679450989, 2.9678170680999756, 0.31273335218429565, -0.8619023561477661] [0.5200679898262024, -0.8007899522781372, 1.6781541109085083, 0.05679996311664581, 1.6827560663223267, 0.06880000233650208, -1.2348281145095825, -1.2072999477386475]
[0.00198360881768167, -0.26416170597076416, 0.31276509165763855, 2.9452781677246094, 0.2660689949989319, -0.8251925706863403] [0.5108639597892761, -0.7762459516525269, 1.6244640350341797, 0.12429595738649368, 1.6827560663223267, 0.06880000233650208, -1.2348281145095825, -1.2011640071868896]
[0.018219178542494774, -0.24826176464557648, 0.3176614046096802, 2.8940184116363525, 0.19563084840774536, -0.6975314021110535] [0.5077959895133972, -0.6934099793434143, 1.5278220176696777, 0.23320996761322021, 1.6812220811843872, 0.06880000233650208, -1.2348281145095825, -1.1996300220489502]
[0.026669716462492943, -0.237908735871315, 0.3223522901535034, 2.8580799102783203, 0.1407398283481598, -0.6176378726959229] [0.5077959895133972, -0.6535259485244751, 1.440384030342102, 0.34519195556640625, 1.6812220811843872, 0.06880000233650208, -1.2348281145095825, -1.2011640071868896]
[0.044194210320711136, -0.1981794685125351, 0.3395841419696808, 2.5491294860839844, -0.035840801894664764, -0.29313766956329346] [0.5077959895133972, -0.6289819478988647, 1.0170000791549683, 0.7332940101623535, 1.6796880960464478, 0.06880000233650208, -1.236362099647522, -1.1996300220489502]
[0.04685800522565842, -0.16246536374092102, 0.347072035074234, 2.3774774074554443, -0.11764605343341827, -0.003131289966404438] [0.506261944770813, -0.599835991859436, 0.7961040735244751, 0.9756659865379333, 1.6612800359725952, 0.06880000233650208, -1.2348281145095825, -1.1965620517730713]
[0.04619280621409416, -0.12777818739414215, 0.34635457396507263, 2.288435459136963, -0.1446780562400818, 0.23957005143165588] [0.506261944770813, -0.4970579743385315, 0.7961040735244751, 1.0063459873199463, 1.57230806350708, 0.2207999974489212, -1.231760025024414, -1.1950279474258423]
[0.04616701602935791, -0.10343129187822342, 0.34680992364883423, 2.2329633235931396, -0.1839524209499359, 0.3665836453437805] [0.5016599893569946, -0.3313859701156616, 0.791502058506012, 1.0216859579086304, 1.460326075553894, 0.21960000693798065, -1.2225561141967773, -1.182755947113037]
[0.04214566946029663, -0.06597063690423965, 0.3480408489704132, 2.2202301025390625, -0.232827290892601, 0.5461612939834595] [0.5016599893569946, -0.11355795711278915, 0.7792300581932068, 1.020151972770691, 1.4143060445785522, 0.06960000097751617, -1.213352084159851, -1.170483946800232]
[0.03535047918558121, -0.04402036592364311, 0.35047146677970886, 2.2343811988830566, -0.26342278718948364, 0.657608151435852] [0.5016599893569946, -0.026119962334632874, 0.7439480423927307, 1.0216859579086304, 1.3820921182632446, 0.06920000165700912, -1.201080083847046, -1.1551439762115479]
[0.030734971165657043, -0.03712426498532295, 0.34951749444007874, 2.1778299808502197, -0.25039270520210266, 0.7081052660942078] [0.5001260042190552, -0.026119962334632874, 0.6963940858840942, 1.0293560028076172, 1.3805580139160156, 0.06920000165700912, -1.1765360832214355, -1.1275320053100586]
[0.024452542886137962, -0.033489201217889786, 0.3505382835865021, 2.12719988822937, -0.24771195650100708, 0.7523563504219055] [0.5001260042190552, -0.024585962295532227, 0.6411700248718262, 1.0477639436721802, 1.3790240287780762, 0.06920000165700912, -1.1473901271820068, -1.0983860492706299]
[0.01553836278617382, -0.028724828734993935, 0.35214051604270935, 2.068824291229248, -0.24842025339603424, 0.8142175674438477] [0.5001260042190552, -0.02305196225643158, 0.5859460830688477, 1.090716004371643, 1.3805580139160156, 0.06920000165700912, -1.1182440519332886, -1.0692399740219116]
[-0.007433666381984949, -0.015358399599790573, 0.34593215584754944, 1.9052190780639648, -0.18108555674552917, 1.0141880512237549] [0.5001260042190552, -0.030721962451934814, 0.3573800325393677, 1.2072999477386475, 1.3805580139160156, 0.06920000165700912, -1.0890980958938599, -1.0416280031204224]
[-0.02154647745192051, -0.008815392851829529, 0.33768031001091003, 1.8166966438293457, -0.09738389402627945, 1.1207493543624878] [0.4970579743385315, -0.02765396237373352, 0.2668740451335907, 1.2241740226745605, 1.3805580139160156, 0.06920000165700912, -1.061486005783081, -1.0155500173568726]
[-0.027523430064320564, -0.008307382464408875, 0.3410211205482483, 1.7914386987686157, -0.1134701669216156, 1.1365512609481812] [0.49859195947647095, -0.026119962334632874, 0.2668740451335907, 1.2395139932632446, 1.3790240287780762, 0.06920000165700912, -1.0338740348815918, -0.989471971988678]
[-0.03232334554195404, -0.0074714976362884045, 0.3435194790363312, 1.7717336416244507, -0.12587803602218628, 1.152160882949829] [0.49859195947647095, -0.019983962178230286, 0.25613605976104736, 1.2502520084381104, 1.3805580139160156, 0.06920000165700912, -1.0123980045318604, -0.9664620161056519]
[-0.03947676345705986, -0.005767082329839468, 0.3429274559020996, 1.740551471710205, -0.11337334662675858, 1.1824054718017578] [0.5047279596328735, -0.01691596210002899, 0.21932004392147064, 1.2625240087509155, 1.3805580139160156, 0.06920000165700912, -0.9863200783729553, -0.943452000617981]
[-0.04713256284594536, -0.0036703988444060087, 0.3411245048046112, 1.707261562347412, -0.09125083684921265, 1.211333155632019] [0.5108639597892761, -0.009245961904525757, 0.191708043217659, 1.264057993888855, 1.3805580139160156, 0.06920000165700912, -0.9679120779037476, -0.9265779852867126]
[-0.05044754222035408, -0.0029229370411485434, 0.3411076068878174, 1.68897545337677, -0.08553130179643631, 1.2210983037948608] [0.5108639597892761, -4.1961669921875e-05, 0.17943604290485382, 1.264057993888855, 1.3790240287780762, 0.06920000165700912, -0.9571740627288818, -0.9173740148544312]
[-0.0540679432451725, -0.0015170332044363022, 0.341793417930603, 1.6738051176071167, -0.08726917952299118, 1.2342040538787842] [0.5108639597892761, 0.0122300386428833, 0.17330004274845123, 1.264057993888855, 1.3790240287780762, 0.06920000165700912, -0.9525720477104187, -0.9143059849739075]
[-0.05682343244552612, -6.761802069377154e-05, 0.3413142263889313, 1.6593902111053467, -0.07877402752637863, 1.24808669090271] [0.5108639597892761, 0.015298038721084595, 0.15182404220104218, 1.264057993888855, 1.3805580139160156, 0.06920000165700912, -0.9525720477104187, -0.9158399701118469]
[-0.057926323264837265, 0.00020868355932179838, 0.3392646610736847, 1.6511482000350952, -0.06120763346552849, 1.253450632095337] [0.5123980045318604, 0.015298038721084595, 0.13801804184913635, 1.264057993888855, 1.3790240287780762, 0.06920000165700912, -0.9525720477104187, -0.9173740148544312]
[-0.058297090232372284, 0.0002527144970372319, 0.3389964997768402, 1.650476098060608, -0.05879303812980652, 1.2543188333511353] [0.5123980045318604, 0.015298038721084595, 0.1364840418100357, 1.264057993888855, 1.3790240287780762, 0.06920000165700912, -0.9525720477104187, -0.9173740148544312]
[-0.05799517408013344, 0.0001704372261883691, 0.3387022018432617, 1.6487770080566406, -0.05665964633226395, 1.2517468929290771] [0.5123980045318604, 0.015298038721084595, 0.13495004177093506, 1.2594560384750366, 1.3790240287780762, 0.06920000165700912, -0.9571740627288818, -0.9250440001487732]
[-0.05701398476958275, 0.00019343753228895366, 0.33839207887649536, 1.6498042345046997, -0.05321462079882622, 1.2476236820220947] [0.5108639597892761, 0.015298038721084595, 0.1364840418100357, 1.2533199787139893, 1.3790240287780762, 0.06920000165700912, -0.9709800481796265, -0.9373160004615784]
[-0.05421361327171326, -2.7919735657633282e-05, 0.33847513794898987, 1.6506611108779907, -0.05029238760471344, 1.2373220920562744] [0.5001260042190552, 0.015298038721084595, 0.1364840418100357, 1.241047978401184, 1.3759560585021973, 0.06920000165700912, -0.977116048336029, -0.9449859857559204]
[-0.052147332578897476, -5.390456135501154e-05, 0.3379259705543518, 1.6539866924285889, -0.04707492142915726, 1.2292816638946533] [0.49859195947647095, 0.013764038681983948, 0.13801804184913635, 1.2349120378494263, 1.3744220733642578, 0.06920000165700912, -0.9863200783729553, -0.9541900157928467]
[-0.05031866207718849, -0.0003310289466753602, 0.33754459023475647, 1.6588753461837769, -0.04512400925159454, 1.2241880893707275] [0.49859195947647095, 0.013764038681983948, 0.14108604192733765, 1.2303099632263184, 1.3698201179504395, 0.06920000165700912, -0.9985920786857605, -0.9679960012435913]
[-0.04755145311355591, -0.0007126937271095812, 0.33705776929855347, 1.6649574041366577, -0.04542243853211403, 1.2162379026412964] [0.4970579743385315, 0.0122300386428833, 0.1456880420446396, 1.2272419929504395, 1.3682861328125, 0.06920000165700912, -1.0154660940170288, -0.9848699569702148]
[-0.04435109347105026, -0.001094593433663249, 0.3369271159172058, 1.6673568487167358, -0.04288017004728317, 1.206885576248169] [0.4847859740257263, 0.010696038603782654, 0.1456880420446396, 1.2180379629135132, 1.3621500730514526, 0.06920000165700912, -1.0323400497436523, -1.0002100467681885]
[-0.04053277149796486, -0.001493107178248465, 0.3372148275375366, 1.660703420639038, -0.03993736580014229, 1.1966696977615356] [0.46637797355651855, 0.00762803852558136, 0.1456880420446396, 1.208833932876587, 1.3606160879135132, 0.06920000165700912, -1.046146035194397, -1.0094139575958252]
[-0.03696312755346298, -0.0019174449844285846, 0.3377295732498169, 1.6529852151870728, -0.037957336753606796, 1.186514973640442] [0.44950395822525024, 0.00762803852558136, 0.14415404200553894, 1.1965620517730713, 1.3498780727386475, 0.06920000165700912, -1.0584180355072021, -1.0232199430465698]
[-0.032159481197595596, -0.002491602674126625, 0.33788302540779114, 1.6390937566757202, -0.03363976627588272, 1.170450210571289] [0.4326299726963043, 0.004560038447380066, 0.14415404200553894, 1.182755947113037, 1.3437421321868896, 0.06880000233650208, -1.0737581253051758, -1.0416280031204224]
[-0.02720741555094719, -0.00361278816126287, 0.3381572365760803, 1.632266640663147, -0.02836303412914276, 1.1504510641098022] [0.4126879572868347, 0.001492038369178772, 0.1456880420446396, 1.1658819913864136, 1.3391400575637817, 0.06920000165700912, -1.0952340364456177, -1.0631040334701538]
[-0.02282129041850567, -0.003987153992056847, 0.33854854106903076, 1.6292202472686768, -0.027018597349524498, 1.1398048400878906] [0.3896779716014862, 0.001492038369178772, 0.1456880420446396, 1.1566779613494873, 1.331470012664795, 0.06920000165700912, -1.119778037071228, -1.0876480340957642]
[-0.01504378579556942, -0.005170144140720367, 0.33819806575775146, 1.6185296773910522, -0.020481331273913383, 1.1197835206985474] [0.36513397097587585, -4.1961669921875e-05, 0.1456880420446396, 1.1413379907608032, 1.325334072113037, 0.06920000165700912, -1.1412540674209595, -1.109123945236206]
[-0.006965553387999535, -0.006189445964992046, 0.3379208445549011, 1.6167616844177246, -0.013418629765510559, 1.095712423324585] [0.3344539701938629, -4.1961669921875e-05, 0.14415404200553894, 1.1198619604110718, 1.325334072113037, 0.06920000165700912, -1.1688660383224487, -1.1336679458618164]
[-0.0015475911786779761, -0.006627013441175222, 0.33776068687438965, 1.6145989894866943, -0.008810660801827908, 1.085440993309021] [0.3114439845085144, -4.1961669921875e-05, 0.1456880420446396, 1.109123945236206, 1.3176640272140503, 0.06920000165700912, -1.1872740983963013, -1.1536099910736084]
[0.0038098269142210484, -0.007406683173030615, 0.338051974773407, 1.6014080047607422, -0.008561897091567516, 1.0716241598129272] [0.2853659689426422, -4.1961669921875e-05, 0.14415404200553894, 1.090716004371643, 1.309994101524353, 0.06920000165700912, -1.2072160243988037, -1.1750860214233398]
[0.010513312183320522, -0.008792629465460777, 0.3380684554576874, 1.5856178998947144, -0.00389321381226182, 1.0456029176712036] [0.25928795337677, -4.1961669921875e-05, 0.14415404200553894, 1.0631040334701538, 1.3038580417633057, 0.06920000165700912, -1.2240900993347168, -1.190425992012024]
[0.015996310859918594, -0.009669309481978416, 0.3376656472682953, 1.5786830186843872, 0.0010465913219377398, 1.0235490798950195] [0.23781196773052216, 0.001492038369178772, 0.14415404200553894, 1.0262880325317383, 1.2977221012115479, 0.06920000165700912, -1.231760025024414, -1.1950279474258423]
[0.022596869617700577, -0.011862519197165966, 0.336328387260437, 1.5767076015472412, 0.01338642742484808, 0.979483425617218] [0.23014196753501892, 0.001492038369178772, 0.14415404200553894, 0.9833359718322754, 1.29312002658844, 0.06920000165700912, -1.231760025024414, -1.1965620517730713]
[0.026435162872076035, -0.013552774675190449, 0.33712390065193176, 1.5520861148834229, 0.01709422655403614, 0.940319299697876] [0.22093796730041504, 0.003026038408279419, 0.1426200419664383, 0.9250440001487732, 1.2854501008987427, 0.06920000165700912, -1.2332940101623535, -1.1965620517730713]
[0.03025362268090248, -0.014551817439496517, 0.33725884556770325, 1.5453102588653564, 0.023063765838742256, 0.9033704996109009] [0.20866596698760986, 0.0122300386428833, 0.1426200419664383, 0.8805580139160156, 1.2854501008987427, 0.06920000165700912, -1.2348281145095825, -1.1965620517730713]
[0.03407933935523033, -0.016642188653349876, 0.33732491731643677, 1.539040207862854, 0.028394252061843872, 0.8668184280395508] [0.20406396687030792, 0.0122300386428833, 0.1426200419664383, 0.8498779535293579, 1.2854501008987427, 0.06920000165700912, -1.2348281145095825, -1.1965620517730713]
[0.036660563200712204, -0.018227100372314453, 0.336713582277298, 1.5375488996505737, 0.034426115453243256, 0.8403522968292236] [0.20252996683120728, 0.01683203876018524, 0.1426200419664383, 0.8330039978027344, 1.2854501008987427, 0.06920000165700912, -1.236362099647522, -1.1965620517730713]
[0.036689747124910355, -0.017610399052500725, 0.33749788999557495, 1.5345019102096558, 0.03153166174888611, 0.841914176940918] [0.19946196675300598, 0.01836603879928589, 0.14415404200553894, 0.8360719680786133, 1.2869840860366821, 0.06920000165700912, -1.2348281145095825, -1.1965620517730713]
[0.03607257828116417, -0.017153842374682426, 0.33758026361465454, 1.5350167751312256, 0.031026046723127365, 0.84815514087677] [0.19792796671390533, 0.01836603879928589, 0.1426200419664383, 0.8437420129776001, 1.2869840860366821, 0.06920000165700912, -1.2332940101623535, -1.1950279474258423]
[0.03527116775512695, -0.01705014333128929, 0.33808860182762146, 1.534053087234497, 0.028289636597037315, 0.8558053374290466] [0.1963939666748047, 0.015298038721084595, 0.139552041888237, 0.8606159687042236, 1.2961881160736084, 0.06920000165700912, -1.231760025024414, -1.1934939622879028]
[0.03445451706647873, -0.01684856414794922, 0.33887073397636414, 1.5386852025985718, 0.02537134476006031, 0.8637166023254395] [0.19485996663570404, 0.013764038681983948, 0.1364840418100357, 0.8621499538421631, 1.3007900714874268, 0.06920000165700912, -1.2240900993347168, -1.1858240365982056]
[0.03374667093157768, -0.017306050285696983, 0.3394699692726135, 1.540541648864746, 0.024473316967487335, 0.8626523017883301] [0.1963939666748047, -4.1961669921875e-05, 0.1334160417318344, 0.8652179837226868, 1.313062071800232, 0.06920000165700912, -1.21642005443573, -1.1750860214233398]
[0.03332376480102539, -0.020336268469691277, 0.3396916389465332, 1.5448851585388184, 0.02671164833009243, 0.8482351303100586] [0.19946196675300598, -0.009245961904525757, 0.12728004157543182, 0.8682860136032104, 1.3176640272140503, 0.06920000165700912, -1.2056820392608643, -1.1643480062484741]
[0.031185975298285484, -0.020270083099603653, 0.33971160650253296, 1.535452961921692, 0.030551109462976456, 0.8531284332275391] [0.20099596679210663, -0.009245961904525757, 0.11500804126262665, 0.8698199987411499, 1.3268680572509766, 0.06920000165700912, -1.193410038948059, -1.1536099910736084]
[0.029160447418689728, -0.02012111246585846, 0.34060150384902954, 1.5330265760421753, 0.03129689395427704, 0.856071949005127] [0.20406396687030792, -0.01231396198272705, 0.10427004098892212, 0.8744219541549683, 1.3406740427017212, 0.06920000165700912, -1.1842060089111328, -1.1444059610366821]
[0.027131548151373863, -0.020558960735797882, 0.3408184051513672, 1.5363597869873047, 0.03400466591119766, 0.8572571873664856] [0.20713196694850922, -0.01844996213912964, 0.0904640406370163, 0.8790239691734314, 1.3575481176376343, 0.06920000165700912, -1.1719341278076172, -1.1336679458618164]
[0.024348340928554535, -0.02106431871652603, 0.34086138010025024, 1.5292388200759888, 0.040348801761865616, 0.8609864115715027] [0.21173396706581116, -0.021517962217330933, 0.07512404024600983, 0.885159969329834, 1.3606160879135132, 0.06920000165700912, -1.1611961126327515, -1.1259980201721191]
[0.02209029160439968, -0.021465536206960678, 0.3411346971988678, 1.5180286169052124, 0.044674769043922424, 0.8655814528465271] [0.21173396706581116, -0.029187962412834167, 0.05825003981590271, 0.8989659547805786, 1.3682861328125, 0.06920000165700912, -1.1535260677337646, -1.1198619604110718]
[0.019853832200169563, -0.022692900151014328, 0.34080982208251953, 1.5111370086669922, 0.05340375378727913, 0.8704938888549805] [0.2101999670267105, -0.04145996272563934, 0.04291003942489624, 0.9219759702682495, 1.383626103401184, 0.06920000165700912, -1.1458560228347778, -1.1106579303741455]
[0.01637975499033928, -0.02378055639564991, 0.34108418226242065, 1.5095463991165161, 0.05766572058200836, 0.8868722319602966] [0.21173396706581116, -0.06446996331214905, 0.024502038955688477, 0.9572579860687256, 1.3958981037139893, 0.06920000165700912, -1.1366521120071411, -1.1014540195465088]
[0.014317410066723824, -0.02609332650899887, 0.340644896030426, 1.5084716081619263, 0.06589601188898087, 0.889512836933136] [0.2101999670267105, -0.09668396413326263, 0.001492038369178772, 0.9925400018692017, 1.4158400297164917, 0.06920000165700912, -1.1259140968322754, -1.0891820192337036]
[0.010862914845347404, -0.02960621751844883, 0.34017014503479004, 1.50841224193573, 0.0791100561618805, 0.8954049348831177] [0.21173396706581116, -0.12889796495437622, -0.019983962178230286, 1.0262880325317383, 1.4342480897903442, 0.06920000165700912, -1.1136420965194702, -1.078444004058838]
[0.007277066353708506, -0.03336448594927788, 0.33964595198631287, 1.5030070543289185, 0.09327799081802368, 0.8992321491241455] [0.2101999670267105, -0.16571396589279175, -0.04299396276473999, 1.0677059888839722, 1.4480540752410889, 0.06920000165700912, -1.101370096206665, -1.0661720037460327]
[0.00199090875685215, -0.035726845264434814, 0.3393341600894928, 1.5045676231384277, 0.10542183369398117, 0.9195041060447693] [0.21173396706581116, -0.20559796690940857, -0.06907196342945099, 1.1582119464874268, 1.480268120765686, 0.07400000095367432, -1.0937000513076782, -1.0600359439849854]
[-0.011950057931244373, -0.036726344376802444, 0.3385765552520752, 1.5564024448394775, 0.1274680495262146, 1.0186538696289062] [0.20866596698760986, -0.28076398372650146, -0.09975196421146393, 1.3392239809036255, 1.5247540473937988, 0.06760000437498093, -1.0937000513076782, -1.058501958847046]
[-0.019862830638885498, -0.04055086895823479, 0.33819639682769775, 1.5686392784118652, 0.136251300573349, 1.0623188018798828] [0.20866596698760986, -0.3237159848213196, -0.10742195695638657, 1.3668359518051147, 1.5262880325317383, 0.06760000437498093, -1.0798940658569336, -1.0462299585342407]
[-0.019556662067770958, -0.04594001546502113, 0.3377975821495056, 1.5631271600723267, 0.1441776156425476, 1.026485800743103] [0.2101999670267105, -0.363599956035614, -0.1181599572300911, 1.376039981842041, 1.5308901071548462, 0.06720000505447388, -1.0645540952682495, -1.0308899879455566]
[-0.022425081580877304, -0.05097920447587967, 0.3375087082386017, 1.5554627180099487, 0.15563687682151794, 1.0068403482437134] [0.2101999670267105, -0.3958139717578888, -0.1350339651107788, 1.4051859378814697, 1.533958077430725, 0.06760000437498093, -1.0553500652313232, -1.0232199430465698]
[-0.02633972093462944, -0.05325870215892792, 0.3379100263118744, 1.5532891750335693, 0.15912671387195587, 1.0118876695632935] [0.20866596698760986, -0.4249599575996399, -0.14577196538448334, 1.4389339685440063, 1.5431621074676514, 0.06760000437498093, -1.0507481098175049, -1.0186179876327515]
[-0.030013347044587135, -0.05535544082522392, 0.33768710494041443, 1.5656803846359253, 0.16690988838672638, 1.020723819732666] [0.2101999670267105, -0.4525719881057739, -0.15650996565818787, 1.4803520441055298, 1.5631040334701538, 0.06720000505447388, -1.0446120500564575, -1.012481927871704]
[-0.03409329056739807, -0.05593428388237953, 0.3370246887207031, 1.5853372812271118, 0.17660336196422577, 1.0407603979110718] [0.20866596698760986, -0.4648439884185791, -0.17184996604919434, 1.5233039855957031, 1.5815120935440063, 0.06760000437498093, -1.0400100946426392, -1.0078799724578857]
[-0.03880317881703377, -0.05584483966231346, 0.3364325761795044, 1.6018062829971313, 0.1861390620470047, 1.0700048208236694] [0.20866596698760986, -0.4801839590072632, -0.17951996624469757, 1.5585860013961792, 1.5937840938568115, 0.06760000437498093, -1.0384761095046997, -1.0063459873199463]
[-0.039132628589868546, -0.05815694108605385, 0.336082398891449, 1.611350417137146, 0.19241516292095184, 1.0555872917175293] [0.20866596698760986, -0.49552398920059204, -0.1871899664402008, 1.5923340320587158, 1.5968520641326904, 0.06720000505447388, -1.0338740348815918, -1.001744031906128]
[-0.03943128138780594, -0.05944795906543732, 0.33555781841278076, 1.6111211776733398, 0.19865792989730835, 1.0458920001983643] [0.20866596698760986, -0.5016599893569946, -0.1933259665966034, 1.6076740026474, 1.5999200344085693, 0.06760000437498093, -1.0292720794677734, -0.9986760020256042]
[-0.04003702476620674, -0.059540532529354095, 0.33559736609458923, 1.609373688697815, 0.19967782497406006, 1.0453009605407715] [0.2101999670267105, -0.5016599893569946, -0.1963939666748047, 1.6092079877853394, 1.6060560941696167, 0.06760000437498093, -1.0292720794677734, -0.9986760020256042]
[-0.04042498767375946, -0.05955521762371063, 0.33573973178863525, 1.6117347478866577, 0.200044184923172, 1.0448545217514038] [0.2101999670267105, -0.5016599893569946, -0.1963939666748047, 1.6076740026474, 1.6060560941696167, 0.06720000505447388, -1.0292720794677734, -0.9986760020256042]
[-0.04051140323281288, -0.059739772230386734, 0.3357911705970764, 1.611047387123108, 0.19969019293785095, 1.0431989431381226] [0.2101999670267105, -0.5031939744949341, -0.1963939666748047, 1.6061400175094604, 1.6060560941696167, 0.06760000437498093, -1.0292720794677734, -0.9986760020256042]
[-0.04062617942690849, -0.05968362092971802, 0.33576637506484985, 1.6104034185409546, 0.19884474575519562, 1.0433388948440552] [0.21173396706581116, -0.5031939744949341, -0.19485996663570404, 1.600003957748413, 1.6045221090316772, 0.06720000505447388, -1.0292720794677734, -1.0002100467681885]
[-0.04058827459812164, -0.059707604348659515, 0.33590415120124817, 1.609147071838379, 0.19714142382144928, 1.0434067249298096] [0.21173396706581116, -0.5047279596328735, -0.1902579665184021, 1.5861979722976685, 1.6014540195465088, 0.06760000437498093, -1.030806064605713, -1.0002100467681885]
[-0.040002819150686264, -0.0602368488907814, 0.3364867866039276, 1.6080087423324585, 0.19272901117801666, 1.0388292074203491] [0.21173396706581116, -0.5077959895133972, -0.18872396647930145, 1.5800620317459106, 1.6014540195465088, 0.06760000437498093, -1.0338740348815918, -1.0048120021820068]
[-0.039205800741910934, -0.06114201992750168, 0.3366127014160156, 1.6104321479797363, 0.19132880866527557, 1.031587839126587] [0.21173396706581116, -0.5246700048446655, -0.18258796632289886, 1.5754599571228027, 1.6014540195465088, 0.06760000437498093, -1.0415440797805786, -1.0109479427337646]
[-0.03634509816765785, -0.06482431292533875, 0.33636221289634705, 1.6167566776275635, 0.1935560256242752, 1.0007435083389282] [0.21173396706581116, -0.5568839907646179, -0.17491796612739563, 1.566256046295166, 1.5968520641326904, 0.06760000437498093, -1.0492141246795654, -1.020151972770691]
[-0.033553723245859146, -0.06734790652990341, 0.3361693322658539, 1.6196730136871338, 0.19746801257133484, 0.9770827293395996] [0.20559796690940857, -0.5676219463348389, -0.17338396608829498, 1.5585860013961792, 1.595318078994751, 0.06760000437498093, -1.0584180355072021, -1.0308899879455566]
[-0.03162742033600807, -0.06757234781980515, 0.33598124980926514, 1.614020586013794, 0.1992955207824707, 0.9749021530151367] [0.20099596679210663, -0.5676219463348389, -0.1703159660100937, 1.5401780605316162, 1.5830460786819458, 0.06760000437498093, -1.0706900358200073, -1.0446959733963013]
[-0.027108214795589447, -0.06847456097602844, 0.3359615206718445, 1.613869071006775, 0.194015234708786, 0.9556098580360413] [0.19946196675300598, -0.5676219463348389, -0.15650996565818787, 1.5140999555587769, 1.5784441232681274, 0.06760000437498093, -1.0875641107559204, -1.058501958847046]
[-0.02172967605292797, -0.06990274786949158, 0.33624133467674255, 1.608512282371521, 0.18553441762924194, 0.9271339774131775] [0.19792796671390533, -0.5676219463348389, -0.1381019651889801, 1.4864879846572876, 1.5631040334701538, 0.06760000437498093, -1.1059720516204834, -1.078444004058838]
[-0.01653696782886982, -0.0711974948644638, 0.3362315893173218, 1.604607105255127, 0.1783791184425354, 0.9034745097160339] [0.1963939666748047, -0.5676219463348389, -0.1181599572300911, 1.4558080434799194, 1.5462300777435303, 0.06760000437498093, -1.1213120222091675, -1.0953179597854614]
[-0.011280534788966179, -0.07303208857774734, 0.3360939919948578, 1.5979748964309692, 0.1704319566488266, 0.8749598264694214] [0.1963939666748047, -0.5691559910774231, -0.09821796417236328, 1.4205260276794434, 1.5324240922927856, 0.06720000505447388, -1.1366521120071411, -1.1075899600982666]
[-0.002839738503098488, -0.07662826776504517, 0.33616113662719727, 1.5826163291931152, 0.15835115313529968, 0.8196170330047607] [0.19485996663570404, -0.5691559910774231, -0.07674196362495422, 1.3699040412902832, 1.5094140768051147, 0.06760000437498093, -1.155060052871704, -1.1275320053100586]
[0.0040615275502204895, -0.07975830882787704, 0.33593687415122986, 1.5720810890197754, 0.15103363990783691, 0.7764717936515808] [0.18872396647930145, -0.5691559910774231, -0.05679996311664581, 1.3300199508666992, 1.4971420764923096, 0.06760000437498093, -1.1688660383224487, -1.1413379907608032]
[0.009727125987410545, -0.08236242830753326, 0.33592909574508667, 1.5665429830551147, 0.14579105377197266, 0.7407585978507996] [0.18258796632289886, -0.5691559910774231, -0.04452796280384064, 1.2947380542755127, 1.4925401210784912, 0.06760000437498093, -1.1826720237731934, -1.1566779613494873]
[0.015158531256020069, -0.08468049019575119, 0.33590903878211975, 1.5612692832946777, 0.14315620064735413, 0.7080922722816467] [0.17184996604919434, -0.5691559910774231, -0.03225596249103546, 1.2563879489898682, 1.478734016418457, 0.06720000505447388, -1.1995460987091064, -1.1796879768371582]
[0.02236051671206951, -0.08841170370578766, 0.3364453911781311, 1.553781509399414, 0.1328551322221756, 0.6626359820365906] [0.1611119657754898, -0.5691559910774231, -0.013847962021827698, 1.2134360074996948, 1.4679961204528809, 0.06760000437498093, -1.2194880247116089, -1.1950279474258423]
[0.028435800224542618, -0.09186819940805435, 0.3366517722606659, 1.545061469078064, 0.12541577219963074, 0.6217610836029053] [0.15037396550178528, -0.5676219463348389, -0.003109961748123169, 1.1643480062484741, 1.4587920904159546, 0.06760000437498093, -1.2271580696105957, -1.1980960369110107]
[0.03517630323767662, -0.09728820621967316, 0.3345109224319458, 1.5380728244781494, 0.1368962675333023, 0.5593153238296509] [0.14883996546268463, -0.5676219463348389, -0.001575961709022522, 1.1029880046844482, 1.4541900157928467, 0.06760000437498093, -1.2271580696105957, -1.1996300220489502]
[0.03888268768787384, -0.10154744982719421, 0.33400729298591614, 1.5331573486328125, 0.13801448047161102, 0.5128213763237] [0.14883996546268463, -0.5676219463348389, 0.004560038447380066, 1.0615699291229248, 1.4541900157928467, 0.06760000437498093, -1.2271580696105957, -1.1996300220489502]
[0.04171403869986534, -0.10521958768367767, 0.3337889015674591, 1.53097665309906, 0.13863995671272278, 0.4740469753742218] [0.14883996546268463, -0.5676219463348389, 0.010696038603782654, 1.020151972770691, 1.4541900157928467, 0.06760000437498093, -1.2271580696105957, -1.1996300220489502]
[0.044670552015304565, -0.10981419682502747, 0.3335512578487396, 1.5283414125442505, 0.13909119367599487, 0.4257121682167053] [0.14883996546268463, -0.5660879611968994, 0.015298038721084595, 0.9833359718322754, 1.4541900157928467, 0.06760000437498093, -1.2271580696105957, -1.1996300220489502]
[0.04675334692001343, -0.11310113221406937, 0.33372947573661804, 1.5249470472335815, 0.1375972181558609, 0.39155080914497375] [0.14883996546268463, -0.5660879611968994, 0.01836603879928589, 0.9541900157928467, 1.4541900157928467, 0.06760000437498093, -1.2271580696105957, -1.1996300220489502]
[0.04809614270925522, -0.11579495668411255, 0.3332880735397339, 1.5231542587280273, 0.1394682079553604, 0.3653225302696228] [0.15037396550178528, -0.5676219463348389, 0.021434038877487183, 0.9265779852867126, 1.4541900157928467, 0.06760000437498093, -1.2271580696105957, -1.1996300220489502]
[0.04867720976471901, -0.11682719737291336, 0.3338668644428253, 1.5267820358276367, 0.1339556872844696, 0.35554924607276917] [0.15037396550178528, -0.5660879611968994, 0.03217203915119171, 0.9265779852867126, 1.4541900157928467, 0.06760000437498093, -1.2271580696105957, -1.1980960369110107]
[0.04891273006796837, -0.11743728816509247, 0.3352755606174469, 1.5382609367370605, 0.12070026248693466, 0.35138219594955444] [0.15344196557998657, -0.5691559910774231, 0.06285203993320465, 0.9158399701118469, 1.4541900157928467, 0.06760000437498093, -1.2271580696105957, -1.1980960369110107]
[0.050262607634067535, -0.12024544179439545, 0.33809155225753784, 1.563584327697754, 0.09459757059812546, 0.3253862261772156] [0.1611119657754898, -0.572223961353302, 0.10733804106712341, 0.8805580139160156, 1.4541900157928467, 0.06760000437498093, -1.2271580696105957, -1.1996300220489502]
[0.05278623104095459, -0.12601126730442047, 0.34084969758987427, 1.5964720249176025, 0.06813640147447586, 0.27160558104515076] [0.16571396589279175, -0.572223961353302, 0.16102804243564606, 0.8314700126647949, 1.4879380464553833, 0.07400000095367432, -1.2271580696105957, -1.1996300220489502]
[0.0553537979722023, -0.1319391131401062, 0.3460955321788788, 1.7005196809768677, 0.03262645751237869, 0.21752998232841492] [0.16571396589279175, -0.5737580060958862, 0.23312604427337646, 0.7793139815330505, 1.5615700483322144, 0.08840000629425049, -1.2271580696105957, -1.1996300220489502]
[0.05745816230773926, -0.1387462615966797, 0.350820392370224, 1.8363585472106934, 0.0029571650084108114, 0.1591179221868515] [0.17491796612739563, -0.5814279913902283, 0.2960200309753418, 0.7317599654197693, 1.7057660818099976, 0.2727999985218048, -1.2271580696105957, -1.1996300220489502]
[0.05928576737642288, -0.15751509368419647, 0.35393181443214417, 2.0878758430480957, -0.016489338129758835, 0.00902506522834301] [0.19946196675300598, -0.5829619765281677, 0.4463520646095276, 0.5568839907646179, 1.819282054901123, 0.3928000032901764, -1.2271580696105957, -1.1996300220489502]
[0.057952336966991425, -0.18827514350414276, 0.35630643367767334, 2.3808324337005615, -0.025227410718798637, -0.2434304803609848] [0.21786996722221375, -0.5814279913902283, 0.7332100868225098, 0.33905595541000366, 1.859166145324707, 0.04840000346302986, -1.2271580696105957, -1.1996300220489502]
[0.05007557570934296, -0.21508555114269257, 0.34946078062057495, 2.680628776550293, 0.04442887380719185, -0.4621264338493347] [0.23014196753501892, -0.5814279913902283, 1.0998361110687256, 0.12889796495437622, 1.859166145324707, 0.06920000165700912, -1.2271580696105957, -1.1980960369110107]
[0.040544234216213226, -0.23128174245357513, 0.3338037431240082, 2.964691400527954, 0.18202155828475952, -0.5930149555206299] [0.24854996800422668, -0.5844959616661072, 1.3590821027755737, 0.029187962412834167, 1.859166145324707, 0.06920000165700912, -1.2256240844726562, -1.1980960369110107]
[0.03733410686254501, -0.23315085470676422, 0.3246017098426819, 3.075831651687622, 0.22672989964485168, -0.60416179895401] [0.3083759546279907, -0.5844959616661072, 1.4311801195144653, 0.029187962412834167, 1.859166145324707, 0.06920000165700912, -1.2271580696105957, -1.1996300220489502]
[0.03562987595796585, -0.2333715558052063, 0.3180660009384155, 3.0627341270446777, 0.25858643651008606, -0.610106348991394] [0.34519195556640625, -0.5844959616661072, 1.4388500452041626, 0.029187962412834167, 1.859166145324707, 0.06920000165700912, -1.2271580696105957, -1.1996300220489502]
[0.03364920988678932, -0.23343342542648315, 0.31083232164382935, 3.0431764125823975, 0.2942940294742584, -0.6171504259109497] [0.3820079565048218, -0.5844959616661072, 1.4480540752410889, 0.029187962412834167, 1.859166145324707, 0.06920000165700912, -1.2256240844726562, -1.1996300220489502]
[0.03340544551610947, -0.23355932533740997, 0.3101269602775574, 3.0495200157165527, 0.29801881313323975, -0.6182361245155334] [0.38507598638534546, -0.5844959616661072, 1.4511220455169678, 0.030721962451934814, 1.8607001304626465, 0.06920000165700912, -1.2256240844726562, -1.1996300220489502]
[0.03311518207192421, -0.23352915048599243, 0.3099922835826874, 3.0493078231811523, 0.29824790358543396, -0.6181724071502686] [0.38814395666122437, -0.5844959616661072, 1.4511220455169678, 0.030721962451934814, 1.859166145324707, 0.06920000165700912, -1.2256240844726562, -1.1980960369110107]
[0.03423822671175003, -0.23139405250549316, 0.30838173627853394, 3.050050973892212, 0.30567285418510437, -0.6066228747367859] [0.3927459716796875, -0.5660879611968994, 1.4495880603790283, 0.030721962451934814, 1.859166145324707, 0.06920000165700912, -1.2271580696105957, -1.1980960369110107]
[0.035177186131477356, -0.23007144033908844, 0.30787304043769836, 3.050881862640381, 0.3078139126300812, -0.5990191698074341] [0.39121198654174805, -0.56455397605896, 1.4495880603790283, 0.030721962451934814, 1.859166145324707, 0.06920000165700912, -1.2271580696105957, -1.1965620517730713]
[0.03512200713157654, -0.2301003634929657, 0.3078012764453888, 3.050753116607666, 0.3079959452152252, -0.5992386937141418] [0.39121198654174805, -0.56455397605896, 1.4495880603790283, 0.030721962451934814, 1.859166145324707, 0.06920000165700912, -1.2271580696105957, -1.1965620517730713]
[0.035310424864292145, -0.23008304834365845, 0.3080856204032898, 3.051588296890259, 0.3068334460258484, -0.5988527536392212] [0.39121198654174805, -0.56455397605896, 1.4495880603790283, 0.030721962451934814, 1.859166145324707, 0.06920000165700912, -1.2271580696105957, -1.1965620517730713]
[0.035207513719797134, -0.23010815680027008, 0.3077830970287323, 3.050542116165161, 0.3083232343196869, -0.5993221402168274] [0.39121198654174805, -0.56455397605896, 1.4495880603790283, 0.030721962451934814, 1.859166145324707, 0.06920000165700912, -1.2271580696105957, -1.1980960369110107]
[0.03531160205602646, -0.23010128736495972, 0.30808162689208984, 3.051513195037842, 0.30693960189819336, -0.5989791750907898] [0.3927459716796875, -0.56455397605896, 1.4495880603790283, 0.030721962451934814, 1.859166145324707, 0.06920000165700912, -1.2256240844726562, -1.1980960369110107]
[0.03519562631845474, -0.23011499643325806, 0.3077857494354248, 3.05055832862854, 0.3082934617996216, -0.5993596315383911] [0.3927459716796875, -0.56455397605896, 1.4495880603790283, 0.030721962451934814, 1.859166145324707, 0.06920000165700912, -1.2271580696105957, -1.1980960369110107]
[0.035536471754312515, -0.23022869229316711, 0.307744562625885, 3.0516085624694824, 0.3083460330963135, -0.5990049839019775] [0.3927459716796875, -0.56455397605896, 1.4495880603790283, 0.030721962451934814, 1.859166145324707, 0.9968000054359436, -1.2271580696105957, -1.1965620517730713]
