[0.061663154512643814, -0.20493237674236298, 0.2988525629043579, 3.093168020248413, 0.3431228995323181, -0.4616592526435852] [0.3405899703502655, -0.4326299726963043, 1.541628122329712, 0.03378996253013611, 1.7349120378494263, 0.9968000054359436, -1.2992560863494873, -1.2932039499282837]
[0.061796173453330994, -0.20461228489875793, 0.29890313744544983, 3.0951931476593018, 0.34312400221824646, -0.46007975935935974] [0.3405899703502655, -0.4326299726963043, 1.5431621074676514, 0.03378996253013611, 1.7349120378494263, 0.9968000054359436, -1.2685760259628296, -1.2517859935760498]
[0.059344325214624405, -0.20461757481098175, 0.3023848533630371, 3.10195255279541, 0.3276209831237793, -0.457297146320343] [0.3436579704284668, -0.4326299726963043, 1.5400941371917725, 0.03378996253013611, 1.7349120378494263, 0.9968000054359436, -1.2501680850982666, -1.2349120378494263]
[0.057144876569509506, -0.2046719640493393, 0.3053240180015564, 3.1105339527130127, 0.31426456570625305, -0.45512402057647705] [0.34212398529052734, -0.4326299726963043, 1.541628122329712, 0.03378996253013611, 1.7349120378494263, 0.9968000054359436, -1.2455661296844482, -1.2303099632263184]
[0.055794354528188705, -0.20467150211334229, 0.30723556876182556, 3.1151669025421143, 0.30526983737945557, -0.45371344685554504] [0.34212398529052734, -0.4326299726963043, 1.541628122329712, 0.03378996253013611, 1.7349120378494263, 0.9968000054359436, -1.2455661296844482, -1.228775978088379]
[0.055183060467243195, -0.2046707719564438, 0.30812719464302063, 3.1172876358032227, 0.3011314868927002, -0.4530809819698334] [0.34212398529052734, -0.4326299726963043, 1.5400941371917725, 0.03378996253013611, 1.7349120378494263, 0.9968000054359436, -1.2455661296844482, -1.228775978088379]
[0.057562895119190216, -0.20180052518844604, 0.314916729927063, 3.045346975326538, 0.24984852969646454, -0.4326237440109253] [0.3313859701156616, -0.42342597246170044, 1.4526560306549072, 0.09975196421146393, 1.7287760972976685, 0.06120000407099724, -1.2424980401992798, -1.2241740226745605]
[0.06221367418766022, -0.1928960680961609, 0.32864493131637573, 2.958322048187256, 0.12388748675584793, -0.36395302414894104] [0.3405899703502655, -0.4157559871673584, 1.3007900714874268, 0.3267839550971985, 1.7287760972976685, 0.06120000407099724, -1.2424980401992798, -1.2241740226745605]
[0.06595416367053986, -0.1742328256368637, 0.34564289450645447, 2.765484571456909, -0.03268878906965256, -0.21667736768722534] [0.3375219702720642, -0.4157559871673584, 1.0507481098175049, 0.5676219463348389, 1.7287760972976685, 0.06120000407099724, -1.2424980401992798, -1.2241740226745605]
[0.06608053296804428, -0.1453467756509781, 0.35773926973342896, 2.5516276359558105, -0.14434532821178436, 0.012583570554852486] [0.3313859701156616, -0.4050179719924927, 0.8543960452079773, 0.742497980594635, 1.7287760972976685, 0.06120000407099724, -1.2409640550613403, -1.222640037536621]
[0.06192265823483467, -0.12498514354228973, 0.36163514852523804, 2.4260001182556152, -0.18745559453964233, 0.18498694896697998] [0.32985198497772217, -0.4019499719142914, 0.7592880725860596, 0.8360719680786133, 1.7287760972976685, 0.06080000475049019, -1.2409640550613403, -1.222640037536621]
[0.05735301598906517, -0.10991699248552322, 0.36312660574913025, 2.3541791439056396, -0.20665498077869415, 0.31378793716430664] [0.3283179700374603, -0.3866099715232849, 0.7163360714912415, 0.8989659547805786, 1.7287760972976685, 0.06120000407099724, -1.2378960847854614, -1.2180379629135132]
[0.05627172812819481, -0.10320684313774109, 0.36557283997535706, 2.356449842453003, -0.226904958486557, 0.355792373418808] [0.3206479549407959, -0.34519195556640625, 0.7102000713348389, 0.9342479705810547, 1.7287760972976685, 0.06080000475049019, -1.2302260398864746, -1.210368037223816]
[0.05119539052248001, -0.08736450970172882, 0.36986270546913147, 2.3339829444885254, -0.26262810826301575, 0.4692787826061249] [0.30990996956825256, -0.29917198419570923, 0.6764520406723022, 0.9864040017127991, 1.730310082435608, 0.06080000475049019, -1.2225561141967773, -1.2042319774627686]
[0.04519336298108101, -0.0747910737991333, 0.3726416230201721, 2.2881505489349365, -0.2795524299144745, 0.5716732144355774] [0.29610395431518555, -0.26082196831703186, 0.6135580539703369, 1.0416280031204224, 1.7287760972976685, 0.06120000407099724, -1.21642005443573, -1.1950279474258423]
[0.03506463021039963, -0.059989381581544876, 0.3719733655452728, 2.1929574012756348, -0.26316067576408386, 0.7181283831596375] [0.2776959538459778, -0.2500839829444885, 0.48010003566741943, 1.1582119464874268, 1.7287760972976685, 0.06120000407099724, -1.213352084159851, -1.1950279474258423]
[0.02332407794892788, -0.04708731546998024, 0.3651001453399658, 2.0821263790130615, -0.1906524896621704, 0.8707904815673828] [0.2562199831008911, -0.24701596796512604, 0.3159620463848114, 1.2425819635391235, 1.7287760972976685, 0.06120000407099724, -1.2118180990219116, -1.1888920068740845]
[0.015298832207918167, -0.038340013474226, 0.35832956433296204, 2.0199084281921387, -0.12231609970331192, 0.9673255085945129] [0.24394796788692474, -0.2163359671831131, 0.2668740451335907, 1.2548539638519287, 1.7287760972976685, 0.06120000407099724, -1.2026140689849854, -1.1796879768371582]
[0.009053359739482403, -0.028703927993774414, 0.3621003329753876, 2.0087599754333496, -0.14465104043483734, 1.0394747257232666] [0.23167596757411957, -0.14883996546268463, 0.25920403003692627, 1.260990023612976, 1.7287760972976685, 0.06120000407099724, -1.193410038948059, -1.170483946800232]
[-0.0006162564968690276, -0.013952738605439663, 0.36488133668899536, 1.9859673976898193, -0.15298816561698914, 1.1469467878341675] [0.21173396706581116, -0.029187962412834167, 0.21625204384326935, 1.260990023612976, 1.7287760972976685, 0.06120000407099724, -1.1826720237731934, -1.1582119464874268]
[-0.00992300733923912, -0.003137402469292283, 0.3637878894805908, 1.9510362148284912, -0.1271417737007141, 1.2319022417068481] [0.20252996683120728, 0.003026038408279419, 0.17790204286575317, 1.260990023612976, 1.7287760972976685, 0.06120000407099724, -1.1704000234603882, -1.1428719758987427]
[-0.012665470130741596, -0.002344005275517702, 0.3618086576461792, 1.9255505800247192, -0.09883219748735428, 1.240503191947937] [0.19946196675300598, 0.001492038369178772, 0.14108604192733765, 1.260990023612976, 1.7287760972976685, 0.06120000407099724, -1.1565940380096436, -1.129065990447998]
[-0.016506170853972435, -0.0008443085243925452, 0.3590430021286011, 1.8992600440979004, -0.0652846246957779, 1.2548617124557495] [0.19946196675300598, 0.0122300386428833, 0.09813404083251953, 1.260990023612976, 1.7287760972976685, 0.06120000407099724, -1.13972008228302, -1.113726019859314]
[-0.02143842913210392, 0.0015308752190321684, 0.3555073142051697, 1.867029070854187, -0.023084336891770363, 1.2768892049789429] [0.19792796671390533, 0.024502038955688477, 0.04904603958129883, 1.260990023612976, 1.7287760972976685, 0.06080000475049019, -1.1213120222091675, -1.0953179597854614]
[-0.025201890617609024, 0.003107963828369975, 0.35263025760650635, 1.8444581031799316, 0.008829912170767784, 1.290723443031311] [0.19792796671390533, 0.039842039346694946, 0.0122300386428833, 1.2594560384750366, 1.7287760972976685, 0.06080000475049019, -1.1029040813446045, -1.0738420486450195]
[-0.0319741815328598, 0.005915079731494188, 0.35050222277641296, 1.8083741664886475, 0.042571522295475006, 1.3171477317810059] [0.19946196675300598, 0.055182039737701416, -0.03839196264743805, 1.2594560384750366, 1.7287760972976685, 0.06120000407099724, -1.081428050994873, -1.052366018295288]
[-0.0359673798084259, 0.006375298835337162, 0.34669455885887146, 1.7826138734817505, 0.0817694216966629, 1.3222236633300781] [0.20406396687030792, 0.05825003981590271, -0.07674196362495422, 1.2594560384750366, 1.7287760972976685, 0.06120000407099724, -1.06302011013031, -1.0262880325317383]
[-0.04083118587732315, 0.006037757266312838, 0.34358638525009155, 1.75308358669281, 0.11678726971149445, 1.3220750093460083] [0.2132679671049118, 0.05825003981590271, -0.11202395707368851, 1.2579219341278076, 1.7287760972976685, 0.06120000407099724, -1.0400100946426392, -1.012481927871704]
[-0.04329226166009903, 0.006043803412467241, 0.3438529670238495, 1.7352508306503296, 0.12181466817855835, 1.317378044128418] [0.21480196714401245, 0.05978403985500336, -0.11662595719099045, 1.2533199787139893, 1.7287760972976685, 0.06120000407099724, -1.0262041091918945, -0.9818019866943359]
[-0.04995374754071236, 0.007341017946600914, 0.34316593408584595, 1.713254690170288, 0.1318882256746292, 1.3242840766906738] [0.23167596757411957, 0.07359004020690918, -0.13349996507167816, 1.245650053024292, 1.727242112159729, 0.06120000407099724, -0.9985920786857605, -0.9710639715194702]
[-0.051775842905044556, 0.00833377055823803, 0.3408488631248474, 1.7152107954025269, 0.14208976924419403, 1.3202967643737793] [0.28076398372650146, 0.09813404083251953, -0.15037396550178528, 1.228775978088379, 1.727242112159729, 0.06120000407099724, -0.9847860336303711, -0.958791971206665]
[-0.05603264644742012, 0.009852547198534012, 0.33607587218284607, 1.7273414134979248, 0.16080807149410248, 1.3306777477264404] [0.28689998388290405, 0.09813404083251953, -0.15650996565818787, 1.2272419929504395, 1.727242112159729, 0.06120000407099724, -0.9817180633544922, -0.9572579860687256]
[-0.05639934167265892, 0.009691436775028706, 0.3360806405544281, 1.7194175720214844, 0.16230428218841553, 1.321987509727478] [0.2884339690208435, 0.09813404083251953, -0.1580439656972885, 1.2165039777755737, 1.727242112159729, 0.06120000407099724, -0.9817180633544922, -0.9572579860687256]
[-0.05502365157008171, 0.009455627761781216, 0.336067259311676, 1.7174789905548096, 0.1620447188615799, 1.3095953464508057] [0.28996795415878296, 0.09813404083251953, -0.1580439656972885, 1.2011640071868896, 1.727242112159729, 0.06080000475049019, -0.9863200783729553, -0.9618600010871887]
[-0.05270368233323097, 0.009142277762293816, 0.3358394205570221, 1.7173280715942383, 0.1625862866640091, 1.2929236888885498] [0.2884339690208435, 0.09813404083251953, -0.1580439656972885, 1.1842899322509766, 1.727242112159729, 0.06080000475049019, -0.9939900636672974, -0.9710639715194702]
[-0.04939340427517891, 0.008702787570655346, 0.33553221821784973, 1.7197961807250977, 0.16241881251335144, 1.2720836400985718] [0.2884339690208435, 0.09813404083251953, -0.15650996565818787, 1.1628140211105347, 1.727242112159729, 0.06080000475049019, -1.0139321088790894, -0.9910060167312622]
[-0.04318403825163841, 0.0078067178837955, 0.33453473448753357, 1.73031747341156, 0.1647232621908188, 1.241813063621521] [0.28689998388290405, 0.09660004079341888, -0.15190796554088593, 1.1305999755859375, 1.727242112159729, 0.06080000475049019, -1.023136019706726, -1.0002100467681885]
[-0.038480617105960846, 0.007372086867690086, 0.3336623013019562, 1.739831566810608, 0.164866104722023, 1.2206432819366455] [0.2853659689426422, 0.09506604075431824, -0.14883996546268463, 1.113726019859314, 1.727242112159729, 0.06120000407099724, -1.0338740348815918, -1.0078799724578857]
[-0.03427650406956673, 0.006558801047503948, 0.3325338363647461, 1.7513595819473267, 0.17161810398101807, 1.202933430671692] [0.28383195400238037, 0.09353204071521759, -0.14730596542358398, 1.1014540195465088, 1.727242112159729, 0.06120000407099724, -1.0384761095046997, -1.0109479427337646]
[-0.03013312816619873, 0.00565500371158123, 0.33216267824172974, 1.7508352994918823, 0.17533181607723236, 1.1778470277786255] [0.28076398372650146, 0.09199804067611694, -0.14730596542358398, 1.0600359439849854, 1.727242112159729, 0.06120000407099724, -1.0584180355072021, -1.0339579582214355]
[-0.024249671027064323, 0.004550997633486986, 0.3310873508453369, 1.7547880411148071, 0.18044732511043549, 1.1485501527786255] [0.2746279835700989, 0.09199804067611694, -0.14730596542358398, 1.0462299585342407, 1.727242112159729, 0.06080000475049019, -1.0890980958938599, -1.0661720037460327]
[-0.013164718635380268, 0.002309898380190134, 0.33112844824790955, 1.750394582748413, 0.182294100522995, 1.1011981964111328] [0.24087996780872345, 0.0904640406370163, -0.14730596542358398, 1.0048120021820068, 1.727242112159729, 0.06080000475049019, -1.101370096206665, -1.0769100189208984]
[-0.009664003737270832, 0.001707616844214499, 0.33126190304756165, 1.7466751337051392, 0.1823941171169281, 1.0875440835952759] [0.23167596757411957, 0.0904640406370163, -0.14730596542358398, 0.9833359718322754, 1.7257081270217896, 0.06080000475049019, -1.1090400218963623, -1.0845799446105957]
[-0.00027104656328447163, -0.0009843818843364716, 0.33175164461135864, 1.73030424118042, 0.1837521195411682, 1.0341465473175049] [0.20099596679210663, 0.08893004059791565, -0.15190796554088593, 0.9311800003051758, 1.7257081270217896, 0.06080000475049019, -1.1381860971450806, -1.113726019859314]
[0.004638554062694311, -0.0022094971500337124, 0.3326472043991089, 1.7204302549362183, 0.18158844113349915, 1.0100945234298706] [0.18105396628379822, 0.08893004059791565, -0.15497596561908722, 0.8728879690170288, 1.7241740226745605, 0.06080000475049019, -1.1796040534973145, -1.1536099910736084]
[0.0179632268846035, -0.006425243336707354, 0.3332366645336151, 1.701759934425354, 0.18096540868282318, 0.9458469152450562] [0.14270396530628204, 0.08126004040241241, -0.15650996565818787, 0.8636839985847473, 1.7241740226745605, 0.06120000407099724, -1.2256240844726562, -1.2011640071868896]
[0.030377786606550217, -0.010637758299708366, 0.3335874378681183, 1.6966826915740967, 0.17893964052200317, 0.903859555721283] [0.09821796417236328, 0.07052204012870789, -0.15497596561908722, 0.8207319974899292, 1.7241740226745605, 0.06120000407099724, -1.2394300699234009, -1.2149699926376343]
[0.039727114140987396, -0.015007637441158295, 0.3304348587989807, 1.7032171487808228, 0.188277006149292, 0.8475164771080017] [0.09668396413326263, 0.06285203993320465, -0.15497596561908722, 0.7670419812202454, 1.7241740226745605, 0.06120000407099724, -1.2394300699234009, -1.2149699926376343]
[0.041289642453193665, -0.01574648730456829, 0.33118829131126404, 1.694173812866211, 0.18546997010707855, 0.824191153049469] [0.09668396413326263, 0.06285203993320465, -0.15497596561908722, 0.7486339807510376, 1.7241740226745605, 0.06080000475049019, -1.2394300699234009, -1.2149699926376343]
[0.04326930269598961, -0.01748574897646904, 0.3313716650009155, 1.6891145706176758, 0.18438562750816345, 0.8004106879234314] [0.09668396413326263, 0.05978403985500336, -0.15497596561908722, 0.7225559949874878, 1.7241740226745605, 0.06120000407099724, -1.2394300699234009, -1.2134360074996948]
[0.044549815356731415, -0.018252361565828323, 0.3316635489463806, 1.6848201751708984, 0.18271808326244354, 0.7842418551445007] [0.09668396413326263, 0.061318039894104004, -0.15497596561908722, 0.7179539799690247, 1.7241740226745605, 0.06120000407099724, -1.2378960847854614, -1.210368037223816]
[0.0421927385032177, -0.01773703843355179, 0.33309251070022583, 1.678637146949768, 0.17743468284606934, 0.7956858277320862] [0.09514996409416199, 0.061318039894104004, -0.1580439656972885, 0.742497980594635, 1.7241740226745605, 0.06120000407099724, -1.221022129058838, -1.1965620517730713]
[0.03982473909854889, -0.016809575259685516, 0.333898663520813, 1.6759177446365356, 0.17527569830417633, 0.8089494705200195] [0.09668396413326263, 0.05978403985500336, -0.1611119657754898, 0.7440319657325745, 1.7241740226745605, 0.06080000475049019, -1.2118180990219116, -1.187358021736145]
[0.037365157157182693, -0.01700122095644474, 0.33435237407684326, 1.6657203435897827, 0.1758379340171814, 0.8093637824058533] [0.10281995683908463, 0.05978403985500336, -0.16878196597099304, 0.7470999956130981, 1.7257081270217896, 0.06080000475049019, -1.1964781284332275, -1.1689499616622925]
[0.035833705216646194, -0.0170966275036335, 0.3349694013595581, 1.6544773578643799, 0.17587316036224365, 0.8080508708953857] [0.10588795691728592, 0.05825003981590271, -0.17645196616649628, 0.7486339807510376, 1.7257081270217896, 0.06120000407099724, -1.1765360832214355, -1.1505420207977295]
[0.03317524120211601, -0.017521463334560394, 0.3361530601978302, 1.641351342201233, 0.17418058216571808, 0.8076428771018982] [0.11048995703458786, 0.055182039737701416, -0.19179196655750275, 0.7563039660453796, 1.727242112159729, 0.06080000475049019, -1.1504580974578857, -1.1229300498962402]
[0.028151491656899452, -0.018259666860103607, 0.33632832765579224, 1.6287025213241577, 0.17692677676677704, 0.8088553547859192] [0.13043196499347687, 0.04751203954219818, -0.19946196675300598, 0.770110011100769, 1.727242112159729, 0.06120000407099724, -1.1259140968322754, -1.0999200344085693]
[0.023742903023958206, -0.018516335636377335, 0.3360290229320526, 1.6254222393035889, 0.17947307229042053, 0.8159365653991699] [0.16878196597099304, 0.019900038838386536, -0.20252996683120728, 0.7931199669837952, 1.7287760972976685, 0.06120000407099724, -1.0768260955810547, -1.052366018295288]
[0.01497183833271265, -0.02353004366159439, 0.3352629542350769, 1.626312255859375, 0.18186812102794647, 0.8031232357025146] [0.1902579665184021, 0.001492038369178772, -0.20252996683120728, 0.8053919672966003, 1.7287760972976685, 0.06080000475049019, -1.0522820949554443, -1.0032780170440674]
[0.006021558307111263, -0.026903951540589333, 0.3360700011253357, 1.620789647102356, 0.17618127167224884, 0.8029681444168091] [0.22247196733951569, -0.03225596249103546, -0.20252996683120728, 0.8483439683914185, 1.730310082435608, 0.06120000407099724, -1.0093300342559814, -0.9864040017127991]
[-0.0025552755687385798, -0.031023913994431496, 0.33778300881385803, 1.6159511804580688, 0.16796453297138214, 0.8081853985786438] [0.2424139678478241, -0.07520796358585358, -0.20252996683120728, 0.8958979845046997, 1.7333780527114868, 0.06080000475049019, -0.9832520484924316, -0.9649279713630676]
[-0.004765185061842203, -0.03241684287786484, 0.3380466103553772, 1.6160423755645752, 0.16652847826480865, 0.8076629042625427] [0.24701596796512604, -0.1150919571518898, -0.20252996683120728, 0.9495880007743835, 1.7364461421966553, 0.06080000475049019, -0.969446063041687, -0.9495880007743835]
[-0.011068286374211311, -0.036092162132263184, 0.33902105689048767, 1.6198914051055908, 0.1646323800086975, 0.8278881907463074] [0.2500839829444885, -0.1411699652671814, -0.20406396687030792, 0.989471971988678, 1.7349120378494263, 0.06120000407099724, -0.9556400775909424, -0.9357819557189941]
[-0.017640836536884308, -0.03880448639392853, 0.3384018540382385, 1.6184183359146118, 0.17506557703018188, 0.85639488697052] [0.2500839829444885, -0.18258796632289886, -0.21786996722221375, 1.058501958847046, 1.7410480976104736, 0.06080000475049019, -0.9464360475540161, -0.9281119704246521]
[-0.024947555735707283, -0.04113264009356499, 0.3375854790210724, 1.6324771642684937, 0.19211190938949585, 0.8824174404144287] [0.2500839829444885, -0.2194039672613144, -0.24701596796512604, 1.1305999755859375, 1.7763301134109497, 0.06080000475049019, -0.9218920469284058, -0.9035679697990417]
[-0.029280519112944603, -0.04176278039813042, 0.3369990885257721, 1.6412922143936157, 0.20224629342556, 0.9011160731315613] [0.2500839829444885, -0.2500839829444885, -0.2654239535331726, 1.1934939622879028, 1.8024080991744995, 0.06080000475049019, -0.9050180912017822, -0.8882279992103577]
[-0.03583972528576851, -0.0438622422516346, 0.3368256688117981, 1.6559410095214844, 0.21228249371051788, 0.9196838736534119] [0.2500839829444885, -0.26082196831703186, -0.2715599536895752, 1.2072999477386475, 1.8054760694503784, 0.06080000475049019, -0.895814061164856, -0.8790239691734314]
[-0.038028065115213394, -0.0466935969889164, 0.3369177281856537, 1.6547726392745972, 0.2150638848543167, 0.9127106666564941] [0.2500839829444885, -0.28996795415878296, -0.2776959538459778, 1.222640037536621, 1.8100781440734863, 0.06080000475049019, -0.895814061164856, -0.8790239691734314]
[-0.03448914736509323, -0.05164209380745888, 0.3372596204280853, 1.6453157663345337, 0.21177247166633606, 0.8609810471534729] [0.2500839829444885, -0.3053079843521118, -0.28383195400238037, 1.1919599771499634, 1.8100781440734863, 0.06080000475049019, -0.8973480463027954, -0.8805580139160156]
[-0.03358657658100128, -0.05260709300637245, 0.3369602859020233, 1.6445934772491455, 0.2131640464067459, 0.850229024887085] [0.251617968082428, -0.30684196949005127, -0.28383195400238037, 1.1735520362854004, 1.8100781440734863, 0.06080000475049019, -0.9080860614776611, -0.8882279992103577]
[-0.022789523005485535, -0.06001865491271019, 0.3377886712551117, 1.627381682395935, 0.20409409701824188, 0.7428684234619141] [0.251617968082428, -0.3114439845085144, -0.28383195400238037, 1.0615699291229248, 1.8085440397262573, 0.06120000407099724, -0.9157560467720032, -0.9112379550933838]
[-0.009449474513530731, -0.06801679730415344, 0.33744755387306213, 1.6145857572555542, 0.20686562359333038, 0.6243897676467896] [0.25315195322036743, -0.3114439845085144, -0.2822979688644409, 0.9465199708938599, 1.8070100545883179, 0.06080000475049019, -0.9418340921401978, -0.9219759702682495]
[0.0013847206719219685, -0.07614535838365555, 0.3367229104042053, 1.610924243927002, 0.2038680613040924, 0.531903088092804] [0.25315195322036743, -0.31297796964645386, -0.2746279835700989, 0.8575479984283447, 1.8070100545883179, 0.06080000475049019, -0.9648440480232239, -0.943452000617981]
[0.00514569878578186, -0.078758604824543, 0.3359792232513428, 1.6130213737487793, 0.2053164392709732, 0.504179835319519] [0.251617968082428, -0.31297796964645386, -0.2715599536895752, 0.7900519967079163, 1.8070100545883179, 0.06120000407099724, -0.9863200783729553, -0.9679960012435913]
[0.01408701203763485, -0.08554708957672119, 0.33533525466918945, 1.6204726696014404, 0.20059208571910858, 0.4332212805747986] [0.2500839829444885, -0.31297796964645386, -0.2546859681606293, 0.7624399662017822, 1.8070100545883179, 0.06080000475049019, -1.0185340642929077, -1.0002100467681885]
[0.02313225530087948, -0.09159596264362335, 0.3350565433502197, 1.6407883167266846, 0.1939411610364914, 0.37286362051963806] [0.24701596796512604, -0.31297796964645386, -0.22400596737861633, 0.6995459794998169, 1.8070100545883179, 0.06120000407099724, -1.0292720794677734, -1.020151972770691]
[0.028945893049240112, -0.09577944129705429, 0.3343965411186218, 1.6592848300933838, 0.1908501386642456, 0.3318513333797455] [0.2454819679260254, -0.31604596972465515, -0.19485996663570404, 0.6473900079727173, 1.8070100545883179, 0.06120000407099724, -1.0538160800933838, -1.0339579582214355]
[0.035618722438812256, -0.10218176990747452, 0.3342697322368622, 1.6931474208831787, 0.18306371569633484, 0.28535136580467224] [0.2393459677696228, -0.3375219702720642, -0.15650996565818787, 0.6228460073471069, 1.8070100545883179, 0.06080000475049019, -1.0890980958938599, -1.0692399740219116]
[0.039021845906972885, -0.10673583298921585, 0.33279043436050415, 1.704331874847412, 0.18982388079166412, 0.25932618975639343] [0.2362779676914215, -0.34825998544692993, -0.14730596542358398, 0.6044379472732544, 1.8070100545883179, 0.06120000407099724, -1.1090400218963623, -1.0891820192337036]
[0.044101811945438385, -0.10944482684135437, 0.330661416053772, 1.7067534923553467, 0.19991907477378845, 0.23570868372917175] [0.22707396745681763, -0.3497939705848694, -0.14577196538448334, 0.5844959616661072, 1.8070100545883179, 0.06120000407099724, -1.124380111694336, -1.1045219898223877]
[0.046971067786216736, -0.11127440631389618, 0.33076128363609314, 1.7073867321014404, 0.19873173534870148, 0.2206728756427765] [0.21480196714401245, -0.3497939705848694, -0.14270396530628204, 0.5752919912338257, 1.8070100545883179, 0.06120000407099724, -1.1366521120071411, -1.1183279752731323]
[0.04918842017650604, -0.11229441314935684, 0.3317653238773346, 1.7068833112716675, 0.19361478090286255, 0.21298731863498688] [0.20099596679210663, -0.355929970741272, -0.14270396530628204, 0.5737580060958862, 1.8070100545883179, 0.06120000407099724, -1.155060052871704, -1.1367360353469849]
[0.05259009450674057, -0.1142897978425026, 0.33147189021110535, 1.707159399986267, 0.19605468213558197, 0.20397606492042542] [0.18565596640110016, -0.3605319857597351, -0.14270396530628204, 0.5737580060958862, 1.8070100545883179, 0.06080000475049019, -1.162730097770691, -1.1428719758987427]
[0.0541522316634655, -0.11455533653497696, 0.33068040013313293, 1.707532525062561, 0.20102789998054504, 0.20241376757621765] [0.18105396628379822, -0.363599956035614, -0.14270396530628204, 0.572223961353302, 1.8070100545883179, 0.06080000475049019, -1.1704000234603882, -1.152076005935669]
[0.05580810084939003, -0.11733050644397736, 0.3305020332336426, 1.7192178964614868, 0.1996196061372757, 0.18952389061450958] [0.17798596620559692, -0.3804739713668823, -0.12122795730829239, 0.5737580060958862, 1.8070100545883179, 0.06080000475049019, -1.1765360832214355, -1.1566779613494873]
[0.05654517188668251, -0.11967010051012039, 0.3307696580886841, 1.7327289581298828, 0.19589772820472717, 0.1779600828886032] [0.17798596620559692, -0.39121198654174805, -0.09514996409416199, 0.5737580060958862, 1.8070100545883179, 0.06120000407099724, -1.178070068359375, -1.1597459316253662]
[0.05747252702713013, -0.12072458118200302, 0.33171290159225464, 1.7573719024658203, 0.18530957400798798, 0.1745864748954773] [0.17798596620559692, -0.3927459716796875, -0.06446996331214905, 0.5737580060958862, 1.8070100545883179, 0.06080000475049019, -1.178070068359375, -1.1597459316253662]
[0.05866469815373421, -0.12228935211896896, 0.3393000364303589, 1.8575388193130493, 0.12493450939655304, 0.16862978041172028] [0.17951996624469757, -0.3988819718360901, 0.05825003981590271, 0.5737580060958862, 1.8085440397262573, 0.06120000407099724, -1.178070068359375, -1.1597459316253662]
[0.05904190614819527, -0.12309086322784424, 0.3434816002845764, 1.907764196395874, 0.09243475645780563, 0.1647161990404129] [0.17951996624469757, -0.40041595697402954, 0.12881404161453247, 0.572223961353302, 1.8085440397262573, 0.06120000407099724, -1.181138038635254, -1.1628140211105347]
[0.059702951461076736, -0.12478064745664597, 0.3484014868736267, 1.9731844663619995, 0.0537039116024971, 0.1545725017786026] [0.1871899664402008, -0.4050179719924927, 0.3251660466194153, 0.5630199909210205, 1.8100781440734863, 0.06080000475049019, -1.1872740983963013, -1.1689499616622925]
[0.06219630688428879, -0.1406426578760147, 0.3651389181613922, 2.2865171432495117, -0.0787142813205719, 0.030730191618204117] [0.19179196655750275, -0.4034839868545532, 0.6657140254974365, 0.44950395822525024, 1.8100781440734863, 0.06120000407099724, -1.2026140689849854, -1.1858240365982056]
[0.06253009289503098, -0.16488581895828247, 0.37170931696891785, 2.629889488220215, -0.12152379006147385, -0.15548571944236755] [0.19485996663570404, -0.4034839868545532, 1.0400100946426392, 0.3344539701938629, 1.8100781440734863, 0.06080000475049019, -1.21642005443573, -1.1965620517730713]
[0.0612090639770031, -0.1870676726102829, 0.3672682046890259, 3.0129904747009277, -0.08585027605295181, -0.3158842921257019] [0.19946196675300598, -0.4034839868545532, 1.3468101024627686, 0.251617968082428, 1.8100781440734863, 0.06080000475049019, -1.221022129058838, -1.2011640071868896]
[0.060419000685214996, -0.19614796340465546, 0.3584861159324646, -3.1001312732696533, -0.013484279625117779, -0.37866801023483276] [0.19946196675300598, -0.4034839868545532, 1.5247540473937988, 0.1411699652671814, 1.8100781440734863, 0.06080000475049019, -1.221022129058838, -1.2011640071868896]
[0.05966596305370331, -0.20098590850830078, 0.3473651707172394, -2.9841036796569824, 0.08169624954462051, -0.4103858470916748] [0.19946196675300598, -0.4034839868545532, 1.5784441232681274, 0.09361596405506134, 1.8100781440734863, 0.06120000407099724, -1.221022129058838, -1.2011640071868896]
[0.05969874560832977, -0.2010451704263687, 0.34372663497924805, -2.980426788330078, 0.10515279322862625, -0.4112571179866791] [0.2101999670267105, -0.4019499719142914, 1.5707740783691406, 0.0920819640159607, 1.8116121292114258, 0.06080000475049019, -1.221022129058838, -1.2011640071868896]
[0.05971571430563927, -0.20100486278533936, 0.3420679569244385, -2.9896843433380127, 0.1147194430232048, -0.4111248552799225] [0.2194039672613144, -0.4019499719142914, 1.5692400932312012, 0.07520796358585358, 1.8116121292114258, 0.06080000475049019, -1.2225561141967773, -1.202697992324829]
[0.058710191398859024, -0.20118601620197296, 0.33185186982154846, -3.0061140060424805, 0.18023085594177246, -0.4164851903915405] [0.26082196831703186, -0.4019499719142914, 1.556968092918396, 0.024585962295532227, 1.8116121292114258, 0.06080000475049019, -1.2240900993347168, -1.202697992324829]
[0.055983614176511765, -0.20116063952445984, 0.31596770882606506, -3.0480289459228516, 0.2651582658290863, -0.4253438115119934] [0.3206479549407959, -0.4019499719142914, 1.556968092918396, 0.024585962295532227, 1.8116121292114258, 0.06080000475049019, -1.2240900993347168, -1.2011640071868896]
[0.05451288819313049, -0.201052725315094, 0.3105693459510803, -3.061007022857666, 0.29169920086860657, -0.4290217459201813] [0.34519195556640625, -0.4019499719142914, 1.556968092918396, 0.02305196225643158, 1.8116121292114258, 0.06080000475049019, -1.2240900993347168, -1.202697992324829]
[0.05433744192123413, -0.20106641948223114, 0.3102872669696808, -3.062969446182251, 0.29279038310050964, -0.4291095733642578] [0.34825998544692993, -0.4034839868545532, 1.5554341077804565, 0.02305196225643158, 1.8116121292114258, 0.06080000475049019, -1.2240900993347168, -1.2011640071868896]
[0.05433385446667671, -0.20106066763401031, 0.3102625012397766, -3.0644965171813965, 0.2928273379802704, -0.4291103780269623] [0.34825998544692993, -0.4019499719142914, 1.5554341077804565, 0.02305196225643158, 1.8100781440734863, 0.06080000475049019, -1.2240900993347168, -1.2011640071868896]
[0.054324671626091, -0.2009706050157547, 0.31002387404441833, -3.0670762062072754, 0.2943573296070099, -0.4294193685054779] [0.34825998544692993, -0.4034839868545532, 1.5554341077804565, 0.024585962295532227, 1.8085440397262573, 0.06080000475049019, -1.2225561141967773, -1.1996300220489502]
[0.05409935861825943, -0.20100094377994537, 0.3095703721046448, -3.0694751739501953, 0.2965819835662842, -0.4296824336051941] [0.3528619706630707, -0.4019499719142914, 1.5554341077804565, 0.03225596249103546, 1.8070100545883179, 0.06080000475049019, -1.221022129058838, -1.2011640071868896]
[0.05403247848153114, -0.20074158906936646, 0.3092983067035675, -3.067776679992676, 0.2976367175579071, -0.428255558013916] [0.3543959856033325, -0.40041595697402954, 1.5554341077804565, 0.03378996253013611, 1.8070100545883179, 0.06080000475049019, -1.2225561141967773, -1.1996300220489502]
[0.05394895002245903, -0.20078815519809723, 0.3090040385723114, -3.0680034160614014, 0.2989717125892639, -0.42829278111457825] [0.3543959856033325, -0.40041595697402954, 1.556968092918396, 0.03378996253013611, 1.8070100545883179, 0.06080000475049019, -1.2225561141967773, -1.1996300220489502]
[0.05410659685730934, -0.20075641572475433, 0.30898991227149963, -3.069938898086548, 0.29948151111602783, -0.42840176820755005] [0.3543959856033325, -0.40041595697402954, 1.5554341077804565, 0.03378996253013611, 1.8070100545883179, 0.06120000407099724, -1.2225561141967773, -1.1996300220489502]
[0.05400003865361214, -0.20076493918895721, 0.30908915400505066, -3.0682780742645264, 0.2989389896392822, -0.4284108281135559] [0.3543959856033325, -0.40041595697402954, 1.556968092918396, 0.03378996253013611, 1.8070100545883179, 0.06080000475049019, -1.221022129058838, -1.1996300220489502]
[0.05397628992795944, -0.20085574686527252, 0.3089386820793152, -3.067622184753418, 0.29910925030708313, -0.42825135588645935] [0.355929970741272, -0.40041595697402954, 1.5554341077804565, 0.03378996253013611, 1.8070100545883179, 0.06120000407099724, -1.221022129058838, -1.1996300220489502]
[0.05389028042554855, -0.2008051574230194, 0.30904024839401245, -3.069086790084839, 0.2985467314720154, -0.42817214131355286] [0.3543959856033325, -0.40041595697402954, 1.556968092918396, 0.03378996253013611, 1.8070100545883179, 0.06080000475049019, -1.2225561141967773, -1.1996300220489502]
[0.05386694148182869, -0.20086058974266052, 0.3086365759372711, -3.069505453109741, 0.3003767132759094, -0.42831912636756897] [0.355929970741272, -0.40041595697402954, 1.556968092918396, 0.03378996253013611, 1.8070100545883179, 0.06080000475049019, -1.2225561141967773, -1.1996300220489502]
[0.05386458337306976, -0.2008541077375412, 0.3090129494667053, -3.0673530101776123, 0.29853376746177673, -0.42817363142967224] [0.355929970741272, -0.40041595697402954, 1.556968092918396, 0.03378996253013611, 1.8070100545883179, 0.06080000475049019, -1.2225561141967773, -1.1996300220489502]
[0.05417396500706673, -0.20084117352962494, 0.3077309727668762, -3.06697940826416, 0.30390697717666626, -0.42673495411872864] [0.3574639558792114, -0.3988819718360901, 1.556968092918396, 0.03378996253013611, 1.8085440397262573, 0.9971999526023865, -1.2225561141967773, -1.1980960369110107]
