[0.004962848965078592, -0.2733141779899597, 0.3119751513004303, -3.069951295852661, 0.29023656249046326, -0.8790886402130127] [0.4050179719924927, -0.8253339529037476, 1.7548540830612183, 0.02305196225643158, 1.8607001304626465, 0.9968000054359436, -1.2961881160736084, -1.3008739948272705]
[0.005062580108642578, -0.27329257130622864, 0.3121892809867859, -3.0688729286193848, 0.28929197788238525, -0.8787896633148193] [0.4050179719924927, -0.8253339529037476, 1.7533200979232788, 0.02305196225643158, 1.8607001304626465, 0.9968000054359436, -1.2762460708618164, -1.2747960090637207]
[0.0034855054691433907, -0.27330493927001953, 0.31345099210739136, -3.0616891384124756, 0.28359749913215637, -0.8767471313476562] [0.40655195713043213, -0.8253339529037476, 1.7548540830612183, 0.024585962295532227, 1.8607001304626465, 0.9968000054359436, -1.254770040512085, -1.2517859935760498]
[0.0011600927682593465, -0.2733075022697449, 0.31601840257644653, -3.0468993186950684, 0.2716699242591858, -0.8726957440376282] [0.4050179719924927, -0.8253339529037476, 1.7548540830612183, 0.02305196225643158, 1.8607001304626465, 0.9968000054359436, -1.2501680850982666, -1.245650053024292]
[-0.00018696549523156136, -0.27331215143203735, 0.31707191467285156, -3.0409445762634277, 0.26685866713523865, -0.8711087107658386] [0.4050179719924927, -0.8253339529037476, 1.7548540830612183, 0.024585962295532227, 1.8607001304626465, 0.9968000054359436, -1.2501680850982666, -1.245650053024292]
[-0.0010845644865185022, -0.2732893228530884, 0.3181862235069275, -3.034616470336914, 0.26149335503578186, -0.8694490194320679] [0.40655195713043213, -0.8253339529037476, 1.7548540830612183, 0.024585962295532227, 1.8607001304626465, 0.9968000054359436, -1.2486340999603271, -1.244115948677063]
[-0.0013303558807820082, -0.27328452467918396, 0.3184795379638672, -3.0331411361694336, 0.2602463364601135, -0.869066059589386] [0.4050179719924927, -0.8253339529037476, 1.7548540830612183, 0.024585962295532227, 1.8607001304626465, 0.9971999526023865, -1.2486340999603271, -1.244115948677063]
[-0.0015202447539195418, -0.27328357100486755, 0.31872251629829407, -3.031916618347168, 0.25923246145248413, -0.8687508702278137] [0.40655195713043213, -0.8253339529037476, 1.7548540830612183, 0.024585962295532227, 1.8607001304626465, 0.9968000054359436, -1.2486340999603271, -1.241047978401184]
[0.003909007180482149, -0.26719391345977783, 0.3215866982936859, 3.0982327461242676, 0.238067165017128, -0.8282078504562378] [0.3927459716796875, -0.788517951965332, 1.7026981115341187, 0.05986796319484711, 1.6766201257705688, 0.06520000100135803, -1.2271580696105957, -1.2149699926376343]
[0.006258913781493902, -0.2648735046386719, 0.3238728940486908, 3.0783047676086426, 0.2170022577047348, -0.8092983961105347] [0.39121198654174805, -0.7685759663581848, 1.6873581409454346, 0.0859459638595581, 1.6643481254577637, 0.06520000100135803, -1.2256240844726562, -1.2134360074996948]
[0.011259867809712887, -0.25999200344085693, 0.3267488181591034, 3.0572407245635986, 0.18651801347732544, -0.771895170211792] [0.39121198654174805, -0.7378959655761719, 1.6628141403198242, 0.12736396491527557, 1.6566780805587769, 0.06520000100135803, -1.2240900993347168, -1.210368037223816]
[0.01709989458322525, -0.2539801001548767, 0.33057937026023865, 3.0341672897338867, 0.1454991102218628, -0.7269072532653809] [0.39121198654174805, -0.7102839946746826, 1.6259980201721191, 0.17338396608829498, 1.6551440954208374, 0.06520000100135803, -1.2240900993347168, -1.2119020223617554]
[0.021372921764850616, -0.24924537539482117, 0.33401498198509216, 3.0194268226623535, 0.111314557492733, -0.6925894021987915] [0.38814395666122437, -0.6842060089111328, 1.5707740783691406, 0.2746279835700989, 1.6551440954208374, 0.06520000100135803, -1.2256240844726562, -1.2119020223617554]
[0.029715128242969513, -0.23608173429965973, 0.3486258387565613, 2.869410276412964, -0.027506984770298004, -0.586976170539856] [0.3927459716796875, -0.6780699491500854, 1.3468101024627686, 0.4740479588508606, 1.6551440954208374, 0.06520000100135803, -1.2240900993347168, -1.2119020223617554]
[0.037497978657484055, -0.21134167909622192, 0.3659626841545105, 2.631991386413574, -0.19034111499786377, -0.3808739185333252] [0.3896779716014862, -0.676535964012146, 1.1412540674209595, 0.6811379790306091, 1.6551440954208374, 0.06520000100135803, -1.2256240844726562, -1.2119020223617554]
[0.04070233926177025, -0.18429887294769287, 0.37347841262817383, 2.4380855560302734, -0.27227431535720825, -0.15154092013835907] [0.3896779716014862, -0.6780699491500854, 0.9786500930786133, 0.8560140132904053, 1.6551440954208374, 0.06520000100135803, -1.2256240844726562, -1.2119020223617554]
[0.04152718186378479, -0.16740931570529938, 0.37091538310050964, 2.308478593826294, -0.2587278485298157, -0.0043045151978731155] [0.3896779716014862, -0.676535964012146, 0.8037740588188171, 0.9526559710502625, 1.653610110282898, 0.06520000100135803, -1.2256240844726562, -1.2119020223617554]
[0.04029104858636856, -0.14787572622299194, 0.36443838477134705, 2.1740353107452393, -0.21058201789855957, 0.1663135141134262] [0.3896779716014862, -0.676535964012146, 0.6917920708656311, 1.058501958847046, 1.6520761251449585, 0.06520000100135803, -1.2256240844726562, -1.210368037223816]
[0.0367133654654026, -0.13381701707839966, 0.3600304126739502, 2.0991177558898926, -0.17776790261268616, 0.2933059334754944] [0.3896779716014862, -0.676535964012146, 0.5859460830688477, 1.1750860214233398, 1.6474740505218506, 0.06520000100135803, -1.2256240844726562, -1.2119020223617554]
[0.029938459396362305, -0.1193777397274971, 0.35848504304885864, 2.0370700359344482, -0.1698831170797348, 0.4333747625350952] [0.3896779716014862, -0.6673319935798645, 0.5429940223693848, 1.2763299942016602, 1.6091240644454956, 0.06520000100135803, -1.2240900993347168, -1.208833932876587]
[0.026643911376595497, -0.10918231308460236, 0.3587002754211426, 1.9974334239959717, -0.1833556592464447, 0.5173560976982117] [0.3896779716014862, -0.6243799924850464, 0.5429940223693848, 1.2962720394134521, 1.592250108718872, 0.06520000100135803, -1.21642005443573, -1.2011640071868896]
[0.02474479377269745, -0.09694593399763107, 0.3596622049808502, 1.9887913465499878, -0.20758108794689178, 0.5963276624679565] [0.3896779716014862, -0.5216019749641418, 0.5414600372314453, 1.3054759502410889, 1.5477640628814697, 0.08720000088214874, -1.2056820392608643, -1.1919599771499634]
[0.01888502761721611, -0.062784843146801, 0.3608698844909668, 1.9239732027053833, -0.26645395159721375, 0.7948344945907593] [0.39121198654174805, -0.2945699691772461, 0.5307220220565796, 1.3039419651031494, 1.3912960290908813, 0.2807999849319458, -1.2041480541229248, -1.1888920068740845]
[0.007488654460757971, -0.0314360186457634, 0.36231204867362976, 1.8565223217010498, -0.31122061610221863, 0.9866757988929749] [0.39121198654174805, -0.0890139639377594, 0.5015760660171509, 1.3008739948272705, 1.3145960569381714, 0.3723999857902527, -1.2056820392608643, -1.1888920068740845]
[-0.001887694699689746, -0.014953365549445152, 0.361770898103714, 1.8224211931228638, -0.3187623620033264, 1.1009043455123901] [0.3896779716014862, -4.1961669921875e-05, 0.4463520646095276, 1.30240797996521, 1.3038580417633057, 0.06520000100135803, -1.2041480541229248, -1.1842899322509766]
[-0.006996250711381435, -0.009181932546198368, 0.35665103793144226, 1.784254550933838, -0.26781734824180603, 1.158046841621399] [0.38507598638534546, -0.001575961709022522, 0.3880600333213806, 1.3100780248641968, 1.3038580417633057, 0.06560000032186508, -1.1888080835342407, -1.167415976524353]
[-0.013802534900605679, -0.006074929144233465, 0.3520701229572296, 1.7434618473052979, -0.2204277068376541, 1.2103527784347534] [0.38814395666122437, -0.003109961748123169, 0.3251660466194153, 1.3315539360046387, 1.3038580417633057, 0.06560000032186508, -1.162730097770691, -1.1428719758987427]
[-0.020702702924609184, -0.0045848144218325615, 0.35061028599739075, 1.707996129989624, -0.19566991925239563, 1.2472600936889648] [0.38814395666122437, -0.001575961709022522, 0.2730100452899933, 1.356097936630249, 1.3038580417633057, 0.06560000032186508, -1.1366521120071411, -1.1167939901351929]
[-0.03009243868291378, -0.002995174378156662, 0.3495938777923584, 1.66807222366333, -0.17414885759353638, 1.3015276193618774] [0.3896779716014862, -0.004643961787223816, 0.23312604427337646, 1.3821760416030884, 1.3053920269012451, 0.06520000100135803, -1.1090400218963623, -1.0891820192337036]
[-0.03604840487241745, -0.002651520539075136, 0.34702765941619873, 1.6420464515686035, -0.1431506723165512, 1.319290280342102] [0.3988819718360901, -0.009245961904525757, 0.19784404337406158, 1.3837100267410278, 1.3053920269012451, 0.06520000100135803, -1.0890980958938599, -1.0692399740219116]
[-0.04103287309408188, -0.002192253014072776, 0.3447002172470093, 1.6196681261062622, -0.11555544286966324, 1.3318684101104736] [0.40655195713043213, -0.009245961904525757, 0.17023204267024994, 1.3837100267410278, 1.3053920269012451, 0.06520000100135803, -1.0722240209579468, -1.055433988571167]
[-0.0443987175822258, -0.0020469047594815493, 0.34469982981681824, 1.6105625629425049, -0.10773030668497086, 1.3371131420135498] [0.40808597207069397, -0.009245961904525757, 0.16102804243564606, 1.3837100267410278, 1.3191981315612793, 0.06560000032186508, -1.0568840503692627, -1.0370259284973145]
[-0.04690006375312805, -0.0019326203037053347, 0.3447292745113373, 1.615642786026001, -0.1015637218952179, 1.3407931327819824] [0.41115397214889526, -0.009245961904525757, 0.15182404220104218, 1.3837100267410278, 1.3437421321868896, 0.06560000032186508, -1.030806064605713, -1.014016032218933]
[-0.05156934633851051, -0.0018865090096369386, 0.34497296810150146, 1.6174403429031372, -0.09659632295370102, 1.344789981842041] [0.42342597246170044, -0.009245961904525757, 0.14415404200553894, 1.3837100267410278, 1.348344087600708, 0.06520000100135803, -1.007796049118042, -0.9925400018692017]
[-0.05463693290948868, -0.001862890087068081, 0.34444162249565125, 1.6202770471572876, -0.094375379383564, 1.3459092378616333] [0.44029998779296875, -0.009245961904525757, 0.14108604192733765, 1.3837100267410278, 1.3621500730514526, 0.06560000032186508, -0.9863200783729553, -0.9710639715194702]
[-0.05977246165275574, -0.0017882270039990544, 0.342959463596344, 1.628682017326355, -0.08989547938108444, 1.3471981287002563] [0.46637797355651855, -0.009245961904525757, 0.13801804184913635, 1.3821760416030884, 1.3621500730514526, 0.06520000100135803, -0.969446063041687, -0.9526559710502625]
[-0.062301695346832275, -0.0019413662375882268, 0.3418288230895996, 1.6295454502105713, -0.08742959052324295, 1.3410873413085938] [0.48631995916366577, -0.010779961943626404, 0.1364840418100357, 1.37910795211792, 1.363684058189392, 0.06520000100135803, -0.9587080478668213, -0.9419180154800415]
[-0.06445857137441635, -0.0018798031378537416, 0.3396573066711426, 1.6400967836380005, -0.08170312643051147, 1.3361526727676392] [0.5093299746513367, -0.010779961943626404, 0.1364840418100357, 1.3745059967041016, 1.3621500730514526, 0.06560000032186508, -0.9510380625724792, -0.9357819557189941]
[-0.06579180806875229, -0.0019228525925427675, 0.3397042155265808, 1.6371378898620605, -0.08308017998933792, 1.3330755233764648] [0.5139319896697998, -0.010779961943626404, 0.13801804184913635, 1.3699040412902832, 1.3621500730514526, 0.06520000100135803, -0.9495040774345398, -0.9357819557189941]
[-0.06503992527723312, -0.0020268410444259644, 0.3394554853439331, 1.634347677230835, -0.07931289821863174, 1.31845223903656] [0.5154659748077393, -0.01231396198272705, 0.139552041888237, 1.3530299663543701, 1.3621500730514526, 0.06560000032186508, -0.9510380625724792, -0.9373160004615784]
[-0.06450025737285614, -0.002249060897156596, 0.3394954800605774, 1.6341814994812012, -0.07914285361766815, 1.312156319618225] [0.5154659748077393, -0.015381962060928345, 0.139552041888237, 1.3484280109405518, 1.3621500730514526, 0.06520000100135803, -0.9571740627288818, -0.9419180154800415]
[-0.06185320019721985, -0.004263632465153933, 0.3392636775970459, 1.6340916156768799, -0.07660866528749466, 1.2905577421188354] [0.5139319896697998, -0.030721962451934814, 0.14415404200553894, 1.3438260555267334, 1.3606160879135132, 0.06520000100135803, -0.9648440480232239, -0.9526559710502625]
[-0.06040562316775322, -0.004573666024953127, 0.33898282051086426, 1.6404951810836792, -0.07626008987426758, 1.2848926782608032] [0.5123980045318604, -0.030721962451934814, 0.14875604212284088, 1.3346220254898071, 1.3606160879135132, 0.06560000032186508, -0.9755820631980896, -0.9618600010871887]
[-0.056854069232940674, -0.005181687418371439, 0.33846956491470337, 1.6476374864578247, -0.07298403233289719, 1.2661701440811157] [0.5047279596328735, -0.03378996253013611, 0.14875604212284088, 1.319282054901123, 1.3590821027755737, 0.06560000032186508, -0.9909220933914185, -0.978734016418457]
[-0.05131347477436066, -0.006449930835515261, 0.3376658260822296, 1.6569722890853882, -0.06654036045074463, 1.2396458387374878] [0.5001260042190552, -0.035323962569236755, 0.15489204227924347, 1.3100780248641968, 1.3590821027755737, 0.06560000032186508, -1.0139321088790894, -1.0002100467681885]
[-0.04762363061308861, -0.0070421467535197735, 0.3372257649898529, 1.672670841217041, -0.06954273581504822, 1.2273694276809692] [0.49859195947647095, -0.035323962569236755, 0.16716404259204865, 1.2978060245513916, 1.3590821027755737, 0.06520000100135803, -1.0292720794677734, -1.012481927871704]
[-0.042769137769937515, -0.007434634026139975, 0.33664506673812866, 1.693226933479309, -0.07069961726665497, 1.2055854797363281] [0.49552398920059204, -0.035323962569236755, 0.18403804302215576, 1.2686599493026733, 1.351412057876587, 0.06520000100135803, -1.0507481098175049, -1.0339579582214355]
[-0.03570208325982094, -0.008734721690416336, 0.33650603890419006, 1.6974918842315674, -0.07030359655618668, 1.1714712381362915] [0.481717973947525, -0.03839196264743805, 0.19324204325675964, 1.2517859935760498, 1.3498780727386475, 0.06520000100135803, -1.0722240209579468, -1.055433988571167]
[-0.03103748708963394, -0.009268433786928654, 0.336956262588501, 1.69724440574646, -0.06882967054843903, 1.158888339996338] [0.4587079882621765, -0.03839196264743805, 0.1947760432958603, 1.2333779335021973, 1.3391400575637817, 0.06520000100135803, -1.0937000513076782, -1.075376033782959]
[-0.02485056035220623, -0.01005618367344141, 0.33792272210121155, 1.6732454299926758, -0.06583593040704727, 1.1379249095916748] [0.4249599575996399, -0.04145996272563934, 0.1947760432958603, 1.208833932876587, 1.328402042388916, 0.06520000100135803, -1.1151760816574097, -1.0968519449234009]
[-0.01784125715494156, -0.0119181452319026, 0.3384154140949249, 1.6618015766143799, -0.060419924557209015, 1.1089792251586914] [0.40041595697402954, -0.04759596288204193, 0.19324204325675964, 1.1950279474258423, 1.3268680572509766, 0.06560000032186508, -1.1366521120071411, -1.1183279752731323]
[-0.012449006550014019, -0.013068520464003086, 0.33860111236572266, 1.6568881273269653, -0.056384652853012085, 1.095091462135315] [0.37740597128868103, -0.050663962960243225, 0.1947760432958603, 1.1796879768371582, 1.3176640272140503, 0.06560000032186508, -1.158128023147583, -1.1413379907608032]
[-0.005147632211446762, -0.014085211791098118, 0.3390451967716217, 1.637955665588379, -0.053635381162166595, 1.0730539560317993] [0.3497939705848694, -0.050663962960243225, 0.19324204325675964, 1.1597459316253662, 1.3038580417633057, 0.06520000100135803, -1.175002098083496, -1.1597459316253662]
[0.00034555120510049164, -0.014600845053792, 0.33939889073371887, 1.6198683977127075, -0.04924560710787773, 1.0577083826065063] [0.32524996995925903, -0.04912996292114258, 0.19324204325675964, 1.1444059610366821, 1.2961881160736084, 0.06520000100135803, -1.1949440240859985, -1.1781539916992188]
[0.004548564087599516, -0.015279509127140045, 0.33976489305496216, 1.6147102117538452, -0.04858763515949249, 1.0444775819778442] [0.3007059693336487, -0.050663962960243225, 0.19324204325675964, 1.1229300498962402, 1.2854501008987427, 0.06560000032186508, -1.2118180990219116, -1.1950279474258423]
[0.01203925907611847, -0.016590680927038193, 0.34005415439605713, 1.5896373987197876, -0.04314238950610161, 1.0173590183258057] [0.2715599536895752, -0.050663962960243225, 0.19324204325675964, 1.0983860492706299, 1.271644115447998, 0.06520000100135803, -1.2286920547485352, -1.208833932876587]
[0.018013881519436836, -0.01765224151313305, 0.33993032574653625, 1.5762768983840942, -0.037384361028671265, 0.9912074208259583] [0.24701596796512604, -0.04912996292114258, 0.19324204325675964, 1.0631040334701538, 1.2624400854110718, 0.06520000100135803, -1.2424980401992798, -1.2241740226745605]
[0.023929089307785034, -0.019554389640688896, 0.3390659689903259, 1.5663660764694214, -0.02950328215956688, 0.9606345295906067] [0.23320996761322021, -0.04912996292114258, 0.19324204325675964, 1.0339579582214355, 1.2578380107879639, 0.06520000100135803, -1.2471001148223877, -1.2272419929504395]
[0.028725797310471535, -0.02135324291884899, 0.33744221925735474, 1.5697935819625854, -0.0180562362074852, 0.9283081889152527] [0.22860796749591827, -0.04912996292114258, 0.19324204325675964, 1.001744031906128, 1.2578380107879639, 0.06560000032186508, -1.2471001148223877, -1.228775978088379]
[0.03371909260749817, -0.023728057742118835, 0.33676180243492126, 1.5647178888320923, -0.008057009428739548, 0.8864471316337585] [0.21786996722221375, -0.046061962842941284, 0.19324204325675964, 0.9541900157928467, 1.2578380107879639, 0.06520000100135803, -1.2471001148223877, -1.228775978088379]
[0.03654083237051964, -0.024051785469055176, 0.33664998412132263, 1.5628653764724731, -0.003791648428887129, 0.8644806742668152] [0.21173396706581116, -0.03378996253013611, 0.19324204325675964, 0.9173740148544312, 1.2578380107879639, 0.06560000032186508, -1.2486340999603271, -1.228775978088379]
[0.038347430527210236, -0.0242506992071867, 0.3365168571472168, 1.5620499849319458, -0.0008555279346182942, 0.849791944026947] [0.20866596698760986, -0.026119962334632874, 0.19324204325675964, 0.9066359996795654, 1.2578380107879639, 0.06520000100135803, -1.2486340999603271, -1.2272419929504395]
[0.03828921169042587, -0.024064388126134872, 0.3364664614200592, 1.5627022981643677, -0.0010479396441951394, 0.851215124130249] [0.20713196694850922, -0.024585962295532227, 0.19324204325675964, 0.9081699848175049, 1.2593721151351929, 0.06520000100135803, -1.2486340999603271, -1.2272419929504395]
[0.03791049122810364, -0.023821422830224037, 0.3365935683250427, 1.5644901990890503, -0.002377655589953065, 0.855562686920166] [0.20559796690940857, -0.024585962295532227, 0.19324204325675964, 0.9112379550933838, 1.2593721151351929, 0.06560000032186508, -1.2486340999603271, -1.2241740226745605]
[0.037839654833078384, -0.02364036999642849, 0.33713498711586, 1.56049644947052, -0.0033541452139616013, 0.8575118184089661] [0.20252996683120728, -0.026119962334632874, 0.19017404317855835, 0.9158399701118469, 1.2593721151351929, 0.06520000100135803, -1.2471001148223877, -1.2241740226745605]
[0.03749249503016472, -0.023541033267974854, 0.3371979594230652, 1.5604157447814941, -0.003379128873348236, 0.8594452738761902] [0.20406396687030792, -0.02765396237373352, 0.19017404317855835, 0.9311800003051758, 1.2609061002731323, 0.06520000100135803, -1.2471001148223877, -1.222640037536621]
[0.037034738808870316, -0.02443901263177395, 0.3375415503978729, 1.560692310333252, -0.0058216070756316185, 0.8636322617530823] [0.20406396687030792, -0.04145996272563934, 0.19017404317855835, 0.9327139854431152, 1.2685760259628296, 0.06520000100135803, -1.2409640550613403, -1.2180379629135132]
[0.03684166818857193, -0.02520633302628994, 0.3377749025821686, 1.5671873092651367, -0.006104378029704094, 0.8604813814163208] [0.20713196694850922, -0.04299396276473999, 0.1886400431394577, 0.9357819557189941, 1.271644115447998, 0.06560000032186508, -1.2332940101623535, -1.208833932876587]
[0.035340357571840286, -0.025097277015447617, 0.33829474449157715, 1.5604712963104248, -0.005550292320549488, 0.8650704622268677] [0.20866596698760986, -0.04452796280384064, 0.18403804302215576, 0.9388499855995178, 1.274712085723877, 0.06520000100135803, -1.2256240844726562, -1.202697992324829]
[0.03319692239165306, -0.02395068295300007, 0.33978271484375, 1.5603070259094238, -0.008906885050237179, 0.8708299398422241] [0.21173396706581116, -0.046061962842941284, 0.18097004294395447, 0.9419180154800415, 1.290052056312561, 0.06560000032186508, -1.2179540395736694, -1.1950279474258423]
[0.03134184703230858, -0.02353856712579727, 0.3405724763870239, 1.5714062452316284, -0.009744304232299328, 0.8735010623931885] [0.21786996722221375, -0.046061962842941284, 0.17943604290485382, 0.943452000617981, 1.3023240566253662, 0.06520000100135803, -1.2118180990219116, -1.187358021736145]
[0.029513904824852943, -0.023111902177333832, 0.3412892818450928, 1.5753308534622192, -0.010444985702633858, 0.878434419631958] [0.2194039672613144, -0.046061962842941284, 0.17330004274845123, 0.9449859857559204, 1.313062071800232, 0.06520000100135803, -1.2056820392608643, -1.1796879768371582]
[0.028067409992218018, -0.023157767951488495, 0.34171563386917114, 1.5783568620681763, -0.007322230841964483, 0.8793625831604004] [0.22093796730041504, -0.04759596288204193, 0.16409604251384735, 0.943452000617981, 1.3238000869750977, 0.06520000100135803, -1.201080083847046, -1.1735520362854004]
[0.027044877409934998, -0.023345639929175377, 0.3417598009109497, 1.5777424573898315, -0.0023378818295896053, 0.878698468208313] [0.22093796730041504, -0.050663962960243225, 0.15029004216194153, 0.943452000617981, 1.3391400575637817, 0.06520000100135803, -1.1903420686721802, -1.1658819913864136]
[0.025355828925967216, -0.02339850924909115, 0.3418562114238739, 1.575774073600769, 0.003112159902229905, 0.8828669190406799] [0.22093796730041504, -0.05373196303844452, 0.13495004177093506, 0.9495880007743835, 1.3498780727386475, 0.06520000100135803, -1.1796040534973145, -1.1582119464874268]
[0.022876933217048645, -0.024273911491036415, 0.34164726734161377, 1.5670270919799805, 0.01171999890357256, 0.8878464698791504] [0.22247196733951569, -0.06907196342945099, 0.1165420413017273, 0.9725979566574097, 1.3560140132904053, 0.06520000100135803, -1.1688660383224487, -1.14900803565979]
[0.020184751600027084, -0.02569439448416233, 0.3414856791496277, 1.5632275342941284, 0.01601405255496502, 0.8987850546836853] [0.22553996741771698, -0.0920819640159607, 0.10427004098892212, 1.0063459873199463, 1.366752028465271, 0.06520000100135803, -1.162730097770691, -1.1413379907608032]
[0.017985515296459198, -0.027402933686971664, 0.34156695008277893, 1.5610990524291992, 0.019672079011797905, 0.9048869609832764] [0.22860796749591827, -0.11662595719099045, 0.09353204071521759, 1.040094017982483, 1.3759560585021973, 0.06520000100135803, -1.158128023147583, -1.1352019309997559]
[0.014170276001095772, -0.029090775176882744, 0.3417811989784241, 1.5564541816711426, 0.022569430992007256, 0.9217053651809692] [0.23014196753501892, -0.13963596522808075, 0.08432804048061371, 1.0738420486450195, 1.3820921182632446, 0.06520000100135803, -1.1535260677337646, -1.1305999755859375]
[0.012198181822896004, -0.03211100772023201, 0.341214120388031, 1.559987187385559, 0.025697898119688034, 0.9298428297042847] [0.23320996761322021, -0.16571396589279175, 0.07665804028511047, 1.109123945236206, 1.3928301334381104, 0.06560000032186508, -1.1504580974578857, -1.1305999755859375]
[0.00996270403265953, -0.03475821018218994, 0.34059643745422363, 1.5691146850585938, 0.030205141752958298, 0.9393847584724426] [0.23474396765232086, -0.19485996663570404, 0.06592004001140594, 1.152076005935669, 1.402034044265747, 0.06520000100135803, -1.1473901271820068, -1.129065990447998]
[0.007230387069284916, -0.03694773092865944, 0.3402240574359894, 1.5701308250427246, 0.035203639417886734, 0.9537132382392883] [0.23474396765232086, -0.22247196733951569, 0.05671603977680206, 1.1919599771499634, 1.4112380743026733, 0.06520000100135803, -1.1458560228347778, -1.1275320053100586]
[0.00497859762981534, -0.03902782127261162, 0.33999791741371155, 1.574586033821106, 0.04015619680285454, 0.9621475338935852] [0.23474396765232086, -0.2454819679260254, 0.04751203954219818, 1.222640037536621, 1.421976089477539, 0.06520000100135803, -1.142788052558899, -1.1275320053100586]
[0.0025020744651556015, -0.04072342813014984, 0.33971819281578064, 1.5785828828811646, 0.045137785375118256, 0.9740267395973206] [0.23474396765232086, -0.26695796847343445, 0.04137603938579559, 1.2533199787139893, 1.4327141046524048, 0.06520000100135803, -1.13972008228302, -1.1244640350341797]
[0.0001837286981754005, -0.04256312549114227, 0.33957839012145996, 1.586194634437561, 0.049760617315769196, 0.9812765717506409] [0.23474396765232086, -0.28689998388290405, 0.029104039072990417, 1.279397964477539, 1.4465200901031494, 0.06520000100135803, -1.1320500373840332, -1.1152600049972534]
[-0.0027177096344530582, -0.04444339871406555, 0.33906248211860657, 1.5937281847000122, 0.05977442488074303, 0.9891811013221741] [0.23474396765232086, -0.3083759546279907, 0.010696038603782654, 1.3054759502410889, 1.4664621353149414, 0.06520000100135803, -1.1213120222091675, -1.1060559749603271]
[-0.006569211836904287, -0.04531405493617058, 0.33852118253707886, 1.6070538759231567, 0.07169479131698608, 1.0048884153366089] [0.2362779676914215, -0.32524996995925903, -0.006177961826324463, 1.337689995765686, 1.4879380464553833, 0.06560000032186508, -1.1105740070343018, -1.093783974647522]
[-0.009188514202833176, -0.047337599098682404, 0.33833715319633484, 1.6123981475830078, 0.0821816548705101, 1.0045504570007324] [0.2362779676914215, -0.34825998544692993, -0.021517962217330933, 1.3622339963912964, 1.5032780170440674, 0.06520000100135803, -1.101370096206665, -1.0845799446105957]
[-0.01334159355610609, -0.04924379289150238, 0.33810025453567505, 1.6156302690505981, 0.09287113696336746, 1.0148206949234009] [0.2362779676914215, -0.37433797121047974, -0.03839196264743805, 1.399049997329712, 1.5124820470809937, 0.06520000100135803, -1.0921660661697388, -1.075376033782959]
[-0.017304884269833565, -0.05166614428162575, 0.33791813254356384, 1.6156389713287354, 0.10077930241823196, 1.0230962038040161] [0.2362779676914215, -0.41115397214889526, -0.05373196303844452, 1.437399983406067, 1.5232200622558594, 0.06520000100135803, -1.081428050994873, -1.0661720037460327]
[-0.02058435045182705, -0.05383085831999779, 0.3376469612121582, 1.6132887601852417, 0.10978095233440399, 1.0250508785247803] [0.2362779676914215, -0.4356979727745056, -0.0660039633512497, 1.4680800437927246, 1.5278220176696777, 0.06520000100135803, -1.0752921104431152, -1.0600359439849854]
[-0.024508139118552208, -0.05556652694940567, 0.3376561105251312, 1.6135870218276978, 0.11558874696493149, 1.0345966815948486] [0.2362779676914215, -0.4525719881057739, -0.07520796358585358, 1.4895559549331665, 1.5308901071548462, 0.06560000032186508, -1.0691560506820679, -1.055433988571167]
[-0.02698291838169098, -0.05635521188378334, 0.3376289904117584, 1.6122944355010986, 0.11984104663133621, 1.040844440460205] [0.2362779676914215, -0.4648439884185791, -0.08134396374225616, 1.5156340599060059, 1.5324240922927856, 0.06520000100135803, -1.066088080406189, -1.052366018295288]
[-0.030323779210448265, -0.05773833394050598, 0.33741071820259094, 1.6136316061019897, 0.1259673535823822, 1.0519226789474487] [0.2362779676914215, -0.4878539741039276, -0.0890139639377594, 1.5447800159454346, 1.537026047706604, 0.06520000100135803, -1.06302011013031, -1.0492980480194092]
[-0.031743623316287994, -0.059620440006256104, 0.33728450536727905, 1.6142710447311401, 0.1311771720647812, 1.0472105741500854] [0.2362779676914215, -0.506261944770813, -0.09821796417236328, 1.5739259719848633, 1.5400941371917725, 0.06520000100135803, -1.0584180355072021, -1.0446959733963013]
[-0.032157864421606064, -0.06136540696024895, 0.33695247769355774, 1.613561987876892, 0.1381932497024536, 1.0332468748092651] [0.2362779676914215, -0.5216019749641418, -0.10742195695638657, 1.5938680171966553, 1.5508320331573486, 0.06520000100135803, -1.0507481098175049, -1.035491943359375]
[-0.032564934343099594, -0.06428572535514832, 0.3363041281700134, 1.619263768196106, 0.14876922965049744, 1.0117669105529785] [0.2362779676914215, -0.5384759902954102, -0.11355795711278915, 1.6076740026474, 1.5585020780563354, 0.06520000100135803, -1.043078064918518, -1.0293560028076172]
[-0.033576201647520065, -0.06505513936281204, 0.3364625871181488, 1.6185702085494995, 0.1488872617483139, 1.00519597530365] [0.23781196773052216, -0.5415439605712891, -0.11662595719099045, 1.6061400175094604, 1.5585020780563354, 0.06520000100135803, -1.043078064918518, -1.0293560028076172]
[-0.03420129418373108, -0.06504786759614944, 0.33666884899139404, 1.61533784866333, 0.1487172245979309, 1.0046226978302002] [0.2393459677696228, -0.5415439605712891, -0.11355795711278915, 1.5984699726104736, 1.556968092918396, 0.06520000100135803, -1.046146035194397, -1.032423973083496]
[-0.03381367027759552, -0.06537620723247528, 0.3372141122817993, 1.6149234771728516, 0.14382918179035187, 1.0010409355163574] [0.2393459677696228, -0.5446119904518127, -0.11048995703458786, 1.5769939422607422, 1.553900122642517, 0.06520000100135803, -1.0492141246795654, -1.0339579582214355]
[-0.033380039036273956, -0.06618792563676834, 0.33709362149238586, 1.6083804368972778, 0.14348307251930237, 0.994994580745697] [0.23781196773052216, -0.5522819757461548, -0.10742195695638657, 1.561653971672058, 1.5492980480194092, 0.06520000100135803, -1.0522820949554443, -1.0370259284973145]
[-0.032689888030290604, -0.06696567684412003, 0.33755549788475037, 1.6074637174606323, 0.13990291953086853, 0.9884721636772156] [0.23781196773052216, -0.5568839907646179, -0.10435395687818527, 1.5401780605316162, 1.5477640628814697, 0.06520000100135803, -1.0538160800933838, -1.0385600328445435]
[-0.03034842386841774, -0.0679873675107956, 0.33761918544769287, 1.5990396738052368, 0.13822615146636963, 0.9684479236602783] [0.2362779676914215, -0.5568839907646179, -0.10128595679998398, 1.5187020301818848, 1.537026047706604, 0.06520000100135803, -1.0584180355072021, -1.0416280031204224]
[-0.027711521834135056, -0.06923715025186539, 0.33747223019599915, 1.5886777639389038, 0.13852541148662567, 0.9451673626899719] [0.23320996761322021, -0.5568839907646179, -0.09821796417236328, 1.4864879846572876, 1.5278220176696777, 0.06520000100135803, -1.0645540952682495, -1.0492980480194092]
[-0.023951349779963493, -0.07088686525821686, 0.33757153153419495, 1.571459174156189, 0.13828201591968536, 0.915226936340332] [0.22707396745681763, -0.5568839907646179, -0.09668396413326263, 1.4588760137557983, 1.518618106842041, 0.06520000100135803, -1.0737581253051758, -1.0569679737091064]
[-0.019998745992779732, -0.07252563536167145, 0.33747026324272156, 1.5682820081710815, 0.1376398354768753, 0.8878321051597595] [0.22553996741771698, -0.5568839907646179, -0.0920819640159607, 1.4327980279922485, 1.514016032218933, 0.06520000100135803, -1.0829620361328125, -1.0677059888839722]
[-0.015637312084436417, -0.07464292645454407, 0.3369426429271698, 1.5648294687271118, 0.13745653629302979, 0.8572126626968384] [0.22553996741771698, -0.5584179759025574, -0.08287796378135681, 1.3975160121917725, 1.5048121213912964, 0.06520000100135803, -1.0937000513076782, -1.0769100189208984]
[-0.010942312888801098, -0.07694613188505173, 0.33685019612312317, 1.5617408752441406, 0.13316966593265533, 0.823673665523529] [0.22400596737861633, -0.5584179759025574, -0.07213996350765228, 1.3683700561523438, 1.5032780170440674, 0.06520000100135803, -1.101370096206665, -1.0845799446105957]
[-0.006217877846211195, -0.07928727567195892, 0.33623501658439636, 1.5620375871658325, 0.13428068161010742, 0.7884337902069092] [0.22247196733951569, -0.5584179759025574, -0.0660039633512497, 1.3346220254898071, 1.5002100467681885, 0.06520000100135803, -1.1075060367584229, -1.090716004371643]
[-0.0019019786268472672, -0.08179333806037903, 0.3359481394290924, 1.5587077140808105, 0.13489973545074463, 0.7545236349105835] [0.22093796730041504, -0.5584179759025574, -0.061401963233947754, 1.30240797996521, 1.4940741062164307, 0.06520000100135803, -1.1121081113815308, -1.0968519449234009]
[0.0013506731484085321, -0.08395610749721527, 0.3355005979537964, 1.5528476238250732, 0.1345764696598053, 0.7267080545425415] [0.2194039672613144, -0.5584179759025574, -0.055265963077545166, 1.2686599493026733, 1.4864040613174438, 0.06520000100135803, -1.1182440519332886, -1.1029880046844482]
[0.0056945038959383965, -0.08685146272182465, 0.3352677822113037, 1.5432226657867432, 0.1339673399925232, 0.6895594596862793] [0.2163359671831131, -0.5584179759025574, -0.04912996292114258, 1.2395139932632446, 1.4756660461425781, 0.06520000100135803, -1.1289820671081543, -1.1106579303741455]
[0.010017325170338154, -0.089744932949543, 0.33579742908477783, 1.5175447463989258, 0.1297743171453476, 0.6551738381385803] [0.20252996683120728, -0.5584179759025574, -0.04759596288204193, 1.2011640071868896, 1.4541900157928467, 0.06520000100135803, -1.142788052558899, -1.1259980201721191]
[0.014189055189490318, -0.09216080605983734, 0.336214542388916, 1.4974502325057983, 0.12708644568920135, 0.6271691918373108] [0.1871899664402008, -0.5584179759025574, -0.04452796280384064, 1.1735520362854004, 1.4434521198272705, 0.06520000100135803, -1.155060052871704, -1.1398040056228638]
[0.018665341660380363, -0.09442820399999619, 0.33638378977775574, 1.4936484098434448, 0.12573528289794922, 0.5996559262275696] [0.17798596620559692, -0.5584179759025574, -0.03839196264743805, 1.152076005935669, 1.441918134689331, 0.06560000032186508, -1.1688660383224487, -1.1536099910736084]
[0.022566642612218857, -0.09628275781869888, 0.33652523159980774, 1.4953521490097046, 0.12243680655956268, 0.5796830654144287] [0.17184996604919434, -0.5584179759025574, -0.030721962451934814, 1.132133960723877, 1.440384030342102, 0.06520000100135803, -1.181138038635254, -1.167415976524353]
[0.02689019776880741, -0.09836315363645554, 0.3369596004486084, 1.492236852645874, 0.11648552864789963, 0.5546784400939941] [0.1611119657754898, -0.5584179759025574, -0.01691596210002899, 1.1060559749603271, 1.4265780448913574, 0.06520000100135803, -1.201080083847046, -1.1888920068740845]
[0.031150808557868004, -0.10039935261011124, 0.337212473154068, 1.483902931213379, 0.10907246917486191, 0.5342264771461487] [0.15037396550178528, -0.5584179759025574, -0.003109961748123169, 1.0830459594726562, 1.4158400297164917, 0.06520000100135803, -1.21642005443573, -1.2011640071868896]
[0.03577611595392227, -0.10286004841327667, 0.33692580461502075, 1.4900833368301392, 0.10599897801876068, 0.5072547793388367] [0.14577196538448334, -0.5584179759025574, 0.013764038681983948, 1.055433988571167, 1.4143060445785522, 0.06520000100135803, -1.2271580696105957, -1.2149699926376343]
[0.039741531014442444, -0.1050928607583046, 0.336661159992218, 1.5001951456069946, 0.10200235247612, 0.48216456174850464] [0.1442379653453827, -0.5584179759025574, 0.03370603919029236, 1.0278220176696777, 1.4081701040267944, 0.06520000100135803, -1.2409640550613403, -1.2272419929504395]
[0.04424034059047699, -0.10858398675918579, 0.33604297041893005, 1.5052474737167358, 0.09960608184337616, 0.44582611322402954] [0.14270396530628204, -0.5584179759025574, 0.04751203954219818, 0.9910060167312622, 1.4081701040267944, 0.06520000100135803, -1.2424980401992798, -1.228775978088379]
[0.047356363385915756, -0.11174944788217545, 0.33478134870529175, 1.5082886219024658, 0.10530698299407959, 0.4153154790401459] [0.14270396530628204, -0.5584179759025574, 0.050580039620399475, 0.9633939862251282, 1.406636118888855, 0.06520000100135803, -1.2424980401992798, -1.228775978088379]
[0.04902993515133858, -0.11359584331512451, 0.3341958224773407, 1.5083906650543213, 0.1072159931063652, 0.396883487701416] [0.14270396530628204, -0.5584179759025574, 0.05364803969860077, 0.9557240009307861, 1.406636118888855, 0.06520000100135803, -1.2440320253372192, -1.228775978088379]
[0.04946745187044144, -0.11391402035951614, 0.33466047048568726, 1.511164903640747, 0.10271909832954407, 0.392954021692276] [0.14270396530628204, -0.5568839907646179, 0.0643860399723053, 0.9557240009307861, 1.405102014541626, 0.06520000100135803, -1.2424980401992798, -1.228775978088379]
[0.04987882077693939, -0.11411149054765701, 0.3365435004234314, 1.5254638195037842, 0.08560644835233688, 0.3911537528038025] [0.14577196538448334, -0.5568839907646179, 0.08893004059791565, 0.9557240009307861, 1.405102014541626, 0.06520000100135803, -1.2424980401992798, -1.228775978088379]
[0.0503687709569931, -0.11465422809123993, 0.340208500623703, 1.5484706163406372, 0.05506744608283043, 0.38543131947517395] [0.14577196538448334, -0.5584179759025574, 0.14722204208374023, 0.9541900157928467, 1.405102014541626, 0.06520000100135803, -1.2424980401992798, -1.228775978088379]
[0.05143555626273155, -0.11670604348182678, 0.34871768951416016, 1.5986084938049316, -0.014268539845943451, 0.36593127250671387] [0.14577196538448334, -0.5599519610404968, 0.2377280443906784, 0.9419180154800415, 1.405102014541626, 0.06520000100135803, -1.2424980401992798, -1.228775978088379]
[0.05289579927921295, -0.12062840908765793, 0.3570496737957001, 1.655820369720459, -0.08163855224847794, 0.3283522427082062] [0.14577196538448334, -0.5599519610404968, 0.32056403160095215, 0.923509955406189, 1.405102014541626, 0.06520000100135803, -1.2424980401992798, -1.228775978088379]
[0.05374190956354141, -0.1243709996342659, 0.36289700865745544, 1.7114810943603516, -0.13228659331798553, 0.29580309987068176] [0.15344196557998657, -0.5599519610404968, 0.39879804849624634, 0.905102014541626, 1.405102014541626, 0.06520000100135803, -1.2424980401992798, -1.228775978088379]
[0.054421987384557724, -0.12781168520450592, 0.3661014139652252, 1.7456820011138916, -0.15979459881782532, 0.26528677344322205] [0.1580439656972885, -0.5568839907646179, 0.48777005076408386, 0.8560140132904053, 1.406636118888855, 0.06520000100135803, -1.2424980401992798, -1.228775978088379]
[0.05727088078856468, -0.1471712440252304, 0.37934350967407227, 1.949501395225525, -0.2638707458972931, 0.08842731267213821] [0.16264596581459045, -0.5507479906082153, 0.799172043800354, 0.6857399940490723, 1.406636118888855, 0.06520000100135803, -1.2424980401992798, -1.2272419929504395]
[0.056124020367860794, -0.17887508869171143, 0.3869844675064087, 2.2769250869750977, -0.3032248616218567, -0.18937434256076813] [0.16264596581459045, -0.5507479906082153, 1.0829620361328125, 0.5430779457092285, 1.4081701040267944, 0.06520000100135803, -1.2424980401992798, -1.228775978088379]
[0.05370873212814331, -0.1979290395975113, 0.38359159231185913, 2.4914419651031494, -0.2551162838935852, -0.34939610958099365] [0.16264596581459045, -0.5492140054702759, 1.2286920547485352, 0.4525719881057739, 1.406636118888855, 0.06520000100135803, -1.2424980401992798, -1.228775978088379]
[0.052886828780174255, -0.2012111246585846, 0.3832801580429077, 2.54582142829895, -0.24864020943641663, -0.37715911865234375] [0.16264596581459045, -0.5507479906082153, 1.2440320253372192, 0.4525719881057739, 1.406636118888855, 0.06520000100135803, -1.2424980401992798, -1.228775978088379]
[0.052405066788196564, -0.20226052403450012, 0.3834712505340576, 2.5578460693359375, -0.2496120035648346, -0.3851274251937866] [0.16264596581459045, -0.5476799607276917, 1.2593721151351929, 0.4510379731655121, 1.406636118888855, 0.06560000032186508, -1.2424980401992798, -1.228775978088379]
[0.05240050330758095, -0.20259356498718262, 0.383462131023407, 2.5740387439727783, -0.24893546104431152, -0.38926443457603455] [0.1641799658536911, -0.5492140054702759, 1.2793140411376953, 0.4418339729309082, 1.4081701040267944, 0.06520000100135803, -1.2424980401992798, -1.228775978088379]
[0.05198689177632332, -0.20490232110023499, 0.38218235969543457, 2.6026782989501953, -0.2365742176771164, -0.4075799286365509] [0.16571396589279175, -0.5476799607276917, 1.3115280866622925, 0.41422197222709656, 1.4097040891647339, 0.06520000100135803, -1.2424980401992798, -1.228775978088379]
[0.05144388601183891, -0.20898044109344482, 0.37905001640319824, 2.661290168762207, -0.20714648067951202, -0.4378885328769684] [0.1672479659318924, -0.5461459755897522, 1.3744220733642578, 0.3497939705848694, 1.4158400297164917, 0.06520000100135803, -1.2424980401992798, -1.228775978088379]
[0.05080096051096916, -0.21821796894073486, 0.36740151047706604, 2.8291866779327393, -0.09518332034349442, -0.5089498162269592] [0.16571396589279175, -0.5323399901390076, 1.57230806350708, 0.18872396647930145, 1.4158400297164917, 0.06520000100135803, -1.2424980401992798, -1.2272419929504395]
[0.04909671097993851, -0.22587023675441742, 0.3433394134044647, 3.0712995529174805, 0.12133684754371643, -0.552001953125] [0.1672479659318924, -0.5323399901390076, 1.784000039100647, 0.024585962295532227, 1.4143060445785522, 0.06520000100135803, -1.2424980401992798, -1.2272419929504395]
[0.04836675897240639, -0.22645005583763123, 0.3388217091560364, 3.111572027206421, 0.14870691299438477, -0.5538462400436401] [0.18258796632289886, -0.5323399901390076, 1.7993401288986206, 0.024585962295532227, 1.4158400297164917, 0.06520000100135803, -1.2424980401992798, -1.2272419929504395]
[0.048506345599889755, -0.22621512413024902, 0.3384718596935272, 3.112699031829834, 0.15024466812610626, -0.5524182915687561] [0.18565596640110016, -0.5323399901390076, 1.7993401288986206, 0.02305196225643158, 1.4143060445785522, 0.06520000100135803, -1.2424980401992798, -1.2272419929504395]
[0.048004280775785446, -0.22642742097377777, 0.336107075214386, 3.1049342155456543, 0.16176839172840118, -0.5550165176391602] [0.20713196694850922, -0.5323399901390076, 1.7993401288986206, 0.021517962217330933, 1.4173741340637207, 0.06520000100135803, -1.2424980401992798, -1.2272419929504395]
[0.047347813844680786, -0.22639200091362, 0.3311924636363983, 3.0916261672973633, 0.18556533753871918, -0.5573920011520386] [0.23474396765232086, -0.5323399901390076, 1.80087411403656, 0.019983962178230286, 1.4189081192016602, 0.06520000100135803, -1.2424980401992798, -1.2272419929504395]
[0.04600623622536659, -0.22652940452098846, 0.3242434561252594, 3.079298734664917, 0.21850888431072235, -0.5613898634910583] [0.26695796847343445, -0.5323399901390076, 1.8100781440734863, 0.019983962178230286, 1.421976089477539, 0.06520000100135803, -1.2424980401992798, -1.2272419929504395]
[0.04431116580963135, -0.22712834179401398, 0.3183956742286682, 3.0925133228302, 0.2470875382423401, -0.5675058364868164] [0.30223995447158813, -0.533873975276947, 1.8269520998001099, 0.01844996213912964, 1.4511220455169678, 0.06520000100135803, -1.2424980401992798, -1.2272419929504395]
[0.04237831011414528, -0.2275099754333496, 0.3123514652252197, 3.1143910884857178, 0.2765809893608093, -0.5727493166923523] [0.33905595541000366, -0.533873975276947, 1.8453600406646729, 0.01844996213912964, 1.4679961204528809, 0.06520000100135803, -1.2424980401992798, -1.2257080078125]
[0.041311729699373245, -0.22779782116413116, 0.30943167209625244, 3.129345178604126, 0.2908630669116974, -0.5758761763572693] [0.3497939705848694, -0.5354079604148865, 1.8545640707015991, 0.01844996213912964, 1.4695301055908203, 0.06520000100135803, -1.2424980401992798, -1.2257080078125]
[0.041260525584220886, -0.22783125936985016, 0.3094923198223114, 3.1336684226989746, 0.2907525897026062, -0.5761330127716064] [0.3497939705848694, -0.533873975276947, 1.859166145324707, 0.01844996213912964, 1.4695301055908203, 0.06520000100135803, -1.2424980401992798, -1.2272419929504395]
[0.04121873527765274, -0.2278769165277481, 0.3095167875289917, 3.138143539428711, 0.29071155190467834, -0.5762810111045837] [0.3497939705848694, -0.533873975276947, 1.862234115600586, 0.019983962178230286, 1.4710640907287598, 0.06520000100135803, -1.2424980401992798, -1.2272419929504395]
[0.04138662666082382, -0.22761988639831543, 0.30945685505867004, 3.1401240825653076, 0.29099079966545105, -0.5747811198234558] [0.3497939705848694, -0.5323399901390076, 1.862234115600586, 0.02305196225643158, 1.4710640907287598, 0.06520000100135803, -1.2424980401992798, -1.2272419929504395]
[0.041307687759399414, -0.22761549055576324, 0.30919718742370605, 3.139248847961426, 0.2922767996788025, -0.5750243067741394] [0.35132795572280884, -0.5323399901390076, 1.862234115600586, 0.02305196225643158, 1.4710640907287598, 0.06560000032186508, -1.2424980401992798, -1.2272419929504395]
[0.04148615151643753, -0.22736391425132751, 0.3090870678424835, 3.1398885250091553, 0.29264724254608154, -0.5734254717826843] [0.35132795572280884, -0.5323399901390076, 1.862234115600586, 0.02305196225643158, 1.4710640907287598, 0.06520000100135803, -1.2424980401992798, -1.2272419929504395]
[0.04131752625107765, -0.22764386236667633, 0.3091239631175995, 3.1396565437316895, 0.292341411113739, -0.5747953057289124] [0.35132795572280884, -0.5308059453964233, 1.862234115600586, 0.02305196225643158, 1.4710640907287598, 0.06520000100135803, -1.2424980401992798, -1.2272419929504395]
[0.041299428790807724, -0.22768594324588776, 0.30905938148498535, 3.1397652626037598, 0.2925102710723877, -0.5748696327209473] [0.35132795572280884, -0.5323399901390076, 1.8607001304626465, 0.02305196225643158, 1.4710640907287598, 0.06520000100135803, -1.2424980401992798, -1.2272419929504395]
[0.04130177944898605, -0.22759772837162018, 0.30915912985801697, 3.139397621154785, 0.2923377752304077, -0.5749967098236084] [0.35132795572280884, -0.5308059453964233, 1.862234115600586, 0.02305196225643158, 1.4710640907287598, 0.06520000100135803, -1.2424980401992798, -1.2272419929504395]
[0.04138557240366936, -0.227609783411026, 0.30916276574134827, 3.1391592025756836, 0.2925710678100586, -0.5750580430030823] [0.35132795572280884, -0.5323399901390076, 1.862234115600586, 0.02305196225643158, 1.4710640907287598, 0.06520000100135803, -1.2424980401992798, -1.2272419929504395]
[0.0413287878036499, -0.2276352494955063, 0.30914586782455444, 3.1393539905548096, 0.29244765639305115, -0.5750082731246948] [0.35132795572280884, -0.5323399901390076, 1.862234115600586, 0.02305196225643158, 1.4710640907287598, 0.06520000100135803, -1.2424980401992798, -1.2272419929504395]
[0.04132690280675888, -0.22780530154705048, 0.30881360173225403, 3.140660524368286, 0.29299744963645935, -0.5745460987091064] [0.35132795572280884, -0.5323399901390076, 1.862234115600586, 0.02305196225643158, 1.4710640907287598, 0.9971999526023865, -1.2424980401992798, -1.2272419929504395]
[0.04132289066910744, -0.22778531908988953, 0.3088366389274597, 3.1407651901245117, 0.29283931851387024, -0.5744057297706604] [0.35132795572280884, -0.5308059453964233, 1.862234115600586, 0.02305196225643158, 1.4710640907287598, 0.9968000054359436, -1.2424980401992798, -1.2272419929504395]
