[0.1497424840927124, -0.23475314676761627, 0.037486784160137177, -2.846419095993042, 0.14205172657966614, -0.6657940149307251] [0.7517019510269165, -0.5001260042190552, 2.0417120456695557, 0.5016599893569946, 1.8346221446990967, 0.9971999526023865]
[0.15280403196811676, -0.2334435135126114, 0.043763384222984314, -2.8713576793670654, 0.10620769113302231, -0.6514636278152466] [0.7164199948310852, -0.5016599893569946, 2.0141000747680664, 0.5154659748077393, 1.6505420207977295, 0.3059999942779541]
[0.15496034920215607, -0.23155994713306427, 0.04658934846520424, -3.0425732135772705, 0.09174884110689163, -0.6486444473266602] [0.6980119943618774, -0.4970579743385315, 2.0033621788024902, 0.5154659748077393, 1.6137261390686035, 0.3027999997138977]
[0.1575513780117035, -0.2300613820552826, 0.050958648324012756, -3.051295518875122, 0.06921536475419998, -0.6364105939865112] [0.6734679937362671, -0.4970579743385315, 1.9834201335906982, 0.5169999599456787, 1.595318078994751, 0.3035999834537506]
[0.15943466126918793, -0.2283880114555359, 0.05342385917901993, -3.0926382541656494, 0.05600348114967346, -0.6230760812759399] [0.6581279635429382, -0.4970579743385315, 1.9481381177902222, 0.5169999599456787, 1.478734016418457, 0.30799999833106995]
[0.16315710544586182, -0.22439566254615784, 0.056906312704086304, 3.01499342918396, 0.03697027266025543, -0.601527750492096] [0.638185977935791, -0.49552398920059204, 1.9113221168518066, 0.5185339450836182, 1.3943641185760498, 0.30239999294281006]
[0.16577918827533722, -0.22218094766139984, 0.06165740266442299, 2.9669971466064453, 0.011650427244603634, -0.5861790776252747] [0.5952339768409729, -0.4878539741039276, 1.8791080713272095, 0.526203989982605, 1.3038580417633057, 0.30799999833106995]
[0.17171475291252136, -0.2150169461965561, 0.0685310959815979, 2.803807497024536, -0.030495338141918182, -0.5500049591064453] [0.5568839907646179, -0.467911958694458, 1.8468940258026123, 0.5323399901390076, 1.1719341278076172, 0.3075999915599823]
[0.17563600838184357, -0.20975883305072784, 0.07414254546165466, 2.723121404647827, -0.06285662949085236, -0.5159105062484741] [0.5108639597892761, -0.4648439884185791, 1.668950080871582, 0.5384759902954102, 1.1719341278076172, 0.3019999861717224]
[0.18311339616775513, -0.19533857703208923, 0.07959221303462982, 2.5286686420440674, -0.09376787394285202, -0.3968713879585266] [0.481717973947525, -0.4648439884185791, 1.4235100746154785, 0.56455397605896, 1.1704000234603882, 0.3019999861717224]
[0.18787582218647003, -0.17962796986103058, 0.08324535936117172, 2.3341476917266846, -0.12433265149593353, -0.26918357610702515] [0.4587079882621765, -0.4648439884185791, 1.2486340999603271, 0.6213119626045227, 1.1704000234603882, 0.3019999861717224]
[0.1902662217617035, -0.1675674319267273, 0.08688736706972122, 2.1996238231658936, -0.14887265861034393, -0.17053434252738953] [0.42649397253990173, -0.46330997347831726, 1.1182440519332886, 0.6366519927978516, 1.1704000234603882, 0.3019999861717224]
[0.19249077141284943, -0.15751972794532776, 0.08673654496669769, 2.0669331550598145, -0.13607680797576904, -0.08914588391780853] [0.40041595697402954, -0.46330997347831726, 0.9893880486488342, 0.6519919633865356, 1.1688660383224487, 0.3019999861717224]
[0.19367237389087677, -0.1479550153017044, 0.08618428558111191, 1.9668997526168823, -0.12597626447677612, -0.014590967446565628] [0.3804739713668823, -0.4510379731655121, 0.8866100311279297, 0.6703999638557434, 1.162730097770691, 0.3019999861717224]
[0.19493818283081055, -0.140249565243721, 0.087608702480793, 1.9351087808609009, -0.13449320197105408, 0.032313257455825806] [0.3574639558792114, -0.41115397214889526, 0.8774060606956482, 0.668865978717804, 1.1535260677337646, 0.3019999861717224]
[0.19696369767189026, -0.1301908642053604, 0.08926553279161453, 1.9203757047653198, -0.14530345797538757, 0.08234289288520813] [0.3467259705066681, -0.3666679859161377, 0.857464075088501, 0.668865978717804, 1.1228461265563965, 0.3019999861717224]
[0.19807027280330658, -0.12036432325839996, 0.08766590803861618, 1.8866374492645264, -0.1387307047843933, 0.13391077518463135] [0.34519195556640625, -0.3313859701156616, 0.8313860893249512, 0.668865978717804, 1.1136420965194702, 0.30239999294281006]
[0.19865263998508453, -0.11235097795724869, 0.08565503358840942, 1.8675358295440674, -0.12781667709350586, 0.17570407688617706] [0.34519195556640625, -0.28689998388290405, 0.7930360436439514, 0.668865978717804, 1.0921660661697388, 0.30239999294281006]
[0.1987609565258026, -0.10354723036289215, 0.08291059732437134, 1.8227345943450928, -0.11275908350944519, 0.2237895429134369] [0.34519195556640625, -0.2623559832572937, 0.7623560428619385, 0.6703999638557434, 1.081428050994873, 0.3019999861717224]
[0.19854944944381714, -0.09789623320102692, 0.08093426376581192, 1.799806833267212, -0.1002974584698677, 0.2559896409511566] [0.34519195556640625, -0.24087996780872345, 0.7301420569419861, 0.668865978717804, 1.081428050994873, 0.30239999294281006]
[0.19819432497024536, -0.09445490688085556, 0.07881994545459747, 1.781307578086853, -0.08607035875320435, 0.27755579352378845] [0.34825998544692993, -0.22860796749591827, 0.7009960412979126, 0.668865978717804, 1.0798940658569336, 0.30239999294281006]
[0.1976483315229416, -0.09091515839099884, 0.07584952563047409, 1.7583692073822021, -0.06728821247816086, 0.3000149726867676] [0.3528619706630707, -0.22247196733951569, 0.6718500852584839, 0.668865978717804, 1.081428050994873, 0.3019999861717224]
[0.19713528454303741, -0.08885885775089264, 0.07308018952608109, 1.7481590509414673, -0.05094729736447334, 0.3132283389568329] [0.35899797081947327, -0.21173396706581116, 0.6519080400466919, 0.668865978717804, 1.081428050994873, 0.3019999861717224]
[0.1966426968574524, -0.08480262011289597, 0.07164426147937775, 1.7395159006118774, -0.042386800050735474, 0.33576416969299316] [0.3605319857597351, -0.1963939666748047, 0.6396360397338867, 0.668865978717804, 1.081428050994873, 0.30239999294281006]
[0.19618725776672363, -0.08131656050682068, 0.0706203281879425, 1.7353304624557495, -0.03674757480621338, 0.3545365333557129] [0.363599956035614, -0.18258796632289886, 0.628898024559021, 0.668865978717804, 1.081428050994873, 0.30239999294281006]
[0.1956644058227539, -0.07932460308074951, 0.06864187121391296, 1.728752851486206, -0.025919685140252113, 0.3661687672138214] [0.3697359561920166, -0.17798596620559692, 0.6150920391082764, 0.668865978717804, 1.081428050994873, 0.30239999294281006]
[0.1952185332775116, -0.07877426594495773, 0.0665506049990654, 1.7215666770935059, -0.013352378271520138, 0.37126976251602173] [0.37433797121047974, -0.17645196616649628, 0.5997520685195923, 0.6673319935798645, 1.0798940658569336, 0.30239999294281006]
[0.19477446377277374, -0.07793617248535156, 0.0647488534450531, 1.7129040956497192, -0.002387570682913065, 0.3777627646923065] [0.3804739713668823, -0.17798596620559692, 0.5859460830688477, 0.668865978717804, 1.081428050994873, 0.30239999294281006]
[0.19441132247447968, -0.07765001803636551, 0.06273777037858963, 1.70675528049469, 0.009595830924808979, 0.38044047355651855] [0.3866099715232849, -0.17798596620559692, 0.5706060528755188, 0.6673319935798645, 1.081428050994873, 0.3019999861717224]
[0.1941063106060028, -0.07742929458618164, 0.06148694455623627, 1.6944823265075684, 0.01818879507482052, 0.38398459553718567] [0.3866099715232849, -0.17798596620559692, 0.5614020824432373, 0.6673319935798645, 1.081428050994873, 0.30239999294281006]
[0.19392140209674835, -0.07709422707557678, 0.060887664556503296, 1.6888538599014282, 0.022854434326291084, 0.38725319504737854] [0.3866099715232849, -0.17951996624469757, 0.552198052406311, 0.6673319935798645, 1.081428050994873, 0.30239999294281006]
[0.1938227415084839, -0.07741257548332214, 0.06032782420516014, 1.6802912950515747, 0.027198437601327896, 0.3870812654495239] [0.3866099715232849, -0.18258796632289886, 0.5475960373878479, 0.6673319935798645, 1.081428050994873, 0.30239999294281006]
[0.19378654658794403, -0.07784565538167953, 0.05999298766255379, 1.6756504774093628, 0.029988253489136696, 0.3858133852481842] [0.3866099715232849, -0.18565596640110016, 0.5429940223693848, 0.6673319935798645, 1.081428050994873, 0.30239999294281006]
[0.1937503218650818, -0.07828211784362793, 0.0596766471862793, 1.6725471019744873, 0.03278405964374542, 0.3845316767692566] [0.3866099715232849, -0.18872396647930145, 0.5383920669555664, 0.6673319935798645, 1.0798940658569336, 0.30239999294281006]
[0.19379180669784546, -0.07961519807577133, 0.059308577328920364, 1.6663014888763428, 0.03623116761445999, 0.3789159059524536] [0.3866099715232849, -0.20252996683120728, 0.5322560667991638, 0.6673319935798645, 1.081428050994873, 0.30239999294281006]
[0.19422781467437744, -0.08369127660989761, 0.05877713859081268, 1.653842806816101, 0.04319152608513832, 0.3583563268184662] [0.38507598638534546, -0.2194039672613144, 0.5307220220565796, 0.6581279635429382, 1.081428050994873, 0.30239999294281006]
[0.19454427063465118, -0.08619340509176254, 0.0584399439394474, 1.6498769521713257, 0.04706484079360962, 0.34435632824897766] [0.38507598638534546, -0.22860796749591827, 0.5307220220565796, 0.6581279635429382, 1.081428050994873, 0.30239999294281006]
[0.19502410292625427, -0.089276522397995, 0.058220427483320236, 1.6447030305862427, 0.05124248191714287, 0.3262585997581482] [0.3820079565048218, -0.2500839829444885, 0.5307220220565796, 0.6443219780921936, 1.081428050994873, 0.30239999294281006]
[0.19547484815120697, -0.097071073949337, 0.05806323140859604, 1.6292935609817505, 0.05716532841324806, 0.2861514985561371] [0.3835419714450836, -0.28996795415878296, 0.5307220220565796, 0.6427879929542542, 1.081428050994873, 0.30239999294281006]
[0.19533653557300568, -0.10537247359752655, 0.05772249028086662, 1.6146655082702637, 0.06350060552358627, 0.24553629755973816] [0.3835419714450836, -0.3313859701156616, 0.5307220220565796, 0.6412539482116699, 1.0798940658569336, 0.30239999294281006]
[0.1949802190065384, -0.11396925151348114, 0.05812053009867668, 1.5985652208328247, 0.0663466826081276, 0.20332379639148712] [0.3820079565048218, -0.37433797121047974, 0.5307220220565796, 0.6397199630737305, 1.0768260955810547, 0.30239999294281006]
[0.1938892900943756, -0.12464320659637451, 0.05812601000070572, 1.575890302658081, 0.07213569432497025, 0.15082454681396484] [0.3835419714450836, -0.4188239574432373, 0.5307220220565796, 0.638185977935791, 1.0752921104431152, 0.30239999294281006]
[0.19307099282741547, -0.1307794749736786, 0.05832706764340401, 1.5597834587097168, 0.0744129940867424, 0.1201835498213768] [0.3835419714450836, -0.4541059732437134, 0.5307220220565796, 0.6335839629173279, 1.0691560506820679, 0.30239999294281006]
[0.19196993112564087, -0.13960540294647217, 0.05808895826339722, 1.5414260625839233, 0.08215878903865814, 0.07121437788009644] [0.3835419714450836, -0.49245595932006836, 0.5307220220565796, 0.6213119626045227, 1.0676220655441284, 0.30239999294281006]
[0.19072595238685608, -0.14675866067409515, 0.05813802778720856, 1.527113676071167, 0.08691565692424774, 0.032067619264125824] [0.3835419714450836, -0.526203989982605, 0.5307220220565796, 0.6090399622917175, 1.0676220655441284, 0.30239999294281006]
[0.1891690492630005, -0.15448634326457977, 0.05818295478820801, 1.5134427547454834, 0.09241330623626709, -0.011444912292063236] [0.3835419714450836, -0.561486005783081, 0.5307220220565796, 0.5921659469604492, 1.0676220655441284, 0.30239999294281006]
[0.18734095990657806, -0.16283172369003296, 0.057571765035390854, 1.499356746673584, 0.10262680798768997, -0.06203056871891022] [0.3835419714450836, -0.5890979766845703, 0.5307220220565796, 0.5737580060958862, 1.0676220655441284, 0.30239999294281006]
[0.18581317365169525, -0.16921627521514893, 0.0576757974922657, 1.488641381263733, 0.1073267012834549, -0.10118606686592102] [0.3835419714450836, -0.6059719920158386, 0.5307220220565796, 0.5568839907646179, 1.0676220655441284, 0.3019999861717224]
[0.18526265025138855, -0.1727961152791977, 0.05685574933886528, 1.4852612018585205, 0.11569623649120331, -0.12860962748527527] [0.3835419714450836, -0.6105740070343018, 0.5307220220565796, 0.5354079604148865, 1.0676220655441284, 0.30239999294281006]
[0.18408207595348358, -0.17789646983146667, 0.056298088282346725, 1.4763544797897339, 0.123990997672081, -0.1643315553665161] [0.3804739713668823, -0.6274479627609253, 0.5307220220565796, 0.5093299746513367, 1.0676220655441284, 0.30239999294281006]
[0.1827477663755417, -0.18250787258148193, 0.05627570301294327, 1.4690043926239014, 0.12811179459095, -0.19487975537776947] [0.3804739713668823, -0.6427879929542542, 0.5307220220565796, 0.4970579743385315, 1.0676220655441284, 0.3019999861717224]
[0.18252447247505188, -0.18314291536808014, 0.05601511150598526, 1.4706145524978638, 0.1300276666879654, -0.19955205917358398] [0.3820079565048218, -0.6412539482116699, 0.5337900519371033, 0.5001260042190552, 1.0691560506820679, 0.30239999294281006]
[0.18260636925697327, -0.1826999932527542, 0.056316718459129333, 1.4724723100662231, 0.12754955887794495, -0.19557233154773712] [0.3820079565048218, -0.6412539482116699, 0.5337900519371033, 0.5031939744949341, 1.0691560506820679, 0.30239999294281006]
[0.1826404333114624, -0.18234963715076447, 0.05634540691971779, 1.4699928760528564, 0.12702731788158417, -0.19243459403514862] [0.3820079565048218, -0.6412539482116699, 0.5322560667991638, 0.506261944770813, 1.0676220655441284, 0.30239999294281006]
[0.18275250494480133, -0.18155425786972046, 0.056694936007261276, 1.4708832502365112, 0.12402056902647018, -0.18532250821590424] [0.3820079565048218, -0.6412539482116699, 0.5307220220565796, 0.5231359601020813, 1.0676220655441284, 0.30239999294281006]
[0.18294161558151245, -0.18011830747127533, 0.05678100883960724, 1.4726347923278809, 0.12211567908525467, -0.17361196875572205] [0.3835419714450836, -0.6397199630737305, 0.5307220220565796, 0.5246700048446655, 1.0691560506820679, 0.30239999294281006]
[0.1830272078514099, -0.17995889484882355, 0.057131726294755936, 1.4730722904205322, 0.1200018972158432, -0.17215870320796967] [0.3820079565048218, -0.6397199630737305, 0.5307220220565796, 0.5277379751205444, 1.0691560506820679, 0.30239999294281006]
[0.1830265074968338, -0.17928573489189148, 0.057035062462091446, 1.4722033739089966, 0.11981534212827682, -0.16620029509067535] [0.3835419714450836, -0.638185977935791, 0.5291880369186401, 0.5308059453964233, 1.0706900358200073, 0.30239999294281006]
[0.18304726481437683, -0.17912466824054718, 0.05712363123893738, 1.4739068746566772, 0.1192135363817215, -0.16477911174297333] [0.3835419714450836, -0.638185977935791, 0.5291880369186401, 0.5369420051574707, 1.0706900358200073, 0.30239999294281006]
[0.1832970827817917, -0.17820100486278534, 0.057638511061668396, 1.475389003753662, 0.11537954211235046, -0.15757933259010315] [0.3835419714450836, -0.638185977935791, 0.5276540517807007, 0.5476799607276917, 1.0706900358200073, 0.30239999294281006]
[0.18366307020187378, -0.17599639296531677, 0.05815209448337555, 1.4768489599227905, 0.110230952501297, -0.1401015818119049] [0.3820079565048218, -0.6320499777793884, 0.5276540517807007, 0.5691559910774231, 1.0706900358200073, 0.30239999294281006]
[0.18398034572601318, -0.17243196070194244, 0.05874503031373024, 1.4767417907714844, 0.10326115041971207, -0.11065991967916489] [0.3835419714450836, -0.6320499777793884, 0.5199840664863586, 0.599835991859436, 1.0706900358200073, 0.30239999294281006]
[0.18394498527050018, -0.1696338802576065, 0.05895395576953888, 1.4714678525924683, 0.09988846629858017, -0.08595295995473862] [0.38507598638534546, -0.6320499777793884, 0.5077120661735535, 0.6136419773101807, 1.0706900358200073, 0.30239999294281006]
[0.18389472365379333, -0.16779248416423798, 0.059001341462135315, 1.465557336807251, 0.098831906914711, -0.06967747211456299] [0.3866099715232849, -0.6320499777793884, 0.5015760660171509, 0.6351180076599121, 1.0706900358200073, 0.30239999294281006]
[0.18364903330802917, -0.16522280871868134, 0.05851176381111145, 1.457736611366272, 0.10041428357362747, -0.04696442931890488] [0.3866099715232849, -0.6320499777793884, 0.486236035823822, 0.6489239931106567, 1.0722240209579468, 0.30239999294281006]
[0.18352100253105164, -0.16381847858428955, 0.05821619927883148, 1.4519702196121216, 0.10240966826677322, -0.03451722115278244] [0.38814395666122437, -0.6320499777793884, 0.4754980504512787, 0.6627299785614014, 1.0722240209579468, 0.30239999294281006]
[0.18340523540973663, -0.16176827251911163, 0.058405857533216476, 1.4438526630401611, 0.10081101208925247, -0.016300629824399948] [0.38814395666122437, -0.6320499777793884, 0.46782803535461426, 0.6811379790306091, 1.0706900358200073, 0.30239999294281006]
[0.18315114080905914, -0.15921369194984436, 0.05876794457435608, 1.4440336227416992, 0.09667244553565979, 0.006296299397945404] [0.38814395666122437, -0.6335839629173279, 0.46169203519821167, 0.7056819796562195, 1.0983021259307861, 0.30239999294281006]
[0.18279336392879486, -0.15581810474395752, 0.05953420326113701, 1.5011705160140991, 0.09605659544467926, 0.035781845450401306] [0.38814395666122437, -0.6320499777793884, 0.440216064453125, 0.7332940101623535, 1.1903420686721802, 0.3107999861240387]
[0.18238390982151031, -0.15315358340740204, 0.05962095037102699, 1.5591998100280762, 0.10156884789466858, 0.05923113599419594] [0.38814395666122437, -0.6320499777793884, 0.42180806398391724, 0.750167965888977, 1.2332940101623535, 0.30239999294281006]
[0.18193140625953674, -0.15089179575443268, 0.05918654054403305, 1.5800493955612183, 0.10766790807247162, 0.0794602483510971] [0.38814395666122437, -0.6320499777793884, 0.4034000635147095, 0.7777799963951111, 1.2685760259628296, 0.30239999294281006]
[0.18112565577030182, -0.1468583643436432, 0.059532519429922104, 1.6183691024780273, 0.10875359922647476, 0.11577651649713516] [0.38814395666122437, -0.6320499777793884, 0.3803900480270386, 0.8099939823150635, 1.3437421321868896, 0.3100000023841858]
[0.18010234832763672, -0.1427069753408432, 0.05958196520805359, 1.6890124082565308, 0.11592918634414673, 0.15400458872318268] [0.38814395666122437, -0.6320499777793884, 0.3589140474796295, 0.8406739830970764, 1.3958981037139893, 0.3027999997138977]
[0.17887967824935913, -0.1385202705860138, 0.05944296717643738, 1.719177484512329, 0.12038940191268921, 0.19277091324329376] [0.38814395666122437, -0.6320499777793884, 0.335904061794281, 0.885159969329834, 1.4526560306549072, 0.3043999969959259]
[0.17720085382461548, -0.1335379183292389, 0.05934823676943779, 1.761500597000122, 0.12573304772377014, 0.23976588249206543] [0.38814395666122437, -0.6320499777793884, 0.3190300464630127, 0.9158399701118469, 1.478734016418457, 0.3043999969959259]
[0.17602184414863586, -0.1304158866405487, 0.059342510998249054, 1.7844985723495483, 0.12821605801582336, 0.2696102559566498] [0.38814395666122437, -0.6320499777793884, 0.30062204599380493, 0.951121985912323, 1.5094140768051147, 0.3043999969959259]
[0.17470782995224, -0.12519797682762146, 0.05894315615296364, 1.8114633560180664, 0.1313490867614746, 0.3133467733860016] [0.39121198654174805, -0.6228460073471069, 0.2898840308189392, 0.9802680015563965, 1.5247540473937988, 0.3043999969959259]
[0.1733866035938263, -0.12072528898715973, 0.05880357697606087, 1.8212476968765259, 0.130756214261055, 0.3512389063835144] [0.39121198654174805, -0.6121079921722412, 0.2806800603866577, 1.0078799724578857, 1.5262880325317383, 0.3043999969959259]
[0.1718352735042572, -0.11596432328224182, 0.05906445160508156, 1.8220524787902832, 0.1276329606771469, 0.3923584818840027] [0.39121198654174805, -0.6075059771537781, 0.269942045211792, 1.040094017982483, 1.5262880325317383, 0.3043999969959259]
[0.17016029357910156, -0.11267141252756119, 0.05912398546934128, 1.8202511072158813, 0.12654685974121094, 0.42428573966026306] [0.3896779716014862, -0.6075059771537781, 0.2576700448989868, 1.0677059888839722, 1.5262880325317383, 0.3043999969959259]
[0.16860440373420715, -0.11039763689041138, 0.059047870337963104, 1.8185656070709229, 0.12741491198539734, 0.4488339126110077] [0.3896779716014862, -0.6059719920158386, 0.2469320446252823, 1.1213959455490112, 1.5247540473937988, 0.3043999969959259]
[0.16500137746334076, -0.10457144677639008, 0.0595553033053875, 1.8186498880386353, 0.12256897240877151, 0.5086773037910461] [0.3896779716014862, -0.6044379472732544, 0.23312604427337646, 1.1566779613494873, 1.5232200622558594, 0.30480000376701355]
[0.16193801164627075, -0.09991893172264099, 0.059500131756067276, 1.81192946434021, 0.12161125987768173, 0.5567455291748047] [0.3896779716014862, -0.6029039621353149, 0.22699004411697388, 1.1965620517730713, 1.5032780170440674, 0.3043999969959259]
[0.15957076847553253, -0.0968952476978302, 0.06010287255048752, 1.7947887182235718, 0.11448822170495987, 0.5900886058807373] [0.3896779716014862, -0.6029039621353149, 0.22392204403877258, 1.228775978088379, 1.4818021059036255, 0.30480000376701355]
[0.15739765763282776, -0.09426771104335785, 0.06087294593453407, 1.773481845855713, 0.10544256120920181, 0.619583010673523] [0.3896779716014862, -0.6013699769973755, 0.22238804399967194, 1.2563879489898682, 1.463394045829773, 0.3043999969959259]
[0.15575239062309265, -0.09217996150255203, 0.06118839606642723, 1.76601243019104, 0.10149913281202316, 0.6425376534461975] [0.3896779716014862, -0.6013699769973755, 0.21932004392147064, 1.282465934753418, 1.463394045829773, 0.3043999969959259]
[0.15354856848716736, -0.08983854204416275, 0.06149990111589432, 1.7670658826828003, 0.09886308014392853, 0.6707859039306641] [0.3896779716014862, -0.599835991859436, 0.2116500437259674, 1.3008739948272705, 1.4618600606918335, 0.3043999969959259]
[0.15152157843112946, -0.08625473082065582, 0.06169386953115463, 1.7709169387817383, 0.09499375522136688, 0.7048617005348206] [0.3896779716014862, -0.5844959616661072, 0.20551404356956482, 1.3284859657287598, 1.463394045829773, 0.3043999969959259]
[0.14930671453475952, -0.08076254278421402, 0.061920832842588425, 1.776925802230835, 0.08787974715232849, 0.7505647540092468] [0.3896779716014862, -0.5538159608840942, 0.19937804341316223, 1.3392239809036255, 1.463394045829773, 0.3043999969959259]
[0.1483197957277298, -0.07638411968946457, 0.06180571764707565, 1.7850641012191772, 0.08382594585418701, 0.7810963988304138] [0.3896779716014862, -0.5277379751205444, 0.19631004333496094, 1.340757966041565, 1.4618600606918335, 0.3043999969959259]
[0.14757636189460754, -0.07191641628742218, 0.06174097955226898, 1.7922184467315674, 0.07874975353479385, 0.809646725654602] [0.3896779716014862, -0.5016599893569946, 0.19324204325675964, 1.340757966041565, 1.463394045829773, 0.3043999969959259]
[0.14683516323566437, -0.06815990805625916, 0.06165510416030884, 1.796427607536316, 0.07474600523710251, 0.833814799785614] [0.3896779716014862, -0.4740479588508606, 0.1886400431394577, 1.3422919511795044, 1.463394045829773, 0.3043999969959259]
[0.1455359011888504, -0.06292621046304703, 0.061657220125198364, 1.8055980205535889, 0.06882261484861374, 0.868583083152771] [0.38814395666122437, -0.43723195791244507, 0.18403804302215576, 1.3422919511795044, 1.4618600606918335, 0.3043999969959259]
[0.1438930332660675, -0.05745800584554672, 0.06138845905661583, 1.8110827207565308, 0.06494159251451492, 0.9057719111442566] [0.3896779716014862, -0.4126879572868347, 0.17943604290485382, 1.3422919511795044, 1.4541900157928467, 0.3043999969959259]
[0.14362283051013947, -0.056309763342142105, 0.06156357005238533, 1.797853946685791, 0.06170433387160301, 0.9129056334495544] [0.38814395666122437, -0.4096199870109558, 0.17790204286575317, 1.3438260555267334, 1.4342480897903442, 0.3043999969959259]
[0.14352229237556458, -0.056237444281578064, 0.06121774762868881, 1.776068925857544, 0.06357619166374207, 0.9138534069061279] [0.38507598638534546, -0.4096199870109558, 0.17330004274845123, 1.3514959812164307, 1.4235100746154785, 0.3043999969959259]
[0.141935795545578, -0.0553475059568882, 0.061654843389987946, 1.7623549699783325, 0.06307870149612427, 0.9310548901557922] [0.3804739713668823, -0.4126879572868347, 0.16409604251384735, 1.3745059967041016, 1.4143060445785522, 0.3043999969959259]
[0.13981808722019196, -0.05464407429099083, 0.06193822622299194, 1.7527036666870117, 0.06152879074215889, 0.9503836631774902] [0.37893998622894287, -0.41728997230529785, 0.1594940423965454, 1.3867779970169067, 1.4112380743026733, 0.3043999969959259]
[0.139339879155159, -0.0560578815639019, 0.06154322996735573, 1.7464741468429565, 0.06689408421516418, 0.9475712180137634] [0.37740597128868103, -0.43723195791244507, 0.15642604231834412, 1.399049997329712, 1.4097040891647339, 0.3043999969959259]
[0.13878969848155975, -0.05736310034990311, 0.06201377138495445, 1.7430133819580078, 0.06609967350959778, 0.9460748434066772] [0.37740597128868103, -0.44336795806884766, 0.15642604231834412, 1.414389967918396, 1.4097040891647339, 0.3043999969959259]
[0.13751105964183807, -0.0567871630191803, 0.06239480897784233, 1.7418627738952637, 0.06402381509542465, 0.9586136341094971] [0.3758719563484192, -0.4449019730091095, 0.15182404220104218, 1.4220600128173828, 1.4097040891647339, 0.3043999969959259]
[0.13760405778884888, -0.05777047947049141, 0.06217268854379654, 1.740132212638855, 0.06725885719060898, 0.9533203840255737] [0.3758719563484192, -0.4541059732437134, 0.15182404220104218, 1.4220600128173828, 1.4097040891647339, 0.3043999969959259]
[0.13791115581989288, -0.059429436922073364, 0.06205272302031517, 1.73759925365448, 0.0704227015376091, 0.9431790709495544] [0.3758719563484192, -0.4709799885749817, 0.15182404220104218, 1.4205260276794434, 1.4097040891647339, 0.3043999969959259]
[0.13854916393756866, -0.06205368414521217, 0.061800941824913025, 1.7335729598999023, 0.07585742324590683, 0.925761878490448] [0.3758719563484192, -0.4939899742603302, 0.15182404220104218, 1.4205260276794434, 1.4097040891647339, 0.3043999969959259]
[0.13923653960227966, -0.06513062119483948, 0.06152968481183052, 1.7287544012069702, 0.08210828900337219, 0.9054049253463745] [0.3758719563484192, -0.5077959895133972, 0.15182404220104218, 1.4235939979553223, 1.4097040891647339, 0.3043999969959259]
[0.13950803875923157, -0.06702364981174469, 0.06142372265458107, 1.7257139682769775, 0.08559787273406982, 0.8937602043151855] [0.3758719563484192, -0.5216019749641418, 0.15182404220104218, 1.4235939979553223, 1.4097040891647339, 0.3043999969959259]
[0.14009591937065125, -0.07012158632278442, 0.06119171902537346, 1.7206928730010986, 0.09169169515371323, 0.8733389377593994] [0.3758719563484192, -0.5507479906082153, 0.15182404220104218, 1.4235939979553223, 1.4097040891647339, 0.3043999969959259]
[0.14062178134918213, -0.07323238253593445, 0.060984205454587936, 1.7155450582504272, 0.09768201410770416, 0.8528753519058228] [0.37433797121047974, -0.5737580060958862, 0.15182404220104218, 1.4235939979553223, 1.4097040891647339, 0.3043999969959259]
[0.14111612737178802, -0.07657800614833832, 0.06078911945223808, 1.7098904848098755, 0.10398223251104355, 0.8309024572372437] [0.3758719563484192, -0.5906319618225098, 0.15182404220104218, 1.4235939979553223, 1.4097040891647339, 0.3043999969959259]
[0.14149324595928192, -0.07903877645730972, 0.06088104844093323, 1.704531192779541, 0.10747051984071732, 0.8146359920501709] [0.3758719563484192, -0.6075059771537781, 0.15182404220104218, 1.4235939979553223, 1.4097040891647339, 0.3043999969959259]
[0.14171132445335388, -0.0815049484372139, 0.06055423244833946, 1.7013415098190308, 0.11299505829811096, 0.7985842823982239] [0.37433797121047974, -0.6259139776229858, 0.15182404220104218, 1.4235939979553223, 1.4097040891647339, 0.3043999969959259]
[0.14197063446044922, -0.08352625370025635, 0.060693494975566864, 1.6966661214828491, 0.11551720649003983, 0.7852052450180054] [0.37433797121047974, -0.6397199630737305, 0.15182404220104218, 1.4235939979553223, 1.4097040891647339, 0.3043999969959259]
[0.14217853546142578, -0.08600043505430222, 0.060611821711063385, 1.6922365427017212, 0.11984372138977051, 0.768979549407959] [0.37433797121047974, -0.6535259485244751, 0.15182404220104218, 1.4235939979553223, 1.4097040891647339, 0.3043999969959259]
[0.14238686859607697, -0.08915423601865768, 0.06052997335791588, 1.6864941120147705, 0.1252458393573761, 0.7482887506484985] [0.37433797121047974, -0.6796039938926697, 0.15182404220104218, 1.4235939979553223, 1.4097040891647339, 0.3043999969959259]
[0.1426888108253479, -0.09355901181697845, 0.060410160571336746, 1.6783194541931152, 0.13279342651367188, 0.7186440825462341] [0.37433797121047974, -0.7056819796562195, 0.15182404220104218, 1.4220600128173828, 1.4097040891647339, 0.3043999969959259]
[0.1427510380744934, -0.09785302728414536, 0.06038571894168854, 1.67012357711792, 0.13969576358795166, 0.6904029250144958] [0.37433797121047974, -0.7440319657325745, 0.15182404220104218, 1.4220600128173828, 1.4097040891647339, 0.3043999969959259]
[0.14258228242397308, -0.10530921071767807, 0.060452014207839966, 1.6554126739501953, 0.1511281579732895, 0.6411535739898682] [0.37433797121047974, -0.7977219820022583, 0.15182404220104218, 1.4220600128173828, 1.4097040891647339, 0.3043999969959259]
[0.14220570027828217, -0.11369112879037857, 0.06059746444225311, 1.6382144689559937, 0.16345931589603424, 0.5841124653816223] [0.3758719563484192, -0.8590819835662842, 0.15182404220104218, 1.418992042541504, 1.4097040891647339, 0.3043999969959259]
[0.14105316996574402, -0.12302666157484055, 0.060808971524238586, 1.6188738346099854, 0.17718876898288727, 0.5208346247673035] [0.37740597128868103, -0.9189079999923706, 0.15335804224014282, 1.4174580574035645, 1.4097040891647339, 0.3043999969959259]
[0.13963274657726288, -0.13118696212768555, 0.06129732355475426, 1.5997860431671143, 0.18696558475494385, 0.4644830822944641] [0.37740597128868103, -0.9725979566574097, 0.15335804224014282, 1.414389967918396, 1.4097040891647339, 0.3043999969959259]
[0.13761243224143982, -0.14122892916202545, 0.06205248832702637, 1.5730187892913818, 0.19816376268863678, 0.3926985263824463] [0.37740597128868103, -1.032423973083496, 0.15182404220104218, 1.4097880125045776, 1.3943641185760498, 0.3043999969959259]
[0.1346435844898224, -0.15246254205703735, 0.06235634908080101, 1.5254625082015991, 0.21340525150299072, 0.31021878123283386] [0.37893998622894287, -1.109123945236206, 0.15029004216194153, 1.391379952430725, 1.3744220733642578, 0.3043999969959259]
[0.13180698454380035, -0.16088171303272247, 0.06292558461427689, 1.4930901527404785, 0.2229975163936615, 0.24706552922725677] [0.3804739713668823, -1.1597459316253662, 0.14875604212284088, 1.391379952430725, 1.3698201179504395, 0.3043999969959259]
[0.1298384964466095, -0.1652500331401825, 0.06359400600194931, 1.471941351890564, 0.22573384642601013, 0.2144971787929535] [0.3804739713668823, -1.1842899322509766, 0.14722204208374023, 1.3898459672927856, 1.3590821027755737, 0.3043999969959259]
[0.12865257263183594, -0.16804005205631256, 0.06359131634235382, 1.4562101364135742, 0.23043368756771088, 0.19303612411022186] [0.3820079565048218, -1.205765962600708, 0.1456880420446396, 1.3883119821548462, 1.351412057876587, 0.3043999969959259]
[0.12688498198986053, -0.17182588577270508, 0.06380145251750946, 1.435991644859314, 0.23544052243232727, 0.1637106090784073] [0.3804739713668823, -1.2241740226745605, 0.14415404200553894, 1.3837100267410278, 1.3468101024627686, 0.3043999969959259]
[0.12671230733394623, -0.17312367260456085, 0.06377264112234116, 1.4286863803863525, 0.23625272512435913, 0.15266995131969452] [0.3820079565048218, -1.228775978088379, 0.1426200419664383, 1.3745059967041016, 1.3391400575637817, 0.3043999969959259]
[0.12677481770515442, -0.173635795712471, 0.06349411606788635, 1.422710657119751, 0.23813992738723755, 0.14808252453804016] [0.3820079565048218, -1.2272419929504395, 0.1426200419664383, 1.376039981842041, 1.3391400575637817, 0.3043999969959259]
[0.12672553956508636, -0.17347301542758942, 0.06348644196987152, 1.4235831499099731, 0.23802879452705383, 0.14958077669143677] [0.3835419714450836, -1.2272419929504395, 0.1426200419664383, 1.3745059967041016, 1.3391400575637817, 0.3043999969959259]
[0.126718670129776, -0.173635795712471, 0.06329968571662903, 1.4229437112808228, 0.23965714871883392, 0.1481376588344574] [0.3835419714450836, -1.2272419929504395, 0.14415404200553894, 1.3745059967041016, 1.3391400575637817, 0.3043999969959259]
[0.12667866051197052, -0.1734660565853119, 0.06331826001405716, 1.4233170747756958, 0.23952846229076385, 0.14971119165420532] [0.38507598638534546, -1.2272419929504395, 0.1426200419664383, 1.376039981842041, 1.3391400575637817, 0.3043999969959259]
[0.12670935690402985, -0.17364273965358734, 0.06327342242002487, 1.4234449863433838, 0.2396751493215561, 0.14806295931339264] [0.38507598638534546, -1.2257080078125, 0.1426200419664383, 1.376039981842041, 1.3391400575637817, 0.3043999969959259]
[0.12672938406467438, -0.17326469719409943, 0.0630805492401123, 1.424139380455017, 0.24095889925956726, 0.15132896602153778] [0.38507598638534546, -1.2257080078125, 0.1426200419664383, 1.376039981842041, 1.3391400575637817, 0.3043999969959259]
[0.1267765313386917, -0.17327168583869934, 0.0632486492395401, 1.4244048595428467, 0.2394593507051468, 0.15119719505310059] [0.38507598638534546, -1.2257080078125, 0.1426200419664383, 1.376039981842041, 1.3391400575637817, 0.3043999969959259]
[0.12672938406467438, -0.17326469719409943, 0.0630805492401123, 1.424139380455017, 0.24095889925956726, 0.15132896602153778] [0.38507598638534546, -1.2257080078125, 0.14415404200553894, 1.376039981842041, 1.3391400575637817, 0.3043999969959259]
[0.12672938406467438, -0.17326469719409943, 0.0630805492401123, 1.424139380455017, 0.24095889925956726, 0.15132896602153778] [0.38507598638534546, -1.2257080078125, 0.1426200419664383, 1.376039981842041, 1.3391400575637817, 0.3043999969959259]
[0.1268167495727539, -0.17344136536121368, 0.06322988867759705, 1.4240316152572632, 0.23958969116210938, 0.1496238261461258] [0.38507598638534546, -1.2257080078125, 0.1426200419664383, 1.376039981842041, 1.3391400575637817, 0.3043999969959259]
[0.12672938406467438, -0.17326469719409943, 0.0630805492401123, 1.424139380455017, 0.24095889925956726, 0.15132896602153778] [0.38507598638534546, -1.2257080078125, 0.14415404200553894, 1.376039981842041, 1.3391400575637817, 0.3043999969959259]
[0.12725743651390076, -0.17189086973667145, 0.06261932104825974, 1.428802490234375, 0.2418140023946762, 0.16225408017635345] [0.38814395666122437, -1.2165039777755737, 0.14415404200553894, 1.3775739669799805, 1.3391400575637817, 0.9971999526023865]
[0.1272614300251007, -0.17188751697540283, 0.06263747811317444, 1.4303364753723145, 0.2418140023946762, 0.16225408017635345] [0.38814395666122437, -1.2165039777755737, 0.14415404200553894, 1.3775739669799805, 1.3391400575637817, 0.9968000054359436]
[0.12725743651390076, -0.17189086973667145, 0.06261932104825974, 1.428802490234375, 0.2418140023946762, 0.16225408017635345] [0.38814395666122437, -1.2149699926376343, 0.14415404200553894, 1.3775739669799805, 1.3391400575637817, 0.9971999526023865]
[0.1273622214794159, -0.17168839275836945, 0.06257648020982742, 1.4293925762176514, 0.24171976745128632, 0.1638152301311493] [0.38814395666122437, -1.2149699926376343, 0.14415404200553894, 1.3775739669799805, 1.3391400575637817, 0.9968000054359436]
[0.1273622214794159, -0.17168839275836945, 0.06257648020982742, 1.4293925762176514, 0.24171976745128632, 0.1638152301311493] [0.38814395666122437, -1.2165039777755737, 0.14415404200553894, 1.3775739669799805, 1.3391400575637817, 0.9968000054359436]
