[0.1925724595785141, -0.07986358553171158, 0.05761214345693588, 1.6152782440185547, 0.028964150696992874, 0.38212788105010986] [0.40808597207069397, -0.20099596679210663, 0.5660040378570557, 0.6903419494628906, 1.0016601085662842, 0.9975999593734741]
[0.1923753321170807, -0.07986358553171158, 0.05672638490796089, 1.6169952154159546, 0.033234138041734695, 0.3821812868118286] [0.41728997230529785, -0.20099596679210663, 0.5660040378570557, 0.6903419494628906, 1.0016601085662842, 0.9975999593734741]
[0.19173406064510345, -0.07956665754318237, 0.05408626049757004, 1.6227387189865112, 0.045806389302015305, 0.3838091194629669] [0.4280279874801636, -0.20099596679210663, 0.5660040378570557, 0.6903419494628906, 1.0016601085662842, 0.9975999593734741]
[0.19147418439388275, -0.07986358553171158, 0.052898894995450974, 1.6244421005249023, 0.05173632875084877, 0.3824975788593292] [0.4326299726963043, -0.19946196675300598, 0.5660040378570557, 0.6903419494628906, 1.0016601085662842, 0.9975999593734741]
[0.19147418439388275, -0.07986358553171158, 0.052898894995450974, 1.6244421005249023, 0.05173632875084877, 0.3824975788593292] [0.4326299726963043, -0.20099596679210663, 0.5660040378570557, 0.6903419494628906, 1.0016601085662842, 0.9979999661445618]
[0.19147418439388275, -0.07986358553171158, 0.052898894995450974, 1.6244421005249023, 0.05173632875084877, 0.3824975788593292] [0.4326299726963043, -0.20099596679210663, 0.5660040378570557, 0.6903419494628906, 1.0016601085662842, 0.9975999593734741]
[0.19147418439388275, -0.07986358553171158, 0.052898894995450974, 1.6244421005249023, 0.05173632875084877, 0.3824975788593292] [0.4326299726963043, -0.20099596679210663, 0.5660040378570557, 0.6903419494628906, 1.0016601085662842, 0.9975999593734741]
[0.19147418439388275, -0.07986358553171158, 0.052898894995450974, 1.6244421005249023, 0.05173632875084877, 0.3824975788593292] [0.4326299726963043, -0.20099596679210663, 0.5660040378570557, 0.6903419494628906, 1.0016601085662842, 0.9975999593734741]
[0.19147418439388275, -0.07986358553171158, 0.052898894995450974, 1.6244421005249023, 0.05173632875084877, 0.3824975788593292] [0.4326299726963043, -0.20099596679210663, 0.5644700527191162, 0.6903419494628906, 1.0016601085662842, 0.9975999593734741]
[0.19147418439388275, -0.07986358553171158, 0.052898894995450974, 1.6244421005249023, 0.05173632875084877, 0.3824975788593292] [0.4326299726963043, -0.20099596679210663, 0.5660040378570557, 0.6903419494628906, 1.0016601085662842, 0.9975999593734741]
[0.19147418439388275, -0.07986358553171158, 0.052898894995450974, 1.6244421005249023, 0.05173632875084877, 0.3824975788593292] [0.4326299726963043, -0.20099596679210663, 0.5660040378570557, 0.6903419494628906, 1.0016601085662842, 0.9975999593734741]
[0.19147418439388275, -0.07986358553171158, 0.052898894995450974, 1.6244421005249023, 0.05173632875084877, 0.3824975788593292] [0.4326299726963043, -0.20099596679210663, 0.5660040378570557, 0.6903419494628906, 1.0016601085662842, 0.06960000097751617]
[0.19147418439388275, -0.07986358553171158, 0.052898894995450974, 1.6244421005249023, 0.05173632875084877, 0.3824975788593292] [0.4326299726963043, -0.20099596679210663, 0.5660040378570557, 0.6903419494628906, 1.0016601085662842, 0.06960000097751617]
[0.19147418439388275, -0.07986358553171158, 0.052898894995450974, 1.6244421005249023, 0.05173632875084877, 0.3824975788593292] [0.4326299726963043, -0.20099596679210663, 0.5660040378570557, 0.6903419494628906, 1.0016601085662842, 0.06960000097751617]
[0.19142283499240875, -0.07926976680755615, 0.05292259901762009, 1.625636339187622, 0.051254529505968094, 0.38534432649612427] [0.4326299726963043, -0.1933259665966034, 0.5660040378570557, 0.6903419494628906, 1.0016601085662842, 0.06960000097751617]
[0.19114133715629578, -0.07630343735218048, 0.05305260419845581, 1.6315861940383911, 0.04879479110240936, 0.3995685577392578] [0.4326299726963043, -0.17338396608829498, 0.5660040378570557, 0.6903419494628906, 1.0016601085662842, 0.06960000097751617]
[0.19071365892887115, -0.07245492935180664, 0.05325010418891907, 1.6392666101455688, 0.04547126963734627, 0.41803520917892456] [0.4326299726963043, -0.1611119657754898, 0.5660040378570557, 0.6903419494628906, 1.0016601085662842, 0.06960000097751617]
[0.19053024053573608, -0.07121597975492477, 0.05321408063173294, 1.6404603719711304, 0.04520410671830177, 0.42429497838020325] [0.4326299726963043, -0.15650996565818787, 0.5598680377006531, 0.6888079643249512, 1.0016601085662842, 0.06960000097751617]
[0.19048431515693665, -0.07117005437612534, 0.05279975011944771, 1.63693368434906, 0.048470135778188705, 0.4248039424419403] [0.4326299726963043, -0.1580439656972885, 0.5583340525627136, 0.6888079643249512, 1.0016601085662842, 0.06960000097751617]
[0.19068549573421478, -0.07224702090024948, 0.05236255005002022, 1.6277540922164917, 0.051860909909009933, 0.41863924264907837] [0.43416398763656616, -0.1611119657754898, 0.5583340525627136, 0.668865978717804, 0.9909220933914185, 0.06960000097751617]
[0.19179517030715942, -0.07785119116306305, 0.050752971321344376, 1.6142596006393433, 0.06594199687242508, 0.3844554126262665] [0.43416398763656616, -0.18872396647930145, 0.5598680377006531, 0.668865978717804, 0.9878540635108948, 0.06960000097751617]
[0.19206015765666962, -0.08126884698867798, 0.05020618811249733, 1.6065762042999268, 0.07087287306785583, 0.36748799681663513] [0.4356979727745056, -0.20559796690940857, 0.5598680377006531, 0.6673319935798645, 0.9863200783729553, 0.06960000097751617]
[0.19226613640785217, -0.08426403999328613, 0.05003225430846214, 1.5943660736083984, 0.0731554627418518, 0.3531440794467926] [0.4356979727745056, -0.2194039672613144, 0.5614020824432373, 0.6642639636993408, 0.9740480780601501, 0.06960000097751617]
[0.19261467456817627, -0.08848357200622559, 0.04974129796028137, 1.5797220468521118, 0.07695858925580978, 0.3314017951488495] [0.43416398763656616, -0.24701596796512604, 0.5598680377006531, 0.6627299785614014, 0.9663780927658081, 0.06960000097751617]
[0.19294100999832153, -0.09794490784406662, 0.04972933977842331, 1.5507988929748535, 0.08244014531373978, 0.28543800115585327] [0.43416398763656616, -0.29303598403930664, 0.5598680377006531, 0.6611959934234619, 0.961776077747345, 0.06960000097751617]
[0.19308018684387207, -0.10436621308326721, 0.04921014979481697, 1.5322437286376953, 0.08989426493644714, 0.2515338957309723] [0.43416398763656616, -0.3237159848213196, 0.5614020824432373, 0.6443219780921936, 0.9571740627288818, 0.06960000097751617]
[0.19334426522254944, -0.11285784840583801, 0.048409223556518555, 1.5148671865463257, 0.10227873176336288, 0.20262674987316132] [0.4326299726963043, -0.35132795572280884, 0.5614020824432373, 0.630515992641449, 0.9541060924530029, 0.06960000097751617]
[0.19333630800247192, -0.1182626336812973, 0.048009973019361496, 1.4953874349594116, 0.10888522118330002, 0.17165176570415497] [0.4310959577560425, -0.37740597128868103, 0.5614020824432373, 0.6167099475860596, 0.9372320771217346, 0.06960000097751617]
[0.19277961552143097, -0.12552542984485626, 0.04754357412457466, 1.4611661434173584, 0.11566180735826492, 0.13294130563735962] [0.4310959577560425, -0.4034839868545532, 0.5614020824432373, 0.6075059771537781, 0.9172900915145874, 0.06960000097751617]
[0.1924256682395935, -0.13097745180130005, 0.04719317704439163, 1.433888554573059, 0.12136916071176529, 0.1016661673784256] [0.429561972618103, -0.429561972618103, 0.5614020824432373, 0.5906319618225098, 0.8988820314407349, 0.06960000097751617]
[0.19190560281276703, -0.13810892403125763, 0.04682190343737602, 1.402174472808838, 0.1290215402841568, 0.05906977877020836] [0.42649397253990173, -0.4479699730873108, 0.5614020824432373, 0.5737580060958862, 0.8896780610084534, 0.06960000097751617]
[0.19141942262649536, -0.1425507515668869, 0.04634193331003189, 1.3892720937728882, 0.13527241349220276, 0.03167162835597992] [0.42649397253990173, -0.46637797355651855, 0.5614020824432373, 0.561486005783081, 0.8774060606956482, 0.06960000097751617]
[0.19070543348789215, -0.14707641303539276, 0.045750465244054794, 1.3672045469284058, 0.14197704195976257, 0.00484179612249136] [0.42649397253990173, -0.4878539741039276, 0.5614020824432373, 0.5446119904518127, 0.8636000752449036, 0.06960000097751617]
[0.18958987295627594, -0.15391995012760162, 0.04533412307500839, 1.3405909538269043, 0.14960457384586334, -0.0368138886988163] [0.42649397253990173, -0.5077959895133972, 0.5614020824432373, 0.5277379751205444, 0.8589980602264404, 0.06960000097751617]
[0.18817676603794098, -0.16042636334896088, 0.04495320841670036, 1.3203799724578857, 0.1567336916923523, -0.07592804729938507] [0.4249599575996399, -0.5354079604148865, 0.5614020824432373, 0.5108639597892761, 0.8421240448951721, 0.06960000097751617]
[0.18657107651233673, -0.16632594168186188, 0.0443965345621109, 1.2933145761489868, 0.1635240614414215, -0.11095661669969559] [0.4249599575996399, -0.561486005783081, 0.5614020824432373, 0.48938798904418945, 0.837522029876709, 0.07000000029802322]
[0.18554191291332245, -0.17104217410087585, 0.04416599124670029, 1.2860594987869263, 0.16933846473693848, -0.14295974373817444] [0.4249599575996399, -0.56455397605896, 0.5629360675811768, 0.4847859740257263, 0.837522029876709, 0.06960000097751617]
[0.1856437772512436, -0.17074745893478394, 0.04411989450454712, 1.2866946458816528, 0.16942809522151947, -0.14145512878894806] [0.4249599575996399, -0.56455397605896, 0.5629360675811768, 0.4847859740257263, 0.837522029876709, 0.06960000097751617]
[0.1854560226202011, -0.17104217410087585, 0.04388144239783287, 1.2858376502990723, 0.17085681855678558, -0.14299727976322174] [0.4249599575996399, -0.56455397605896, 0.5629360675811768, 0.4847859740257263, 0.837522029876709, 0.06960000097751617]
[0.18557891249656677, -0.17059175670146942, 0.04391218721866608, 1.2867132425308228, 0.1702808141708374, -0.14009001851081848] [0.42649397253990173, -0.5630199909210205, 0.5644700527191162, 0.4878539741039276, 0.837522029876709, 0.06960000097751617]
[0.18563257157802582, -0.1705031543970108, 0.04416389390826225, 1.2895535230636597, 0.16832011938095093, -0.13932360708713531] [0.42649397253990173, -0.5630199909210205, 0.5690720677375793, 0.4878539741039276, 0.8436580896377563, 0.06960000097751617]
[0.18568359315395355, -0.1705474704504013, 0.04442807659506798, 1.2998270988464355, 0.1670272797346115, -0.13996239006519318] [0.42649397253990173, -0.5630199909210205, 0.5706060528755188, 0.48938798904418945, 0.8436580896377563, 0.06960000097751617]
[0.18574048578739166, -0.17027103900909424, 0.04467158019542694, 1.3015896081924438, 0.16502998769283295, -0.13749045133590698] [0.4280279874801636, -0.561486005783081, 0.5706060528755188, 0.4909219741821289, 0.8497940301895142, 0.06960000097751617]
[0.18587912619113922, -0.16979874670505524, 0.04479397460818291, 1.310125708580017, 0.16443943977355957, -0.13459382951259613] [0.42649397253990173, -0.561486005783081, 0.5721400380134583, 0.4939899742603302, 0.8682020902633667, 0.06960000097751617]
[0.18617333471775055, -0.16883160173892975, 0.04514935985207558, 1.3363999128341675, 0.1632491946220398, -0.128803551197052] [0.4280279874801636, -0.5568839907646179, 0.5721400380134583, 0.5093299746513367, 0.895814061164856, 0.06960000097751617]
[0.1864001750946045, -0.16693399846553802, 0.04584376513957977, 1.3590203523635864, 0.15803399682044983, -0.11341290920972824] [0.4280279874801636, -0.5568839907646179, 0.5706060528755188, 0.5108639597892761, 0.8988820314407349, 0.06960000097751617]
[0.1864863485097885, -0.1669303923845291, 0.046148017048835754, 1.3607300519943237, 0.15650980174541473, -0.11338537931442261] [0.4280279874801636, -0.5568839907646179, 0.5706060528755188, 0.5108639597892761, 0.8988820314407349, 0.06960000097751617]
[0.18645155429840088, -0.16646049916744232, 0.046117547899484634, 1.3627405166625977, 0.15598270297050476, -0.1092420369386673] [0.4280279874801636, -0.5553499460220337, 0.5706060528755188, 0.5154659748077393, 0.9004160761833191, 0.06960000097751617]
[0.18653057515621185, -0.1661289781332016, 0.04598306119441986, 1.3620998859405518, 0.15672838687896729, -0.10740534961223602] [0.4280279874801636, -0.5538159608840942, 0.5690720677375793, 0.5169999599456787, 0.9004160761833191, 0.06960000097751617]
[0.18662722408771515, -0.16597343981266022, 0.04634835198521614, 1.3624807596206665, 0.15451951324939728, -0.10598967224359512] [0.4280279874801636, -0.5538159608840942, 0.5690720677375793, 0.5169999599456787, 0.9004160761833191, 0.06960000097751617]
[0.18651171028614044, -0.16589975357055664, 0.04587966203689575, 1.3597558736801147, 0.1574033498764038, -0.1053326278924942] [0.4280279874801636, -0.5538159608840942, 0.5644700527191162, 0.5169999599456787, 0.9004160761833191, 0.06960000097751617]
[0.18648211658000946, -0.16514655947685242, 0.045341286808252335, 1.3555662631988525, 0.16036869585514069, -0.09971337020397186] [0.429561972618103, -0.5538159608840942, 0.5598680377006531, 0.5200679898262024, 0.9004160761833191, 0.06960000097751617]
[0.18648545444011688, -0.16514284908771515, 0.04535950347781181, 1.357100248336792, 0.16036869585514069, -0.09971337020397186] [0.429561972618103, -0.5538159608840942, 0.5598680377006531, 0.5231359601020813, 0.9019500613212585, 0.06960000097751617]
[0.18656548857688904, -0.16439928114414215, 0.04584287106990814, 1.3594739437103271, 0.15629993379116058, -0.09308350086212158] [0.429561972618103, -0.5492140054702759, 0.5614020824432373, 0.5354079604148865, 0.9019500613212585, 0.06960000097751617]
[0.1876484602689743, -0.15952612459659576, 0.045823175460100174, 1.3859593868255615, 0.15366409718990326, -0.06370332092046738] [0.4310959577560425, -0.5308059453964233, 0.5598680377006531, 0.5476799607276917, 0.961776077747345, 0.1632000058889389]
[0.18814373016357422, -0.15580052137374878, 0.045760490000247955, 1.455446720123291, 0.1545153707265854, -0.040740013122558594] [0.4387659728527069, -0.5216019749641418, 0.5598680377006531, 0.5584179759025574, 1.0016601085662842, 0.06960000097751617]
[0.18829160928726196, -0.1542280912399292, 0.04672432318329811, 1.4869195222854614, 0.14894317090511322, -0.02820156328380108] [0.43723195791244507, -0.5216019749641418, 0.5598680377006531, 0.5676219463348389, 1.0185340642929077, 0.06840000301599503]
[0.18820220232009888, -0.1537146121263504, 0.04665611684322357, 1.4923924207687378, 0.1491081565618515, -0.023687051609158516] [0.4387659728527069, -0.5216019749641418, 0.5583340525627136, 0.5706899762153625, 1.0200680494308472, 0.06840000301599503]
[0.18811169266700745, -0.15262825787067413, 0.04693584889173508, 1.493781566619873, 0.1457352638244629, -0.014035231433808804] [0.44029998779296875, -0.5216019749641418, 0.5583340525627136, 0.5890979766845703, 1.0185340642929077, 0.06840000301599503]
[0.18791843950748444, -0.15107649564743042, 0.04719201475381851, 1.4972667694091797, 0.1417708545923233, -0.00026316253934055567] [0.44336795806884766, -0.5216019749641418, 0.5583340525627136, 0.6044379472732544, 1.0415440797805786, 0.06840000301599503]
[0.18777498602867126, -0.14981283247470856, 0.04771747440099716, 1.5356401205062866, 0.13919387757778168, 0.010744198225438595] [0.44643598794937134, -0.5216019749641418, 0.5583340525627136, 0.6105740070343018, 1.0645540952682495, 0.06840000301599503]
[0.18769636750221252, -0.1494997888803482, 0.04770542308688164, 1.5452444553375244, 0.13931386172771454, 0.013496202416718006] [0.4479699730873108, -0.5200679898262024, 0.5583340525627136, 0.6105740070343018, 1.0722240209579468, 0.06840000301599503]
[0.1875251829624176, -0.14872272312641144, 0.04774557799100876, 1.563123345375061, 0.1388418823480606, 0.020374298095703125] [0.4525719881057739, -0.5216019749641418, 0.5583340525627136, 0.6289819478988647, 1.104438066482544, 0.07120000571012497]
[0.18709836900234222, -0.14582036435604095, 0.047993190586566925, 1.5987536907196045, 0.1360175609588623, 0.045113008469343185] [0.46024197340011597, -0.5200679898262024, 0.5414600372314453, 0.6642639636993408, 1.1519920825958252, 0.056000005453825]
[0.18618695437908173, -0.14175865054130554, 0.047974735498428345, 1.6244088411331177, 0.13730737566947937, 0.08273030072450638] [0.46024197340011597, -0.5216019749641418, 0.5107800364494324, 0.6995459794998169, 1.1857401132583618, 0.07280000299215317]
[0.18529270589351654, -0.13750730454921722, 0.04808051139116287, 1.642227053642273, 0.1382925808429718, 0.12117903679609299] [0.46024197340011597, -0.5200679898262024, 0.46782803535461426, 0.7624399662017822, 1.2424980401992798, 0.1860000044107437]
[0.18315908312797546, -0.1291411817073822, 0.04827883467078209, 1.6734105348587036, 0.13949814438819885, 0.19675381481647491] [0.46024197340011597, -0.5185339450836182, 0.440216064453125, 0.8007899522781372, 1.2578380107879639, 0.06800000369548798]
[0.18189242482185364, -0.12498735636472702, 0.04819076880812645, 1.6763161420822144, 0.14019793272018433, 0.23423126339912415] [0.46024197340011597, -0.5185339450836182, 0.41874003410339355, 0.8376059532165527, 1.2808480262756348, 0.06800000369548798]
[0.17989212274551392, -0.11967103183269501, 0.04852692782878876, 1.6980096101760864, 0.13954617083072662, 0.28461870551109314] [0.46024197340011597, -0.5185339450836182, 0.39573004841804504, 0.8790239691734314, 1.3115280866622925, 0.06800000369548798]
[0.17817829549312592, -0.11575700342655182, 0.04847759008407593, 1.7125213146209717, 0.14153726398944855, 0.3224838376045227] [0.46024197340011597, -0.5185339450836182, 0.37272006273269653, 0.9158399701118469, 1.333004117012024, 0.06640000641345978]
[0.1757361739873886, -0.11067888885736465, 0.048778459429740906, 1.730021357536316, 0.14073960483074188, 0.37246301770210266] [0.46024197340011597, -0.5169999599456787, 0.3451080322265625, 0.9649279713630676, 1.348344087600708, 0.06640000641345978]
[0.17271235585212708, -0.10430412739515305, 0.04905742406845093, 1.735726237297058, 0.13770146667957306, 0.4328104555606842] [0.46024197340011597, -0.5093299746513367, 0.32670003175735474, 1.017084002494812, 1.3560140132904053, 0.06640000641345978]
[0.16969841718673706, -0.0970449224114418, 0.04947436600923538, 1.744390606880188, 0.13145245611667633, 0.4963036775588989] [0.46024197340011597, -0.49245595932006836, 0.3128940463066101, 1.0539000034332275, 1.3560140132904053, 0.06640000641345978]
[0.1668507605791092, -0.09005384892225266, 0.04960905760526657, 1.7500492334365845, 0.12632516026496887, 0.5551058650016785] [0.46024197340011597, -0.4740479588508606, 0.2960200309753418, 1.0953179597854614, 1.3560140132904053, 0.06640000641345978]
[0.16359062492847443, -0.08292656391859055, 0.05000356584787369, 1.755621314048767, 0.11864704638719559, 0.6162552237510681] [0.4587079882621765, -0.4571739733219147, 0.2806800603866577, 1.1382700204849243, 1.3575481176376343, 0.06640000641345978]
[0.1595487743616104, -0.07511850446462631, 0.0506410226225853, 1.7605371475219727, 0.10927166044712067, 0.685486376285553] [0.4587079882621765, -0.4310959577560425, 0.25920403003692627, 1.1750860214233398, 1.3575481176376343, 0.06640000641345978]
[0.156173974275589, -0.06872222572565079, 0.05079677328467369, 1.7674925327301025, 0.10349465906620026, 0.740905225276947] [0.46024197340011597, -0.4050179719924927, 0.243864044547081, 1.205765962600708, 1.3575481176376343, 0.06640000641345978]
[0.15255999565124512, -0.06164609640836716, 0.05065745487809181, 1.774309515953064, 0.09777413308620453, 0.799275815486908] [0.4587079882621765, -0.37740597128868103, 0.23159204423427582, 1.2257080078125, 1.3575481176376343, 0.06680000573396683]
[0.149534210562706, -0.0559222549200058, 0.05127127468585968, 1.7796640396118164, 0.08873310685157776, 0.8471131324768066] [0.4587079882621765, -0.35132795572280884, 0.2208540439605713, 1.241047978401184, 1.3575481176376343, 0.06640000641345978]
[0.14675773680210114, -0.04939461499452591, 0.0512777641415596, 1.7857266664505005, 0.08339834958314896, 0.8947635889053345] [0.4587079882621765, -0.30990996956825256, 0.21011604368686676, 1.2517859935760498, 1.3575481176376343, 0.06640000641345978]
[0.1434541642665863, -0.043060313910245895, 0.051664579659700394, 1.7931681871414185, 0.07449671626091003, 0.944030225276947] [0.4571739733219147, -0.2822979688644409, 0.19937804341316223, 1.2655919790267944, 1.3575481176376343, 0.06640000641345978]
[0.13994839787483215, -0.03749040886759758, 0.0519537478685379, 1.7985419034957886, 0.06743787229061127, 0.9910138845443726] [0.45563995838165283, -0.22707396745681763, 0.17636804282665253, 1.2855340242385864, 1.3575481176376343, 0.06640000641345978]
[0.13467159867286682, -0.028346944600343704, 0.05247998237609863, 1.8022387027740479, 0.05838387459516525, 1.0631465911865234] [0.4510379731655121, -0.1902579665184021, 0.1594940423965454, 1.2870680093765259, 1.3560140132904053, 0.06640000641345978]
[0.13270092010498047, -0.024846119806170464, 0.052261825650930405, 1.794197678565979, 0.06131310015916824, 1.090775966644287] [0.4449019730091095, -0.17491796612739563, 0.139552041888237, 1.2870680093765259, 1.3544800281524658, 0.06640000641345978]
[0.1319459229707718, -0.02411591075360775, 0.051753852516412735, 1.780504822731018, 0.07133667916059494, 1.1018837690353394] [0.4356979727745056, -0.17491796612739563, 0.12881404161453247, 1.2916699647903442, 1.351412057876587, 0.06640000641345978]
[0.13176649808883667, -0.02413889952003956, 0.05201392620801926, 1.7718652486801147, 0.0732608363032341, 1.1053099632263184] [0.429561972618103, -0.17491796612739563, 0.11961004137992859, 1.299340009689331, 1.351412057876587, 0.06640000641345978]
[0.1307010054588318, -0.023798245936632156, 0.05275748297572136, 1.7636568546295166, 0.07222215086221695, 1.117640733718872] [0.421891987323761, -0.1841219663619995, 0.10887204110622406, 1.317747950553894, 1.351412057876587, 0.06640000641345978]
[0.12946303188800812, -0.026083121076226234, 0.05254737660288811, 1.7542221546173096, 0.07982360571622849, 1.123326301574707] [0.4157559871673584, -0.2101999670267105, 0.10120204091072083, 1.340757966041565, 1.351412057876587, 0.06640000641345978]
[0.12888860702514648, -0.027392283082008362, 0.052566755563020706, 1.7471458911895752, 0.08438383787870407, 1.1258342266082764] [0.41422197222709656, -0.21480196714401245, 0.09660004079341888, 1.3499619960784912, 1.348344087600708, 0.06640000641345978]
[0.1271696835756302, -0.027790997177362442, 0.052834272384643555, 1.7415353059768677, 0.0851060301065445, 1.1398223638534546] [0.41115397214889526, -0.23014196753501892, 0.08893004059791565, 1.376039981842041, 1.348344087600708, 0.06680000573396683]
[0.1264655441045761, -0.02907695434987545, 0.05298203229904175, 1.7370132207870483, 0.08642186969518661, 1.1422332525253296] [0.41115397214889526, -0.2546859681606293, 0.087396040558815, 1.392914056777954, 1.348344087600708, 0.06640000641345978]
[0.1266396939754486, -0.0320846252143383, 0.05269237235188484, 1.7351545095443726, 0.09128564596176147, 1.130886435508728] [0.4096199870109558, -0.2792299687862396, 0.087396040558815, 1.4097880125045776, 1.348344087600708, 0.06640000641345978]
[0.1268816888332367, -0.03714623302221298, 0.052828773856163025, 1.7281779050827026, 0.09742625802755356, 1.112098217010498] [0.4096199870109558, -0.32218196988105774, 0.087396040558815, 1.4281959533691406, 1.348344087600708, 0.06640000641345978]
[0.12767061591148376, -0.04198748245835304, 0.05249219015240669, 1.7222474813461304, 0.10650031268596649, 1.0876801013946533] [0.4096199870109558, -0.35899797081947327, 0.087396040558815, 1.4358659982681274, 1.348344087600708, 0.06680000573396683]
[0.1286713033914566, -0.04611814394593239, 0.052059706300497055, 1.7167489528656006, 0.11556196957826614, 1.0632044076919556] [0.4096199870109558, -0.3988819718360901, 0.087396040558815, 1.4420020580291748, 1.348344087600708, 0.06640000641345978]
[0.12992386519908905, -0.052035097032785416, 0.051708903163671494, 1.7086679935455322, 0.12671710550785065, 1.027989149093628] [0.4096199870109558, -0.4387659728527069, 0.087396040558815, 1.4558080434799194, 1.348344087600708, 0.06680000573396683]
[0.1298600435256958, -0.055792972445487976, 0.05154736340045929, 1.7034810781478882, 0.1342393010854721, 1.0111392736434937] [0.4096199870109558, -0.4740479588508606, 0.08893004059791565, 1.4650119543075562, 1.348344087600708, 0.06640000641345978]
[0.1310853213071823, -0.06118711829185486, 0.051206305623054504, 1.695222020149231, 0.1450609415769577, 0.9757151007652283] [0.4096199870109558, -0.5077959895133972, 0.0904640406370163, 1.4650119543075562, 1.348344087600708, 0.06640000641345978]
[0.13212521374225616, -0.06549892574548721, 0.05094565078616142, 1.6882290840148926, 0.15363968908786774, 0.946000337600708] [0.4096199870109558, -0.5461459755897522, 0.0904640406370163, 1.4665460586547852, 1.348344087600708, 0.06640000641345978]
[0.13309763371944427, -0.07004736363887787, 0.05078045278787613, 1.6807698011398315, 0.16299323737621307, 0.915023148059845] [0.40808597207069397, -0.5737580060958862, 0.0904640406370163, 1.4650119543075562, 1.348344087600708, 0.06640000641345978]
[0.13378292322158813, -0.07453882694244385, 0.0506548248231411, 1.6715008020401, 0.17107009887695312, 0.8850907683372498] [0.40808597207069397, -0.6029039621353149, 0.0904640406370163, 1.4665460586547852, 1.348344087600708, 0.06640000641345978]
[0.13424380123615265, -0.07782091200351715, 0.05045555904507637, 1.6655503511428833, 0.17807310819625854, 0.8629367351531982] [0.40808597207069397, -0.6228460073471069, 0.09199804067611694, 1.4665460586547852, 1.348344087600708, 0.06640000641345978]
[0.13453765213489532, -0.08023466169834137, 0.050328515470027924, 1.6610822677612305, 0.18312512338161469, 0.8466456532478333] [0.4096199870109558, -0.6412539482116699, 0.09353204071521759, 1.4665460586547852, 1.348344087600708, 0.06640000641345978]
[0.13485680520534515, -0.08266308903694153, 0.050381191074848175, 1.656598687171936, 0.1866510510444641, 0.8298454880714417] [0.40808597207069397, -0.6627299785614014, 0.09353204071521759, 1.4665460586547852, 1.348344087600708, 0.06640000641345978]
[0.13524280488491058, -0.08752245455980301, 0.05016446113586426, 1.6484158039093018, 0.19599732756614685, 0.7968435883522034] [0.40808597207069397, -0.6888079643249512, 0.09660004079341888, 1.4665460586547852, 1.348344087600708, 0.06640000641345978]
[0.13550107181072235, -0.09106676280498505, 0.05024309083819389, 1.6414299011230469, 0.20144496858119965, 0.7724820971488953] [0.4096199870109558, -0.7164199948310852, 0.09660004079341888, 1.4665460586547852, 1.348344087600708, 0.06640000641345978]
[0.13569819927215576, -0.09482675045728683, 0.050398703664541245, 1.6326740980148315, 0.20747224986553192, 0.7467754483222961] [0.40808597207069397, -0.750167965888977, 0.09660004079341888, 1.4665460586547852, 1.348344087600708, 0.06640000641345978]
[0.13570526242256165, -0.10080186277627945, 0.0503956563770771, 1.6201035976409912, 0.21838927268981934, 0.7061012983322144] [0.40808597207069397, -0.7900519967079163, 0.09660004079341888, 1.4665460586547852, 1.348344087600708, 0.06640000641345978]
[0.13538379967212677, -0.10721395164728165, 0.050294000655412674, 1.607041358947754, 0.2307559698820114, 0.6623719334602356] [0.4096199870109558, -0.8360719680786133, 0.09660004079341888, 1.4665460586547852, 1.348344087600708, 0.06640000641345978]
[0.1341368705034256, -0.11841528862714767, 0.05026305094361305, 1.580796718597412, 0.25339651107788086, 0.5855076909065247] [0.4096199870109558, -0.912771999835968, 0.08893004059791565, 1.4665460586547852, 1.348344087600708, 0.06640000641345978]
[0.1319245845079422, -0.12992960214614868, 0.05041566491127014, 1.552680253982544, 0.2759914696216583, 0.5046759843826294] [0.41115397214889526, -1.0032780170440674, 0.087396040558815, 1.4665460586547852, 1.348344087600708, 0.06640000641345978]
[0.12906326353549957, -0.14118565618991852, 0.05105047672986984, 1.5230350494384766, 0.29492607712745667, 0.42242157459259033] [0.4126879572868347, -1.093783974647522, 0.07819204032421112, 1.4634779691696167, 1.348344087600708, 0.06640000641345978]
[0.12586534023284912, -0.15083597600460052, 0.05107729136943817, 1.495336890220642, 0.3163260221481323, 0.3496384918689728] [0.4157559871673584, -1.1428719758987427, 0.07359004020690918, 1.4588760137557983, 1.348344087600708, 0.06640000641345978]
[0.12397786974906921, -0.15530146658420563, 0.05091812089085579, 1.4820195436477661, 0.32826894521713257, 0.3155241012573242] [0.4157559871673584, -1.1628140211105347, 0.07052204012870789, 1.4573420286178589, 1.348344087600708, 0.06640000641345978]
[0.1232285127043724, -0.15729770064353943, 0.051026660948991776, 1.4763624668121338, 0.3316221535205841, 0.2996266782283783] [0.41728997230529785, -1.182755947113037, 0.06898804008960724, 1.4512059688568115, 1.348344087600708, 0.06640000641345978]
[0.1224403902888298, -0.16038130223751068, 0.051375459879636765, 1.4666839838027954, 0.3344861567020416, 0.2738790214061737] [0.41728997230529785, -1.1965620517730713, 0.06745404005050659, 1.4512059688568115, 1.348344087600708, 0.06640000641345978]
[0.1215376928448677, -0.16198398172855377, 0.05120054632425308, 1.461236834526062, 0.34034043550491333, 0.2615358829498291] [0.41728997230529785, -1.2072999477386475, 0.0643860399723053, 1.4512059688568115, 1.348344087600708, 0.06640000641345978]
[0.12135765701532364, -0.1623852252960205, 0.051280342042446136, 1.459962010383606, 0.340660035610199, 0.25830546021461487] [0.41728997230529785, -1.2072999477386475, 0.0643860399723053, 1.449671983718872, 1.348344087600708, 0.06640000641345978]
[0.12135214358568192, -0.1623888611793518, 0.05126265436410904, 1.4584280252456665, 0.340660035610199, 0.25830546021461487] [0.41728997230529785, -1.205765962600708, 0.0643860399723053, 1.4512059688568115, 1.3468101024627686, 0.06640000641345978]
[0.12135765701532364, -0.1623852252960205, 0.051280342042446136, 1.459962010383606, 0.340660035610199, 0.25830546021461487] [0.41728997230529785, -1.2072999477386475, 0.0643860399723053, 1.4512059688568115, 1.3468101024627686, 0.06640000641345978]
[0.12144781649112701, -0.1621846705675125, 0.05124037712812424, 1.4605995416641235, 0.34050071239471436, 0.25992080569267273] [0.41728997230529785, -1.2072999477386475, 0.0643860399723053, 1.4512059688568115, 1.3468101024627686, 0.06640000641345978]
[0.12150715291500092, -0.16219088435173035, 0.051385655999183655, 1.4591882228851318, 0.3389872610569, 0.2597397267818451] [0.41728997230529785, -1.205765962600708, 0.06592004001140594, 1.4512059688568115, 1.3468101024627686, 0.06640000641345978]
[0.12150715291500092, -0.16219088435173035, 0.051385655999183655, 1.4591882228851318, 0.3389872610569, 0.2597397267818451] [0.4188239574432373, -1.2042319774627686, 0.06592004001140594, 1.4512059688568115, 1.3468101024627686, 0.06640000641345978]
[0.12167666107416153, -0.16179205477237701, 0.05128243565559387, 1.46100652217865, 0.33863407373428345, 0.2629246115684509] [0.4188239574432373, -1.202697992324829, 0.06592004001140594, 1.4512059688568115, 1.3468101024627686, 0.06640000641345978]
[0.12167666107416153, -0.16179205477237701, 0.05128243565559387, 1.46100652217865, 0.33863407373428345, 0.2629246115684509] [0.4188239574432373, -1.202697992324829, 0.06592004001140594, 1.449671983718872, 1.3468101024627686, 0.06680000573396683]
[0.1217319667339325, -0.16195662319660187, 0.05125761777162552, 1.4604697227478027, 0.33880844712257385, 0.2613087594509125] [0.4188239574432373, -1.202697992324829, 0.06745404005050659, 1.449671983718872, 1.3468101024627686, 0.06640000641345978]
[0.12167666107416153, -0.16179205477237701, 0.05128243565559387, 1.46100652217865, 0.33863407373428345, 0.2629246115684509] [0.4188239574432373, -1.202697992324829, 0.06745404005050659, 1.4512059688568115, 1.3468101024627686, 0.06640000641345978]
[0.12167666107416153, -0.16179205477237701, 0.05128243565559387, 1.46100652217865, 0.33863407373428345, 0.2629246115684509] [0.4188239574432373, -1.202697992324829, 0.06745404005050659, 1.449671983718872, 1.3468101024627686, 0.06640000641345978]
[0.12167666107416153, -0.16179205477237701, 0.05128243565559387, 1.46100652217865, 0.33863407373428345, 0.2629246115684509] [0.4188239574432373, -1.202697992324829, 0.06745404005050659, 1.4512059688568115, 1.3468101024627686, 0.06640000641345978]
[0.1217319667339325, -0.16195662319660187, 0.05125761777162552, 1.4604697227478027, 0.33880844712257385, 0.2613087594509125] [0.4188239574432373, -1.202697992324829, 0.06745404005050659, 1.4512059688568115, 1.348344087600708, 0.06640000641345978]
[0.1217319667339325, -0.16195662319660187, 0.05125761777162552, 1.4604697227478027, 0.33880844712257385, 0.2613087594509125] [0.4188239574432373, -1.202697992324829, 0.06745404005050659, 1.449671983718872, 1.3468101024627686, 0.06640000641345978]
[0.12219074368476868, -0.1612037569284439, 0.051792219281196594, 1.4639568328857422, 0.3320593237876892, 0.266967236995697] [0.42035797238349915, -1.1980960369110107, 0.07665804028511047, 1.4512059688568115, 1.3468101024627686, 0.9975999593734741]
