[0.1856900155544281, -0.09583546966314316, 0.025467343628406525, 2.3861656188964844, 0.2719605565071106, 0.3235175311565399] [0.5691559910774231, -0.25928795337677, 0.46476006507873535, 0.6351180076599121, 1.862234115600586, 0.9975999593734741]
[0.1856900155544281, -0.09583546966314316, 0.025467343628406525, 2.3861656188964844, 0.2719605565071106, 0.3235175311565399] [0.5691559910774231, -0.25928795337677, 0.46476006507873535, 0.6351180076599121, 1.8637681007385254, 0.9975999593734741]
[0.1856900155544281, -0.09583546966314316, 0.025467343628406525, 2.3861656188964844, 0.2719605565071106, 0.3235175311565399] [0.5691559910774231, -0.25928795337677, 0.46476006507873535, 0.6351180076599121, 1.8637681007385254, 0.9975999593734741]
[0.18573340773582458, -0.0958908423781395, 0.02556244097650051, 2.387265205383301, 0.2711908519268036, 0.32301342487335205] [0.5691559910774231, -0.25928795337677, 0.46476006507873535, 0.6351180076599121, 1.8637681007385254, 0.9979999661445618]
[0.1856900155544281, -0.09583546966314316, 0.025467343628406525, 2.3861656188964844, 0.2719605565071106, 0.3235175311565399] [0.5691559910774231, -0.25928795337677, 0.4662940502166748, 0.6351180076599121, 1.8637681007385254, 0.9979999661445618]
[0.1856900155544281, -0.09583546966314316, 0.025467343628406525, 2.3861656188964844, 0.2719605565071106, 0.3235175311565399] [0.5691559910774231, -0.25928795337677, 0.46476006507873535, 0.6351180076599121, 1.862234115600586, 0.9975999593734741]
[0.1856900155544281, -0.09583546966314316, 0.025467343628406525, 2.3861656188964844, 0.2719605565071106, 0.3235175311565399] [0.5691559910774231, -0.25928795337677, 0.46476006507873535, 0.6351180076599121, 1.8637681007385254, 0.9975999593734741]
[0.1856900155544281, -0.09583546966314316, 0.025467343628406525, 2.3861656188964844, 0.2719605565071106, 0.3235175311565399] [0.5691559910774231, -0.25928795337677, 0.46476006507873535, 0.6351180076599121, 1.8637681007385254, 0.9975999593734741]
[0.18573340773582458, -0.0958908423781395, 0.02556244097650051, 2.387265205383301, 0.2711908519268036, 0.32301342487335205] [0.5691559910774231, -0.25928795337677, 0.46476006507873535, 0.6351180076599121, 1.8637681007385254, 0.9975999593734741]
[0.18573340773582458, -0.0958908423781395, 0.02556244097650051, 2.387265205383301, 0.2711908519268036, 0.32301342487335205] [0.5691559910774231, -0.25928795337677, 0.4662940502166748, 0.6351180076599121, 1.862234115600586, 0.9975999593734741]
[0.18550416827201843, -0.0958908423781395, 0.024992967024445534, 2.3882768154144287, 0.27410003542900085, 0.323285847902298] [0.5706899762153625, -0.25928795337677, 0.46476006507873535, 0.6351180076599121, 1.862234115600586, 0.03240000456571579]
[0.1855754554271698, -0.09583546966314316, 0.025182584300637245, 2.386672019958496, 0.2734149694442749, 0.3236539661884308] [0.5706899762153625, -0.25928795337677, 0.46476006507873535, 0.6351180076599121, 1.862234115600586, 0.03240000456571579]
[0.1855754554271698, -0.09583546966314316, 0.025182584300637245, 2.386672019958496, 0.2734149694442749, 0.3236539661884308] [0.572223961353302, -0.25928795337677, 0.46476006507873535, 0.6351180076599121, 1.862234115600586, 0.03240000456571579]
[0.1855754554271698, -0.09583546966314316, 0.025182584300637245, 2.386672019958496, 0.2734149694442749, 0.3236539661884308] [0.5706899762153625, -0.25928795337677, 0.46476006507873535, 0.6351180076599121, 1.862234115600586, 0.03240000456571579]
[0.1855754554271698, -0.09583546966314316, 0.025182584300637245, 2.386672019958496, 0.2734149694442749, 0.3236539661884308] [0.5706899762153625, -0.25928795337677, 0.46476006507873535, 0.6351180076599121, 1.862234115600586, 0.03240000456571579]
[0.1855754554271698, -0.09583546966314316, 0.025182584300637245, 2.386672019958496, 0.2734149694442749, 0.3236539661884308] [0.5706899762153625, -0.25928795337677, 0.46476006507873535, 0.6351180076599121, 1.8637681007385254, 0.03240000456571579]
[0.1855754554271698, -0.09583546966314316, 0.025182584300637245, 2.386672019958496, 0.2734149694442749, 0.3236539661884308] [0.5706899762153625, -0.25928795337677, 0.46476006507873535, 0.6351180076599121, 1.8637681007385254, 0.03240000456571579]
[0.1855754554271698, -0.09583546966314316, 0.025182584300637245, 2.386672019958496, 0.2734149694442749, 0.3236539661884308] [0.5706899762153625, -0.25928795337677, 0.46476006507873535, 0.6351180076599121, 1.862234115600586, 0.03240000456571579]
[0.18546047806739807, -0.09583546966314316, 0.02489800751209259, 2.387178897857666, 0.27486923336982727, 0.32379114627838135] [0.5706899762153625, -0.25928795337677, 0.46476006507873535, 0.6351180076599121, 1.8637681007385254, 0.03240000456571579]
[0.1855754554271698, -0.09583546966314316, 0.025182584300637245, 2.386672019958496, 0.2734149694442749, 0.3236539661884308] [0.572223961353302, -0.25928795337677, 0.46476006507873535, 0.6351180076599121, 1.862234115600586, 0.03240000456571579]
[0.1855754554271698, -0.09583546966314316, 0.025182584300637245, 2.386672019958496, 0.2734149694442749, 0.3236539661884308] [0.5706899762153625, -0.25928795337677, 0.46476006507873535, 0.6351180076599121, 1.862234115600586, 0.03240000456571579]
[0.1855754554271698, -0.09583546966314316, 0.025182584300637245, 2.386672019958496, 0.2734149694442749, 0.3236539661884308] [0.5706899762153625, -0.25928795337677, 0.46476006507873535, 0.6351180076599121, 1.862234115600586, 0.03240000456571579]
[0.18546047806739807, -0.09583546966314316, 0.02489800751209259, 2.387178897857666, 0.27486923336982727, 0.32379114627838135] [0.5706899762153625, -0.25928795337677, 0.46476006507873535, 0.6351180076599121, 1.8637681007385254, 0.03240000456571579]
[0.1855754554271698, -0.09583546966314316, 0.025182584300637245, 2.386672019958496, 0.2734149694442749, 0.3236539661884308] [0.5706899762153625, -0.25928795337677, 0.46476006507873535, 0.6351180076599121, 1.8637681007385254, 0.03240000456571579]
[0.1853124350309372, -0.09550649672746658, 0.024611342698335648, 2.380082845687866, 0.27804282307624817, 0.326665997505188] [0.5706899762153625, -0.25928795337677, 0.4555560350418091, 0.6351180076599121, 1.8607001304626465, 0.03240000456571579]
[0.1853124350309372, -0.09550649672746658, 0.024611342698335648, 2.380082845687866, 0.27804282307624817, 0.326665997505188] [0.5706899762153625, -0.25928795337677, 0.4555560350418091, 0.6351180076599121, 1.8607001304626465, 0.03240000456571579]
[0.18581798672676086, -0.09586261957883835, 0.025843551382422447, 2.3783323764801025, 0.2717190682888031, 0.3241003751754761] [0.5568839907646179, -0.2623559832572937, 0.4601580500602722, 0.6351180076599121, 1.8607001304626465, 0.03240000456571579]
[0.18680435419082642, -0.0968768447637558, 0.028317825868725777, 2.374134063720703, 0.2592926025390625, 0.31752610206604004] [0.5507479906082153, -0.2654239535331726, 0.4601580500602722, 0.6351180076599121, 1.859166145324707, 0.03240000456571579]
[0.18809214234352112, -0.0968768447637558, 0.031768471002578735, 2.3682148456573486, 0.24180056154727936, 0.31605851650238037] [0.526203989982605, -0.2654239535331726, 0.4601580500602722, 0.6397199630737305, 1.859166145324707, 0.03240000456571579]
[0.18967731297016144, -0.09559392929077148, 0.038388509303331375, 2.3609797954559326, 0.2055804580450058, 0.3259961009025574] [0.48938798904418945, -0.2654239535331726, 0.4601580500602722, 0.6489239931106567, 1.859166145324707, 0.03240000456571579]
[0.19233956933021545, -0.09545192122459412, 0.047563426196575165, 2.3457720279693604, 0.15974411368370056, 0.32453516125679016] [0.42342597246170044, -0.2654239535331726, 0.4601580500602722, 0.6504579782485962, 1.859166145324707, 0.03240000456571579]
[0.19760654866695404, -0.09545192122459412, 0.07362282276153564, 2.3033065795898438, 0.03314674645662308, 0.32043713331222534] [0.30223995447158813, -0.2654239535331726, 0.4601580500602722, 0.6504579782485962, 1.859166145324707, 0.03240000456571579]
[0.19942955672740936, -0.09559392929077148, 0.09885576367378235, 2.2632675170898438, -0.08703605830669403, 0.3201407194137573] [0.14883996546268463, -0.2654239535331726, 0.4601580500602722, 0.6504579782485962, 1.859166145324707, 0.03240000456571579]
[0.19652315974235535, -0.09465397894382477, 0.1329793781042099, 2.2057442665100098, -0.2502102851867676, 0.33583471179008484] [0.003109961748123169, -0.2623559832572937, 0.45862406492233276, 0.6519919633865356, 1.8560980558395386, 0.03240000456571579]
[0.19245745241641998, -0.09474030137062073, 0.15192930400371552, 2.170620918273926, -0.3413514196872711, 0.344673216342926] [-0.10887204110622406, -0.2623559832572937, 0.4570900499820709, 0.6519919633865356, 1.8560980558395386, 0.03240000456571579]
[0.18815317749977112, -0.09454318135976791, 0.16559858620166779, 2.14211106300354, -0.40869250893592834, 0.3563081920146942] [-0.15182404220104218, -0.2623559832572937, 0.4555560350418091, 0.6581279635429382, 1.8514961004257202, 0.03240000456571579]
[0.185824453830719, -0.09303951263427734, 0.17061693966388702, 2.1261322498321533, -0.4347972571849823, 0.373639315366745] [-0.17790204286575317, -0.25928795337677, 0.45402204990386963, 0.6611959934234619, 1.780932068824768, 0.08160000294446945]
[0.1841759979724884, -0.09214674681425095, 0.17431917786598206, 2.0544016361236572, -0.456534206867218, 0.38094794750213623] [-0.19937804341316223, -0.25775396823883057, 0.45402204990386963, 0.6627299785614014, 1.745650053024292, 0.10279999673366547]
[0.18192192912101746, -0.09160685539245605, 0.17903386056423187, 2.0242831707000732, -0.48198986053466797, 0.39087700843811035] [-0.22699004411697388, -0.2562199831008911, 0.45402204990386963, 0.6673319935798645, 1.7441160678863525, 0.030800003558397293]
[0.17953631281852722, -0.09129730612039566, 0.18428441882133484, 2.009631633758545, -0.5087563991546631, 0.39860451221466064] [-0.2607380449771881, -0.2562199831008911, 0.45402204990386963, 0.6673319935798645, 1.7441160678863525, 0.030800003558397293]
[0.17617277801036835, -0.09129730612039566, 0.19110599160194397, 1.9922384023666382, -0.5440354943275452, 0.40734466910362244] [-0.29448604583740234, -0.2562199831008911, 0.45402204990386963, 0.6673319935798645, 1.7441160678863525, 0.030800003558397293]
[0.17128346860408783, -0.0910172387957573, 0.19968438148498535, 1.9668574333190918, -0.589667022228241, 0.4234951138496399] [-0.3451080322265625, -0.2562199831008911, 0.45402204990386963, 0.6750019788742065, 1.7441160678863525, 0.030800003558397293]
[0.16654334962368011, -0.09017979353666306, 0.20653706789016724, 1.940102458000183, -0.6277556419372559, 0.4461842179298401] [-0.38652604818344116, -0.2562199831008911, 0.45402204990386963, 0.6842060089111328, 1.7441160678863525, 0.030800003558397293]
[0.15986409783363342, -0.08918805420398712, 0.21561305224895477, 1.9026987552642822, -0.6782989501953125, 0.4763268232345581] [-0.46476006507873535, -0.2546859681606293, 0.45402204990386963, 0.6995459794998169, 1.7349120378494263, 0.030800003558397293]
[0.14980937540531158, -0.08630391955375671, 0.22624075412750244, 1.8220505714416504, -0.7410128712654114, 0.5411264896392822] [-0.5107800364494324, -0.25315195322036743, 0.45402204990386963, 0.7240899801254272, 1.7134361267089844, 0.030800003558397293]
[0.14364513754844666, -0.08425989747047424, 0.2311326414346695, 1.7476948499679565, -0.772872269153595, 0.5907565355300903] [-0.5475960373878479, -0.25315195322036743, 0.4524880647659302, 0.750167965888977, 1.6827560663223267, 0.030800003558397293]
[0.136452317237854, -0.08138629049062729, 0.23597928881645203, 1.6512725353240967, -0.8043900728225708, 0.6568500399589539] [-0.5844120383262634, -0.251617968082428, 0.4524880647659302, 0.7839159965515137, 1.6674160957336426, 0.030800003558397293]
[0.12805359065532684, -0.07831963151693344, 0.24141925573349, 1.5732595920562744, -0.8358093500137329, 0.7340518832206726] [-0.6319660544395447, -0.24854996800422668, 0.4524880647659302, 0.808459997177124, 1.6658821105957031, 0.030800003558397293]
[0.11916285753250122, -0.07537258416414261, 0.24659764766693115, 1.4841965436935425, -0.8636419773101807, 0.8171284198760986] [-0.6733840703964233, -0.2454819679260254, 0.4524880647659302, 0.8376059532165527, 1.6566780805587769, 0.030800003558397293]
[0.11492917686700821, -0.07287877053022385, 0.24788609147071838, 1.4254999160766602, -0.8687911033630371, 0.8706585764884949] [-0.6917920708656311, -0.24087996780872345, 0.4524880647659302, 0.8636839985847473, 1.6321340799331665, 0.030800003558397293]
[0.10952171683311462, -0.06877791881561279, 0.2488546520471573, 1.3304766416549683, -0.8689056634902954, 0.946955680847168] [-0.7117340564727783, -0.23014196753501892, 0.4524880647659302, 0.8958979845046997, 1.6091240644454956, 0.030800003558397293]
[0.104117251932621, -0.06285807490348816, 0.2495184987783432, 1.2439749240875244, -0.8597566485404968, 1.0298361778259277] [-0.7316760420799255, -0.20866596698760986, 0.4524880647659302, 0.9173740148544312, 1.5983860492706299, 0.030800003558397293]
[0.09911409765481949, -0.05777442827820778, 0.2500447928905487, 1.1821523904800415, -0.8488496541976929, 1.1008449792861938] [-0.7500840425491333, -0.18565596640110016, 0.4524880647659302, 0.9419180154800415, 1.5968520641326904, 0.030800003558397293]
[0.09463305026292801, -0.05319935455918312, 0.25015756487846375, 1.1315268278121948, -0.8354775905609131, 1.1629313230514526] [-0.7684920430183411, -0.1641799658536911, 0.4524880647659302, 0.9603259563446045, 1.5968520641326904, 0.030800003558397293]
[0.08929165452718735, -0.04780387133359909, 0.2503434121608734, 1.0772813558578491, -0.8181504011154175, 1.23146653175354] [-0.7822980880737305, -0.1411699652671814, 0.4524880647659302, 0.9848699569702148, 1.5968520641326904, 0.030800003558397293]
[0.08532511442899704, -0.04216340184211731, 0.2484457939863205, 1.0379329919815063, -0.7891302704811096, 1.2934861183166504] [-0.7838320732116699, -0.1181599572300911, 0.4524880647659302, 1.0048120021820068, 1.5968520641326904, 0.030800003558397293]
[0.08335018157958984, -0.03850996494293213, 0.24695906043052673, 1.0208381414413452, -0.7693736553192139, 1.326653003692627] [-0.7838320732116699, -0.10128595679998398, 0.4524880647659302, 1.0247540473937988, 1.5968520641326904, 0.030800003558397293]
[0.0804586187005043, -0.03380463644862175, 0.24477149546146393, 0.9982087016105652, -0.7418296337127686, 1.3713222742080688] [-0.7838320732116699, -0.0859459638595581, 0.4524880647659302, 1.0416280031204224, 1.5968520641326904, 0.030800003558397293]
[0.07905098795890808, -0.0323607474565506, 0.24367530643939972, 0.9880683422088623, -0.730732798576355, 1.3918286561965942] [-0.7822980880737305, -0.0859459638595581, 0.4524880647659302, 1.0492980480194092, 1.5968520641326904, 0.030800003558397293]
[0.07876267284154892, -0.032059650868177414, 0.24331580102443695, 0.9846193790435791, -0.7270041704177856, 1.3958611488342285] [-0.7807640433311462, -0.0859459638595581, 0.45402204990386963, 1.0539000034332275, 1.5968520641326904, 0.030800003558397293]
[0.07834991067647934, -0.031825922429561615, 0.24294307827949524, 0.982263445854187, -0.7243011593818665, 1.402254343032837] [-0.7807640433311462, -0.0859459638595581, 0.45402204990386963, 1.0646380186080933, 1.5968520641326904, 0.030800003558397293]
[0.07769138365983963, -0.031450264155864716, 0.2425018697977066, 0.976754903793335, -0.7198612093925476, 1.4105886220932007] [-0.7807640433311462, -0.0859459638595581, 0.45402204990386963, 1.0692399740219116, 1.5968520641326904, 0.030800003558397293]
[0.07740293443202972, -0.031156273558735847, 0.24213609099388123, 0.9734328389167786, -0.7160878777503967, 1.414515733718872] [-0.7776960730552673, -0.0859459638595581, 0.45402204990386963, 1.0692399740219116, 1.5968520641326904, 0.030800003558397293]
[0.07775269448757172, -0.031230388209223747, 0.2421061396598816, 0.9765272736549377, -0.7167404890060425, 1.411543369293213] [-0.7776960730552673, -0.0859459638595581, 0.45402204990386963, 1.0692399740219116, 1.5968520641326904, 0.030800003558397293]
[0.07786419242620468, -0.031301502138376236, 0.2420860081911087, 0.9785935282707214, -0.7175922989845276, 1.4112584590911865] [-0.7776960730552673, -0.0859459638595581, 0.45402204990386963, 1.0692399740219116, 1.5968520641326904, 0.030800003558397293]
[0.07786419242620468, -0.031301502138376236, 0.2420860081911087, 0.9785935282707214, -0.7175922989845276, 1.4112584590911865] [-0.7776960730552673, -0.0859459638595581, 0.45402204990386963, 1.0692399740219116, 1.5968520641326904, 0.030800003558397293]
[0.0777321606874466, -0.031227445229887962, 0.2419973611831665, 0.9775038361549377, -0.7167024612426758, 1.4129164218902588] [-0.7776960730552673, -0.0859459638595581, 0.45402204990386963, 1.070773959159851, 1.5968520641326904, 0.030800003558397293]
[0.07783864438533783, -0.031156273558735847, 0.24189795553684235, 0.9774485230445862, -0.7156063318252563, 1.411880373954773] [-0.7776960730552673, -0.0859459638595581, 0.4524880647659302, 1.070773959159851, 1.5968520641326904, 0.030800003558397293]
[0.0777321606874466, -0.031227445229887962, 0.2419973611831665, 0.9775038361549377, -0.7167024612426758, 1.4129164218902588] [-0.7776960730552673, -0.0859459638595581, 0.45402204990386963, 1.070773959159851, 1.5968520641326904, 0.030800003558397293]
[0.07760012894868851, -0.031153587624430656, 0.24190853536128998, 0.976417064666748, -0.7158112525939941, 1.414571762084961] [-0.7776960730552673, -0.0859459638595581, 0.4524880647659302, 1.0738420486450195, 1.5968520641326904, 0.030800003558397293]
[0.07733601331710815, -0.031006531789898872, 0.24173040688037872, 0.9742516875267029, -0.7140248417854309, 1.417874813079834] [-0.7776960730552673, -0.0859459638595581, 0.4524880647659302, 1.075376033782959, 1.5968520641326904, 0.030800003558397293]
[0.07733601331710815, -0.031006531789898872, 0.24173040688037872, 0.9742516875267029, -0.7140248417854309, 1.417874813079834] [-0.7776960730552673, -0.0859459638595581, 0.4524880647659302, 1.075376033782959, 1.5968520641326904, 0.030800003558397293]
[0.07731069624423981, -0.030861979350447655, 0.24154146015644073, 0.9731276035308838, -0.7120332717895508, 1.4184800386428833] [-0.7776960730552673, -0.0859459638595581, 0.45402204990386963, 1.075376033782959, 1.5968520641326904, 0.030800003558397293]
[0.07733601331710815, -0.031006531789898872, 0.24173040688037872, 0.9742516875267029, -0.7140248417854309, 1.417874813079834] [-0.7776960730552673, -0.0859459638595581, 0.45402204990386963, 1.075376033782959, 1.5968520641326904, 0.030800003558397293]
[0.07733601331710815, -0.031006531789898872, 0.24173040688037872, 0.9742516875267029, -0.7140248417854309, 1.417874813079834] [-0.7776960730552673, -0.0859459638595581, 0.4524880647659302, 1.0769100189208984, 1.5968520641326904, 0.030800003558397293]
[0.07733601331710815, -0.031006531789898872, 0.24173040688037872, 0.9742516875267029, -0.7140248417854309, 1.417874813079834] [-0.7776960730552673, -0.0859459638595581, 0.45402204990386963, 1.0769100189208984, 1.5968520641326904, 0.030800003558397293]
[0.07733601331710815, -0.031006531789898872, 0.24173040688037872, 0.9742516875267029, -0.7140248417854309, 1.417874813079834] [-0.7776960730552673, -0.0859459638595581, 0.4524880647659302, 1.0769100189208984, 1.5968520641326904, 0.030800003558397293]
[0.07720394432544708, -0.0309333223849535, 0.2416410744190216, 0.9731731414794922, -0.7131295800209045, 1.4195225238800049] [-0.7792300581932068, -0.0859459638595581, 0.4524880647659302, 1.0769100189208984, 1.5968520641326904, 0.030800003558397293]
[0.07744269073009491, -0.03093523532152176, 0.24163080751895905, 0.9742035865783691, -0.7129285335540771, 1.4168339967727661] [-0.7792300581932068, -0.0859459638595581, 0.45402204990386963, 1.0769100189208984, 1.5968520641326904, 0.030800003558397293]
[0.07732398062944412, -0.03101503476500511, 0.24174220860004425, 0.9757856726646423, -0.7140248417854309, 1.417874813079834] [-0.7776960730552673, -0.0859459638595581, 0.45402204990386963, 1.075376033782959, 1.5968520641326904, 0.9979999661445618]
[0.07732398062944412, -0.03101503476500511, 0.24174220860004425, 0.9757856726646423, -0.7140248417854309, 1.417874813079834] [-0.7776960730552673, -0.0859459638595581, 0.45402204990386963, 1.075376033782959, 1.5968520641326904, 0.9979999661445618]
[0.07733601331710815, -0.031006531789898872, 0.24173040688037872, 0.9742516875267029, -0.7140248417854309, 1.417874813079834] [-0.7776960730552673, -0.0859459638595581, 0.4524880647659302, 1.075376033782959, 1.5968520641326904, 0.9979999661445618]
[0.07733601331710815, -0.031006531789898872, 0.24173040688037872, 0.9742516875267029, -0.7140248417854309, 1.417874813079834] [-0.7776960730552673, -0.0859459638595581, 0.45402204990386963, 1.075376033782959, 1.5968520641326904, 0.9979999661445618]
[0.07733601331710815, -0.031006531789898872, 0.24173040688037872, 0.9742516875267029, -0.7140248417854309, 1.417874813079834] [-0.7776960730552673, -0.0859459638595581, 0.4524880647659302, 1.075376033782959, 1.5968520641326904, 0.9979999661445618]
[0.07733601331710815, -0.031006531789898872, 0.24173040688037872, 0.9742516875267029, -0.7140248417854309, 1.417874813079834] [-0.7776960730552673, -0.0859459638595581, 0.45402204990386963, 1.075376033782959, 1.5968520641326904, 0.9979999661445618]
[0.07733601331710815, -0.031006531789898872, 0.24173040688037872, 0.9742516875267029, -0.7140248417854309, 1.417874813079834] [-0.7776960730552673, -0.0859459638595581, 0.45402204990386963, 1.075376033782959, 1.5968520641326904, 0.9979999661445618]
[0.07720394432544708, -0.0309333223849535, 0.2416410744190216, 0.9731731414794922, -0.7131295800209045, 1.4195225238800049] [-0.7776960730552673, -0.0859459638595581, 0.45402204990386963, 1.075376033782959, 1.5968520641326904, 0.9979999661445618]
