[0.19712702929973602, -0.07284706085920334, 0.0644787847995758, 1.656710147857666, -0.016189157962799072, 0.3627074658870697] [0.3835419714450836, -0.11202395707368851, 0.6810540556907654, 0.6167099475860596, 0.9280280470848083, 0.9975999593734741]
[0.19703571498394012, -0.07266919314861298, 0.06450377404689789, 1.6554310321807861, -0.016547007486224174, 0.36444389820098877] [0.3835419714450836, -0.11202395707368851, 0.6825880408287048, 0.6167099475860596, 0.9280280470848083, 0.9971999526023865]
[0.19709795713424683, -0.0727849006652832, 0.06438805162906647, 1.655449390411377, -0.015526925213634968, 0.3632979094982147] [0.3835419714450836, -0.11202395707368851, 0.6810540556907654, 0.6167099475860596, 0.9280280470848083, 0.9971999526023865]
[0.19670066237449646, -0.07266919314861298, 0.06269178539514542, 1.6587116718292236, -0.007947416976094246, 0.36440372467041016] [0.3927459716796875, -0.11202395707368851, 0.6795200705528259, 0.6182439923286438, 0.9280280470848083, 0.07600000500679016]
[0.19661305844783783, -0.07260704785585403, 0.06229943409562111, 1.6580047607421875, -0.005851957481354475, 0.36499306559562683] [0.39427995681762695, -0.11202395707368851, 0.6795200705528259, 0.6182439923286438, 0.9280280470848083, 0.07600000500679016]
[0.19847913086414337, -0.1015266627073288, 0.06042890250682831, 1.6108205318450928, 0.018962737172842026, 0.2230406254529953] [0.39734798669815063, -0.25775396823883057, 0.6856560707092285, 0.5967679619789124, 0.9249600768089294, 0.07600000500679016]
[0.19882526993751526, -0.10574238002300262, 0.059756822884082794, 1.6029211282730103, 0.027394406497478485, 0.19802121818065643] [0.39734798669815063, -0.2715599536895752, 0.6856560707092285, 0.5814279913902283, 0.9249600768089294, 0.07600000500679016]
[0.19901210069656372, -0.10923969745635986, 0.058925870805978775, 1.5979666709899902, 0.035949841141700745, 0.17696881294250488] [0.3958139717578888, -0.2853659689426422, 0.6856560707092285, 0.572223961353302, 0.9249600768089294, 0.07600000500679016]
[0.1990130990743637, -0.11357796937227249, 0.05876375734806061, 1.5889575481414795, 0.040361277759075165, 0.1536824107170105] [0.3958139717578888, -0.30377396941185, 0.6856560707092285, 0.5691559910774231, 0.9234260320663452, 0.07640000432729721]
[0.1988874077796936, -0.11717811226844788, 0.05843484401702881, 1.5829139947891235, 0.04498150572180748, 0.1344279646873474] [0.39427995681762695, -0.3145119547843933, 0.6856560707092285, 0.5584179759025574, 0.9218920469284058, 0.07600000500679016]
[0.19902284443378448, -0.11979594826698303, 0.057923659682273865, 1.5777978897094727, 0.05133098363876343, 0.11747097969055176] [0.3927459716796875, -0.32524996995925903, 0.6856560707092285, 0.5461459755897522, 0.9203580617904663, 0.07600000500679016]
[0.1988188475370407, -0.12310332804918289, 0.0575832836329937, 1.5692086219787598, 0.05563204735517502, 0.09955479204654694] [0.39121198654174805, -0.3436579704284668, 0.6856560707092285, 0.5369420051574707, 0.9157560467720032, 0.07600000500679016]
[0.19853180646896362, -0.12894664704799652, 0.05741262808442116, 1.553411602973938, 0.06160974130034447, 0.06670822948217392] [0.38814395666122437, -0.3666679859161377, 0.6856560707092285, 0.526203989982605, 0.9019500613212585, 0.07600000500679016]
[0.19783025979995728, -0.13471631705760956, 0.05742691084742546, 1.5262523889541626, 0.06423304229974747, 0.03700263425707817] [0.38814395666122437, -0.3896779716014862, 0.6856560707092285, 0.526203989982605, 0.8942800760269165, 0.07640000432729721]
[0.197134330868721, -0.13896684348583221, 0.05747640132904053, 1.5154612064361572, 0.0662304162979126, 0.015560531057417393] [0.38814395666122437, -0.4096199870109558, 0.6856560707092285, 0.5169999599456787, 0.892746090888977, 0.07640000432729721]
[0.19651110470294952, -0.143165722489357, 0.05713938921689987, 1.5085424184799194, 0.07159680873155594, -0.008011857978999615] [0.38814395666122437, -0.4280279874801636, 0.6856560707092285, 0.5047279596328735, 0.892746090888977, 0.07600000500679016]
[0.19565892219543457, -0.1488436758518219, 0.05682042986154556, 1.49950110912323, 0.07866817712783813, -0.04110214114189148] [0.3866099715232849, -0.44643598794937134, 0.6856560707092285, 0.4939899742603302, 0.892746090888977, 0.07600000500679016]
[0.19505591690540314, -0.15227092802524567, 0.05636405572295189, 1.4941418170928955, 0.08452966064214706, -0.06171348690986633] [0.3866099715232849, -0.4571739733219147, 0.6856560707092285, 0.48325198888778687, 0.892746090888977, 0.07600000500679016]
[0.1943248063325882, -0.15556460618972778, 0.0562584288418293, 1.4884926080703735, 0.08761846274137497, -0.08003666251897812] [0.3866099715232849, -0.4709799885749817, 0.6856560707092285, 0.481717973947525, 0.892746090888977, 0.07600000500679016]
[0.19322548806667328, -0.15947100520133972, 0.056705962866544724, 1.4809751510620117, 0.08694566041231155, -0.09916217625141144] [0.3866099715232849, -0.49552398920059204, 0.6841220855712891, 0.4771159887313843, 0.8942800760269165, 0.07600000500679016]
[0.1919844001531601, -0.16422608494758606, 0.05660339072346687, 1.4727882146835327, 0.09117676317691803, -0.1260080486536026] [0.3866099715232849, -0.5169999599456787, 0.6841220855712891, 0.4709799885749817, 0.892746090888977, 0.07600000500679016]
[0.19054415822029114, -0.16852660477161407, 0.05676880478858948, 1.4643888473510742, 0.09242387115955353, -0.14794403314590454] [0.3866099715232849, -0.5354079604148865, 0.6856560707092285, 0.4709799885749817, 0.892746090888977, 0.07600000500679016]
[0.18920695781707764, -0.17235581576824188, 0.05731558799743652, 1.456903338432312, 0.09123990684747696, -0.16708920896053314] [0.38814395666122437, -0.5522819757461548, 0.6856560707092285, 0.4709799885749817, 0.8942800760269165, 0.07640000432729721]
[0.18899495899677277, -0.17294232547283173, 0.05740225315093994, 1.4557539224624634, 0.09104512631893158, -0.1700335592031479] [0.3896779716014862, -0.5522819757461548, 0.6856560707092285, 0.4709799885749817, 0.892746090888977, 0.07600000500679016]
[0.18904802203178406, -0.17246071994304657, 0.057079900056123734, 1.4548585414886475, 0.09242654591798782, -0.1669086366891861] [0.3896779716014862, -0.5507479906082153, 0.6810540556907654, 0.47251397371292114, 0.892746090888977, 0.07600000500679016]
[0.18903541564941406, -0.17237696051597595, 0.05691378191113472, 1.4521960020065308, 0.0936090275645256, -0.16616274416446686] [0.38814395666122437, -0.5507479906082153, 0.6795200705528259, 0.47558197379112244, 0.8942800760269165, 0.07600000500679016]
[0.18924927711486816, -0.17155708372592926, 0.05729299038648605, 1.4522578716278076, 0.09093955159187317, -0.16000157594680786] [0.38814395666122437, -0.5492140054702759, 0.6779860258102417, 0.4771159887313843, 0.8973480463027954, 0.07640000432729721]
[0.18926405906677246, -0.17136405408382416, 0.05733967572450638, 1.4541162252426147, 0.09072685241699219, -0.15831966698169708] [0.38814395666122437, -0.5492140054702759, 0.6749180555343628, 0.4801839590072632, 0.8973480463027954, 0.07600000500679016]
[0.18935160338878632, -0.1709832400083542, 0.05766616016626358, 1.453471302986145, 0.08879721909761429, -0.15493057668209076] [0.3866099715232849, -0.5492140054702759, 0.6733840703964233, 0.48325198888778687, 0.8988820314407349, 0.07600000500679016]
[0.18937721848487854, -0.17064587771892548, 0.0577668696641922, 1.4523770809173584, 0.08778920769691467, -0.15193483233451843] [0.3866099715232849, -0.5507479906082153, 0.6687820553779602, 0.48631995916366577, 0.8988820314407349, 0.07600000500679016]
[0.18938800692558289, -0.17022350430488586, 0.05769601836800575, 1.4486382007598877, 0.0880131796002388, -0.14818021655082703] [0.3866099715232849, -0.5492140054702759, 0.6641800403594971, 0.48938798904418945, 0.8988820314407349, 0.07600000500679016]
[0.18932394683361053, -0.16999104619026184, 0.057326268404722214, 1.4458872079849243, 0.08995987474918365, -0.146132230758667] [0.3866099715232849, -0.5492140054702759, 0.6641800403594971, 0.4909219741821289, 0.9004160761833191, 0.07600000500679016]
[0.189370259642601, -0.16954387724399567, 0.05762002617120743, 1.4477710723876953, 0.08756554871797562, -0.14218661189079285] [0.38814395666122437, -0.5492140054702759, 0.6641800403594971, 0.4939899742603302, 0.9004160761833191, 0.07600000500679016]
[0.189370259642601, -0.16954387724399567, 0.05762002617120743, 1.4477710723876953, 0.08756554871797562, -0.14218661189079285] [0.38814395666122437, -0.5507479906082153, 0.6641800403594971, 0.49552398920059204, 0.9004160761833191, 0.07600000500679016]
[0.18938642740249634, -0.16939343512058258, 0.05773042514920235, 1.4494194984436035, 0.08676712214946747, -0.1408717781305313] [0.38814395666122437, -0.5492140054702759, 0.6641800403594971, 0.49552398920059204, 0.9004160761833191, 0.07600000500679016]
[0.18937920033931732, -0.16935090720653534, 0.057643912732601166, 1.4481030702590942, 0.08739018440246582, -0.1404910534620285] [0.38814395666122437, -0.5492140054702759, 0.6626460552215576, 0.49552398920059204, 0.9019500613212585, 0.07600000500679016]
[0.19139984250068665, -0.15270613133907318, 0.05930062755942345, 1.4512417316436768, 0.059371329843997955, -0.022068889811635017] [0.39734798669815063, -0.5108639597892761, 0.6350340843200684, 0.599835991859436, 0.903484046459198, 0.07600000500679016]
[0.1910688579082489, -0.15022701025009155, 0.059178028255701065, 1.440792202949524, 0.05722721293568611, -9.290612069889903e-05] [0.3988819718360901, -0.5108639597892761, 0.6227620840072632, 0.6136419773101807, 0.903484046459198, 0.07600000500679016]
[0.19088208675384521, -0.14853176474571228, 0.05929550528526306, 1.4343903064727783, 0.055503953248262405, 0.014957028441131115] [0.3988819718360901, -0.5108639597892761, 0.6135580539703369, 0.6243799924850464, 0.903484046459198, 0.07600000500679016]
[0.19073504209518433, -0.14759103953838348, 0.05891229957342148, 1.4246140718460083, 0.05783385410904884, 0.02342398278415203] [0.3988819718360901, -0.5108639597892761, 0.6043540239334106, 0.6274479627609253, 0.903484046459198, 0.07600000500679016]
[0.19066646695137024, -0.14714115858078003, 0.05879589542746544, 1.4226561784744263, 0.05865040048956871, 0.0274363961070776] [0.3988819718360901, -0.5108639597892761, 0.6012860536575317, 0.6351180076599121, 0.9019500613212585, 0.07600000500679016]
[0.19057834148406982, -0.14634008705615997, 0.05910908803343773, 1.4202920198440552, 0.055635448545217514, 0.034558750689029694] [0.3988819718360901, -0.5108639597892761, 0.5982180833816528, 0.6473900079727173, 0.903484046459198, 0.07600000500679016]
[0.19038888812065125, -0.14493593573570251, 0.059381917119026184, 1.41605806350708, 0.052776794880628586, 0.04706544429063797] [0.3988819718360901, -0.5108639597892761, 0.5951500535011292, 0.6581279635429382, 0.903484046459198, 0.07600000500679016]
[0.19005411863327026, -0.14297132194042206, 0.059821512550115585, 1.4149129390716553, 0.04773028939962387, 0.06451316922903061] [0.4019499719142914, -0.5108639597892761, 0.5874800682067871, 0.6826719641685486, 0.9019500613212585, 0.07600000500679016]
[0.1893998682498932, -0.14040614664554596, 0.05970098823308945, 1.4128514528274536, 0.04438196122646332, 0.08738766610622406] [0.40808597207069397, -0.5108639597892761, 0.5844120383262634, 0.7026139497756958, 0.9157560467720032, 0.07560000568628311]
[0.18890374898910522, -0.13776834309101105, 0.0600656159222126, 1.428362488746643, 0.04039487615227699, 0.10954604297876358] [0.41115397214889526, -0.5108639597892761, 0.5706060528755188, 0.7286919951438904, 0.931096076965332, 0.07600000500679016]
[0.18822361528873444, -0.13551947474479675, 0.060194190591573715, 1.430383563041687, 0.03878164663910866, 0.1308780461549759] [0.4096199870109558, -0.5093299746513367, 0.5583340525627136, 0.750167965888977, 0.9449020624160767, 0.07560000568628311]
[0.18750518560409546, -0.13246020674705505, 0.060617562383413315, 1.4361040592193604, 0.03671088442206383, 0.15843068063259125] [0.41115397214889526, -0.5108639597892761, 0.5429940223693848, 0.770110011100769, 0.9633100628852844, 0.07560000568628311]
[0.18668125569820404, -0.1296675205230713, 0.06099133938550949, 1.446427583694458, 0.03348517790436745, 0.1836748719215393] [0.41115397214889526, -0.5108639597892761, 0.5307220220565796, 0.7992559671401978, 0.9817180633544922, 0.07560000568628311]
[0.18543435633182526, -0.12587110698223114, 0.061156339943408966, 1.4565213918685913, 0.03207538649439812, 0.2183961570262909] [0.4126879572868347, -0.5108639597892761, 0.513848066329956, 0.8299359679222107, 1.0031940937042236, 0.07600000500679016]
[0.18422074615955353, -0.12250740081071854, 0.06179370358586311, 1.470497488975525, 0.026928482577204704, 0.249406099319458] [0.4157559871673584, -0.5108639597892761, 0.5031100511550903, 0.8698199987411499, 1.0216020345687866, 0.07560000568628311]
[0.18239715695381165, -0.1184925064444542, 0.061789825558662415, 1.4874558448791504, 0.023593852296471596, 0.28694891929626465] [0.421891987323761, -0.5108639597892761, 0.4985080361366272, 0.8989659547805786, 1.0400100946426392, 0.07560000568628311]
[0.18138910830020905, -0.11633861809968948, 0.0621989443898201, 1.4991439580917358, 0.01918233558535576, 0.30729544162750244] [0.4280279874801636, -0.5108639597892761, 0.49390605092048645, 0.9281119704246521, 1.0553500652313232, 0.07560000568628311]
[0.17940273880958557, -0.11246421188116074, 0.06258431077003479, 1.51704740524292, 0.013589003123342991, 0.34445640444755554] [0.4326299726963043, -0.5108639597892761, 0.486236035823822, 0.9572579860687256, 1.0706900358200073, 0.07600000500679016]
[0.1777946650981903, -0.10958263278007507, 0.06247822567820549, 1.5275479555130005, 0.012562132440507412, 0.3725990951061249] [0.43723195791244507, -0.5108639597892761, 0.4754980504512787, 1.0032780170440674, 1.0875641107559204, 0.07560000568628311]
[0.17527225613594055, -0.10535792261362076, 0.06284742802381516, 1.5390875339508057, 0.0064463866874575615, 0.4146420359611511] [0.44336795806884766, -0.5108639597892761, 0.46782803535461426, 1.0339579582214355, 1.0952340364456177, 0.07560000568628311]
[0.17256052792072296, -0.10122855007648468, 0.06316465884447098, 1.547878384590149, 0.0005030344473198056, 0.45678505301475525] [0.44950395822525024, -0.5108639597892761, 0.4555560350418091, 1.0799779891967773, 1.104438066482544, 0.07560000568628311]
[0.16997221112251282, -0.09748329967260361, 0.063394695520401, 1.5480172634124756, -0.003552857553586364, 0.4960455596446991] [0.4510379731655121, -0.5108639597892761, 0.440216064453125, 1.1229300498962402, 1.1121081113815308, 0.07560000568628311]
[0.16679437458515167, -0.09310460090637207, 0.06387224793434143, 1.5504568815231323, -0.007488923612982035, 0.5433509945869446] [0.4510379731655121, -0.5108639597892761, 0.4279440641403198, 1.1566779613494873, 1.1182440519332886, 0.07560000568628311]
[0.1645888239145279, -0.09030435234308243, 0.06409493833780289, 1.5498466491699219, -0.009513539262115955, 0.5745210647583008] [0.4510379731655121, -0.5108639597892761, 0.41260403394699097, 1.190425992012024, 1.1228461265563965, 0.07560000568628311]
[0.16250164806842804, -0.08780962228775024, 0.06414502114057541, 1.5495362281799316, -0.009987728670239449, 0.6029645204544067] [0.4510379731655121, -0.5108639597892761, 0.4003320336341858, 1.210368037223816, 1.1289820671081543, 0.07560000568628311]
[0.15990516543388367, -0.08490011096000671, 0.0644739642739296, 1.5509827136993408, -0.012724298052489758, 0.6370596885681152] [0.4510379731655121, -0.5108639597892761, 0.38959404826164246, 1.241047978401184, 1.1320500373840332, 0.07560000568628311]
[0.15815266966819763, -0.08303987979888916, 0.06435120105743408, 1.551812767982483, -0.011554700322449207, 0.6594078540802002] [0.4510379731655121, -0.5108639597892761, 0.3803900480270386, 1.260990023612976, 1.1381860971450806, 0.07560000568628311]
[0.15582826733589172, -0.08070417493581772, 0.06474130600690842, 1.5547782182693481, -0.014664923772215843, 0.6882140636444092] [0.4510379731655121, -0.5108639597892761, 0.3681180477142334, 1.2870680093765259, 1.1443220376968384, 0.07600000500679016]
[0.15402653813362122, -0.07897867262363434, 0.06474997848272324, 1.5564780235290527, -0.014557169750332832, 0.7100271582603455] [0.4510379731655121, -0.5093299746513367, 0.36044806241989136, 1.3039419651031494, 1.1519920825958252, 0.07560000568628311]
[0.15189491212368011, -0.07703173905611038, 0.06478329747915268, 1.5625271797180176, -0.014195375144481659, 0.7352653741836548] [0.4510379731655121, -0.5108639597892761, 0.34971004724502563, 1.3315539360046387, 1.1596620082855225, 0.07560000568628311]
[0.1500106304883957, -0.07539000362157822, 0.06479042768478394, 1.566154956817627, -0.013865316286683083, 0.7571178078651428] [0.44950395822525024, -0.5108639597892761, 0.3420400619506836, 1.3468940258026123, 1.1673320531845093, 0.07560000568628311]
[0.1294616311788559, -0.06485997140407562, 0.06412094086408615, 1.6397463083267212, 0.01071214023977518, 0.9587241411209106] [0.4449019730091095, -0.5430779457092285, 0.2407960444688797, 1.5984699726104736, 1.2609061002731323, 0.07560000568628311]
[0.12956343591213226, -0.0650634840130806, 0.06431660801172256, 1.639644980430603, 0.010370790958404541, 0.9573227763175964] [0.4449019730091095, -0.5430779457092285, 0.2407960444688797, 1.5984699726104736, 1.2624400854110718, 0.07560000568628311]
[0.12956343591213226, -0.0650634840130806, 0.06431660801172256, 1.639644980430603, 0.010370790958404541, 0.9573227763175964] [0.4449019730091095, -0.5476799607276917, 0.2407960444688797, 1.600003957748413, 1.2624400854110718, 0.07560000568628311]
[0.12993060052394867, -0.06648607552051544, 0.06436695903539658, 1.635720133781433, 0.013241112232208252, 0.9475801587104797] [0.44336795806884766, -0.5584179759025574, 0.23926204442977905, 1.600003957748413, 1.2624400854110718, 0.07560000568628311]
[0.13021491467952728, -0.06808596104383469, 0.06404243409633636, 1.6325933933258057, 0.018928350880742073, 0.9370019435882568] [0.44336795806884766, -0.5752919912338257, 0.23926204442977905, 1.600003957748413, 1.2639740705490112, 0.07560000568628311]
[0.13074858486652374, -0.07057040184736252, 0.06399788707494736, 1.6294233798980713, 0.02381979301571846, 0.9197210073471069] [0.44336795806884766, -0.5952339768409729, 0.23926204442977905, 1.604606032371521, 1.2639740705490112, 0.07560000568628311]
[0.13128672540187836, -0.07365041226148605, 0.06374232470989227, 1.6233570575714111, 0.03160823509097099, 0.8987674713134766] [0.44336795806884766, -0.6121079921722412, 0.2407960444688797, 1.604606032371521, 1.2639740705490112, 0.07560000568628311]
[0.13160985708236694, -0.07571100443601608, 0.06358886510133743, 1.619221806526184, 0.036729127168655396, 0.8847693800926208] [0.44336795806884766, -0.6289819478988647, 0.2407960444688797, 1.604606032371521, 1.2655080556869507, 0.07560000568628311]
[0.1319894641637802, -0.0787825733423233, 0.06325791031122208, 1.6159353256225586, 0.04574171453714371, 0.8642520904541016] [0.44336795806884766, -0.6519919633865356, 0.2407960444688797, 1.6061400175094604, 1.2701101303100586, 0.07560000568628311]
[0.1323208063840866, -0.08109107613563538, 0.06332887709140778, 1.6142699718475342, 0.0497673824429512, 0.8482614159584045] [0.44336795806884766, -0.6734679937362671, 0.2407960444688797, 1.6061400175094604, 1.271644115447998, 0.07560000568628311]
[0.13268007338047028, -0.0846230611205101, 0.06319714337587357, 1.609829306602478, 0.058069780468940735, 0.8242999911308289] [0.44336795806884766, -0.6918759942054749, 0.2407960444688797, 1.6061400175094604, 1.271644115447998, 0.07560000568628311]
[0.13281913101673126, -0.08628857880830765, 0.06313110142946243, 1.6062260866165161, 0.061914026737213135, 0.8129984736442566] [0.44336795806884766, -0.7056819796562195, 0.2407960444688797, 1.6061400175094604, 1.2731781005859375, 0.07600000500679016]
[0.13301801681518555, -0.08920736610889435, 0.06303665041923523, 1.5998144149780273, 0.06854265183210373, 0.7931808233261108] [0.44336795806884766, -0.7271579504013062, 0.2407960444688797, 1.6061400175094604, 1.274712085723877, 0.07560000568628311]
[0.133177250623703, -0.09254729002714157, 0.06298048049211502, 1.5938572883605957, 0.07596100866794586, 0.7704689502716064] [0.44336795806884766, -0.750167965888977, 0.2407960444688797, 1.6061400175094604, 1.274712085723877, 0.07560000568628311]
[0.1332087516784668, -0.09565515071153641, 0.06279554218053818, 1.5882118940353394, 0.08421918749809265, 0.7495867609977722] [0.44336795806884766, -0.7793139815330505, 0.2407960444688797, 1.6061400175094604, 1.2762460708618164, 0.07560000568628311]
[0.13322508335113525, -0.09899958968162537, 0.06280726939439774, 1.5819275379180908, 0.09130429476499557, 0.7267304062843323] [0.44336795806884766, -0.8053919672966003, 0.23926204442977905, 1.6061400175094604, 1.2793140411376953, 0.07560000568628311]
[0.13314390182495117, -0.10317663103342056, 0.06290430575609207, 1.576523780822754, 0.09990692138671875, 0.6980613470077515] [0.44336795806884766, -0.8345379829406738, 0.23926204442977905, 1.6061400175094604, 1.2823820114135742, 0.07560000568628311]
[0.132889986038208, -0.10818438231945038, 0.06304439902305603, 1.5657179355621338, 0.1098470687866211, 0.6635124087333679] [0.44336795806884766, -0.8667519688606262, 0.23926204442977905, 1.6061400175094604, 1.2839161157608032, 0.07560000568628311]
[0.13242028653621674, -0.11315695196390152, 0.06307800114154816, 1.553034782409668, 0.12083467841148376, 0.6292147636413574] [0.44336795806884766, -0.9204419851303101, 0.2377280443906784, 1.6061400175094604, 1.2839161157608032, 0.07560000568628311]
[0.13158395886421204, -0.11955791711807251, 0.06328565627336502, 1.5361524820327759, 0.13394968211650848, 0.5845092535018921] [0.44336795806884766, -0.9572579860687256, 0.23619404435157776, 1.6061400175094604, 1.2839161157608032, 0.07560000568628311]
[0.13096481561660767, -0.12347160279750824, 0.06357967853546143, 1.525530457496643, 0.14070317149162292, 0.55672687292099] [0.4449019730091095, -0.9940739870071411, 0.2346600443124771, 1.604606032371521, 1.2839161157608032, 0.07560000568628311]
[0.13001766800880432, -0.12795700132846832, 0.06361396610736847, 1.5137768983840942, 0.15097449719905853, 0.5249045491218567] [0.44336795806884766, -1.0247540473937988, 0.2346600443124771, 1.6030720472335815, 1.2839161157608032, 0.07600000500679016]
[0.12879787385463715, -0.13321956992149353, 0.0640057623386383, 1.4985915422439575, 0.1607879400253296, 0.48688480257987976] [0.4449019730091095, -1.058501958847046, 0.23312604427337646, 1.6015379428863525, 1.2839161157608032, 0.07560000568628311]
[0.12776628136634827, -0.13704407215118408, 0.06427551805973053, 1.487962245941162, 0.16787542402744293, 0.4588465094566345] [0.44643598794937134, -1.0922499895095825, 0.23159204423427582, 1.5969359874725342, 1.2823820114135742, 0.07560000568628311]
[0.12675996124744415, -0.1404251903295517, 0.06454764306545258, 1.4761340618133545, 0.17423906922340393, 0.43387719988822937] [0.44643598794937134, -1.113726019859314, 0.23005804419517517, 1.589266061782837, 1.2808480262756348, 0.07560000568628311]
[0.1255650818347931, -0.14396202564239502, 0.06471987068653107, 1.4635664224624634, 0.18212094902992249, 0.40759462118148804] [0.44643598794937134, -1.1382700204849243, 0.22852404415607452, 1.5785280466079712, 1.2777800559997559, 0.07560000568628311]
[0.12467767298221588, -0.14631210267543793, 0.06469817459583282, 1.453652262687683, 0.18813456594944, 0.3900126814842224] [0.4479699730873108, -1.1597459316253662, 0.22699004411697388, 1.5769939422607422, 1.274712085723877, 0.07560000568628311]
[0.12378156930208206, -0.1488552689552307, 0.06508965790271759, 1.4424172639846802, 0.19134043157100677, 0.37049803137779236] [0.4479699730873108, -1.1750860214233398, 0.22699004411697388, 1.5723919868469238, 1.271644115447998, 0.07560000568628311]
[0.12327540665864944, -0.15022365748882294, 0.06527425348758698, 1.433389663696289, 0.1930016577243805, 0.3599742650985718] [0.4479699730873108, -1.1858240365982056, 0.22699004411697388, 1.5723919868469238, 1.2655080556869507, 0.07560000568628311]
[0.12239964306354523, -0.15236406028270721, 0.06538430601358414, 1.4192533493041992, 0.1969638168811798, 0.34351786971092224] [0.4479699730873108, -1.205765962600708, 0.22545604407787323, 1.566256046295166, 1.2609061002731323, 0.07600000500679016]
[0.121791772544384, -0.15389356017112732, 0.06566024571657181, 1.410550832748413, 0.19879494607448578, 0.3315916657447815] [0.4479699730873108, -1.210368037223816, 0.22545604407787323, 1.5647220611572266, 1.2593721151351929, 0.07560000568628311]
[0.121791772544384, -0.15389356017112732, 0.06566024571657181, 1.410550832748413, 0.19879494607448578, 0.3315916657447815] [0.4479699730873108, -1.210368037223816, 0.22545604407787323, 1.5647220611572266, 1.2593721151351929, 0.07560000568628311]
[0.12178274989128113, -0.15390944480895996, 0.0656234547495842, 1.4095196723937988, 0.19872944056987762, 0.3314562737941742] [0.44950395822525024, -1.210368037223816, 0.22545604407787323, 1.566256046295166, 1.2563040256500244, 0.07560000568628311]
[0.12173391878604889, -0.15390171110630035, 0.0654369369149208, 1.4079923629760742, 0.20024533569812775, 0.3316926658153534] [0.44950395822525024, -1.210368037223816, 0.22545604407787323, 1.566256046295166, 1.2563040256500244, 0.07560000568628311]
[0.12181101739406586, -0.15371040999889374, 0.06539972871541977, 1.4086352586746216, 0.20002777874469757, 0.33320218324661255] [0.4510379731655121, -1.2072999477386475, 0.22699004411697388, 1.566256046295166, 1.2563040256500244, 0.07560000568628311]
[0.12191110104322433, -0.15332742035388947, 0.06513866782188416, 1.4104365110397339, 0.20103798806667328, 0.33632317185401917] [0.4510379731655121, -1.205765962600708, 0.22699004411697388, 1.566256046295166, 1.2563040256500244, 0.07560000568628311]
[0.12201082706451416, -0.15333938598632812, 0.06549394875764847, 1.4099128246307373, 0.19807443022727966, 0.3359810411930084] [0.44950395822525024, -1.205765962600708, 0.22699004411697388, 1.566256046295166, 1.2563040256500244, 0.07560000568628311]
[0.12203401327133179, -0.15314777195453644, 0.06526987999677658, 1.4110726118087769, 0.19930168986320496, 0.3375910520553589] [0.44950395822525024, -1.205765962600708, 0.22699004411697388, 1.566256046295166, 1.2563040256500244, 0.07560000568628311]
[0.12203401327133179, -0.15314777195453644, 0.06526987999677658, 1.4110726118087769, 0.19930168986320496, 0.3375910520553589] [0.4510379731655121, -1.2042319774627686, 0.22699004411697388, 1.566256046295166, 1.2563040256500244, 0.07560000568628311]
[0.12203401327133179, -0.15314777195453644, 0.06526987999677658, 1.4110726118087769, 0.19930168986320496, 0.3375910520553589] [0.44950395822525024, -1.2042319774627686, 0.22699004411697388, 1.566256046295166, 1.2563040256500244, 0.07560000568628311]
[0.12208715081214905, -0.15314777195453644, 0.06545712798833847, 1.4105544090270996, 0.19785423576831818, 0.3374888300895691] [0.4510379731655121, -1.2042319774627686, 0.22699004411697388, 1.566256046295166, 1.2563040256500244, 0.07560000568628311]
[0.12208715081214905, -0.15314777195453644, 0.06545712798833847, 1.4105544090270996, 0.19785423576831818, 0.3374888300895691] [0.44950395822525024, -1.2042319774627686, 0.22699004411697388, 1.566256046295166, 1.2563040256500244, 0.07560000568628311]
[0.12203401327133179, -0.15314777195453644, 0.06526987999677658, 1.4110726118087769, 0.19930168986320496, 0.3375910520553589] [0.4510379731655121, -1.2042319774627686, 0.22852404415607452, 1.566256046295166, 1.2563040256500244, 0.07560000568628311]
[0.12213330715894699, -0.15315988659858704, 0.06562541425228119, 1.4105476140975952, 0.1963389664888382, 0.3372485637664795] [0.4510379731655121, -1.2042319774627686, 0.22699004411697388, 1.566256046295166, 1.2563040256500244, 0.07560000568628311]
[0.12213330715894699, -0.15315988659858704, 0.06562541425228119, 1.4105476140975952, 0.1963389664888382, 0.3372485637664795] [0.44950395822525024, -1.2042319774627686, 0.22852404415607452, 1.566256046295166, 1.2563040256500244, 0.07560000568628311]
