<<<<<<< HEAD
[0.20174534618854523, -0.06792888045310974, 0.05001377686858177, 1.6983529329299927, 0.2291579246520996, 0.3421282470226288] [0.24854996800422668, -0.035323962569236755, 0.0122300386428833, 0.36820197105407715, 1.6014540195465088, 0.06400000303983688]
[0.2015688121318817, -0.06760597974061966, 0.049500416964292526, 1.6965266466140747, 0.23212416470050812, 0.34398147463798523] [0.24854996800422668, -0.035323962569236755, 0.009162038564682007, 0.36820197105407715, 1.6014540195465088, 0.06400000303983688]
[0.2016664743423462, -0.06792263686656952, 0.049702104181051254, 1.6926767826080322, 0.23135672509670258, 0.34234127402305603] [0.24854996800422668, -0.035323962569236755, 0.00762803852558136, 0.36820197105407715, 1.6014540195465088, 0.06400000303983688]
[0.20164673030376434, -0.06792138516902924, 0.049624182283878326, 1.691257357597351, 0.23190662264823914, 0.34239259362220764] [0.24854996800422668, -0.035323962569236755, 0.00762803852558136, 0.36513397097587585, 1.6029881238937378, 0.06400000303983688]
[0.20202884078025818, -0.06903447210788727, 0.04943936690688133, 1.6876598596572876, 0.23325033485889435, 0.33301904797554016] [0.24854996800422668, -0.03839196264743805, 0.006094038486480713, 0.35132795572280884, 1.6029881238937378, 0.06400000303983688]
[0.2029133439064026, -0.07175641506910324, 0.049204010516405106, 1.6825450658798218, 0.23501849174499512, 0.31101563572883606] [0.2500839829444885, -0.04759596288204193, 0.006094038486480713, 0.34212398529052734, 1.6014540195465088, 0.06400000303983688]
[0.20321330428123474, -0.07480758428573608, 0.0487164743244648, 1.6778684854507446, 0.23813451826572418, 0.29543182253837585] [0.2500839829444885, -0.0629359632730484, 0.003026038408279419, 0.34212398529052734, 1.6014540195465088, 0.06400000303983688]
[0.2036171406507492, -0.07883091270923615, 0.04845559224486351, 1.6701223850250244, 0.2405519336462021, 0.2750313878059387] [0.251617968082428, -0.07674196362495422, 0.001492038369178772, 0.3375219702720642, 1.6014540195465088, 0.06400000303983688]
[0.20410126447677612, -0.08142662048339844, 0.04827296361327171, 1.6660698652267456, 0.24216216802597046, 0.257725328207016] [0.2500839829444885, -0.08134396374225616, -0.001575961709022522, 0.32524996995925903, 1.6014540195465088, 0.06400000303983688]
[0.20461586117744446, -0.08403787016868591, 0.04797213897109032, 1.657086730003357, 0.24424202740192413, 0.2388530820608139] [0.2500839829444885, -0.09514996409416199, -0.003109961748123169, 0.3083759546279907, 1.6029881238937378, 0.06400000303983688]
[0.20542773604393005, -0.0900975912809372, 0.04743574187159538, 1.6478312015533447, 0.24774953722953796, 0.19945073127746582] [0.2500839829444885, -0.1181599572300911, -0.004643961787223816, 0.2884339690208435, 1.6014540195465088, 0.06400000303983688]
[0.20602792501449585, -0.09878218919038773, 0.047553446143865585, 1.6340848207473755, 0.24868391454219818, 0.15038685500621796] [0.2500839829444885, -0.15037396550178528, -0.006177961826324463, 0.28076398372650146, 1.6014540195465088, 0.06360000371932983]
[0.20609307289123535, -0.10600429773330688, 0.047337982803583145, 1.6199418306350708, 0.25113344192504883, 0.11085960268974304] [0.2500839829444885, -0.18258796632289886, -0.01231396198272705, 0.2654239535331726, 1.6014540195465088, 0.06360000371932983]
[0.20605888962745667, -0.11310160905122757, 0.047183699905872345, 1.6068495512008667, 0.25309374928474426, 0.06969531625509262] [0.2500839829444885, -0.20866596698760986, -0.01691596210002899, 0.24394796788692474, 1.6029881238937378, 0.06360000371932983]
[0.20578652620315552, -0.12290394306182861, 0.04696832224726677, 1.5828742980957031, 0.2551099359989166, 0.009457274340093136] [0.2500839829444885, -0.23474396765232086, -0.024585962295532227, 0.22707396745681763, 1.6014540195465088, 0.06360000371932983]
[0.20532254874706268, -0.12938787043094635, 0.04683634638786316, 1.5654864311218262, 0.25632649660110474, -0.030223650857806206] [0.2500839829444885, -0.25928795337677, -0.03378996253013611, 0.20406396687030792, 1.6014540195465088, 0.06360000371932983]
[0.20469623804092407, -0.13639193773269653, 0.04684867337346077, 1.548357367515564, 0.2563616931438446, -0.07466086745262146] [0.2500839829444885, -0.2822979688644409, -0.035323962569236755, 0.1841219663619995, 1.6014540195465088, 0.06400000303983688]
[0.20373111963272095, -0.14385093748569489, 0.04712368920445442, 1.5353947877883911, 0.2548682391643524, -0.12061423063278198] [0.2500839829444885, -0.30684196949005127, -0.039925962686538696, 0.16571396589279175, 1.6029881238937378, 0.06400000303983688]
[0.20254558324813843, -0.1511370837688446, 0.0473940335214138, 1.5209916830062866, 0.25322890281677246, -0.16655796766281128] [0.2500839829444885, -0.3283179700374603, -0.046061962842941284, 0.1411699652671814, 1.6014540195465088, 0.06360000371932983]
[0.20101423561573029, -0.1580401510000229, 0.047303542494773865, 1.5010087490081787, 0.2531126141548157, -0.2094147652387619] [0.2500839829444885, -0.355929970741272, -0.05219796299934387, 0.12582996487617493, 1.6029881238937378, 0.06360000371932983]
[0.1981803923845291, -0.16871115565299988, 0.04799199104309082, 1.4794690608978271, 0.24913322925567627, -0.2726409435272217] [0.251617968082428, -0.39734798669815063, -0.05679996311664581, 0.10435395687818527, 1.6014540195465088, 0.06400000303983688]
[0.19462502002716064, -0.17953597009181976, 0.04867056757211685, 1.4619221687316895, 0.24499519169330597, -0.3373529613018036] [0.25315195322036743, -0.4249599575996399, -0.05833396315574646, 0.09361596405506134, 1.6029881238937378, 0.06400000303983688]
[0.19276376068592072, -0.18400999903678894, 0.0488269217312336, 1.4542433023452759, 0.2443702667951584, -0.36110180616378784] [0.2546859681606293, -0.4479699730873108, -0.05833396315574646, 0.09361596405506134, 1.6029881238937378, 0.06400000303983688]
[0.19164946675300598, -0.18645095825195312, 0.04880257323384285, 1.4506927728652954, 0.24468781054019928, -0.37383517622947693] [0.2562199831008911, -0.45563995838165283, -0.05833396315574646, 0.09361596405506134, 1.6029881238937378, 0.06360000371932983]
[0.19170168042182922, -0.1861465722322464, 0.04847412556409836, 1.4504905939102173, 0.24625837802886963, -0.37240070104599] [0.25775396823883057, -0.4541059732437134, -0.05833396315574646, 0.09514996409416199, 1.6014540195465088, 0.06360000371932983]
[0.19177092611789703, -0.18580861389636993, 0.04839833453297615, 1.449721336364746, 0.24686501920223236, -0.3692958652973175] [0.25775396823883057, -0.4541059732437134, -0.061401963233947754, 0.09975196421146393, 1.6014540195465088, 0.06360000371932983]
[0.19200170040130615, -0.18499667942523956, 0.04824989661574364, 1.4497164487838745, 0.24800381064414978, -0.3630763292312622] [0.25775396823883057, -0.4525719881057739, -0.0629359632730484, 0.10895595699548721, 1.6029881238937378, 0.06360000371932983]
[0.19256490468978882, -0.18278025090694427, 0.04831407591700554, 1.4568020105361938, 0.24937066435813904, -0.3425707221031189] [0.2562199831008911, -0.4525719881057739, -0.061401963233947754, 0.12122795730829239, 1.6029881238937378, 0.06360000371932983]
[0.1926048845052719, -0.18226556479930878, 0.048016224056482315, 1.4605011940002441, 0.2512951195240021, -0.33797329664230347] [0.25775396823883057, -0.4510379731655121, -0.05986796319484711, 0.13043196499347687, 1.6060560941696167, 0.06400000303983688]
[0.1934167444705963, -0.1798393577337265, 0.048085108399391174, 1.4683374166488647, 0.25186362862586975, -0.32055598497390747] [0.2562199831008911, -0.44643598794937134, -0.05986796319484711, 0.14577196538448334, 1.6075900793075562, 0.06400000303983688]
[0.19359846413135529, -0.17842845618724823, 0.047932419925928116, 1.4718817472457886, 0.25384610891342163, -0.30644112825393677] [0.2562199831008911, -0.4479699730873108, -0.05986796319484711, 0.1641799658536911, 1.6091240644454956, 0.06400000303983688]
[0.19404788315296173, -0.17618560791015625, 0.048047274351119995, 1.4790054559707642, 0.25476139783859253, -0.28586605191230774] [0.2546859681606293, -0.4479699730873108, -0.05986796319484711, 0.1902579665184021, 1.6091240644454956, 0.06400000303983688]
[0.19443832337856293, -0.17272290587425232, 0.047443635761737823, 1.4881303310394287, 0.2600588798522949, -0.25449520349502563] [0.2546859681606293, -0.44643598794937134, -0.05833396315574646, 0.22707396745681763, 1.6091240644454956, 0.06360000371932983]
[0.19495654106140137, -0.1683744490146637, 0.04737798124551773, 1.49869704246521, 0.2629948556423187, -0.21496504545211792] [0.2546859681606293, -0.4479699730873108, -0.05833396315574646, 0.2623559832572937, 1.6091240644454956, 0.06360000371932983]
[0.19519086182117462, -0.1648833155632019, 0.04711946099996567, 1.5069643259048462, 0.2662500739097595, -0.18335795402526855] [0.2546859681606293, -0.4479699730873108, -0.05833396315574646, 0.3083759546279907, 1.6091240644454956, 0.06400000303983688]
[0.1954299956560135, -0.15963366627693176, 0.04708641767501831, 1.519783854484558, 0.26913565397262573, -0.13578976690769196] [0.25315195322036743, -0.4479699730873108, -0.05833396315574646, 0.3375219702720642, 1.6091240644454956, 0.06400000303983688]
[0.1953936070203781, -0.1556045413017273, 0.04687630385160446, 1.5295382738113403, 0.27211248874664307, -0.09930552542209625] [0.251617968082428, -0.4479699730873108, -0.05833396315574646, 0.3804739713668823, 1.610658049583435, 0.06400000303983688]
[0.19509905576705933, -0.14996294677257538, 0.04697486758232117, 1.545372486114502, 0.27432963252067566, -0.046843040734529495] [0.251617968082428, -0.4541059732437134, -0.05833396315574646, 0.4571739733219147, 1.6183280944824219, 0.06360000371932983]
[0.19307708740234375, -0.1389031708240509, 0.047312140464782715, 1.5894697904586792, 0.27866488695144653, 0.06303393095731735] [0.2500839829444885, -0.46330997347831726, -0.05986796319484711, 0.5875639915466309, 1.6367360353469849, 0.06360000371932983]
[0.19079995155334473, -0.13006174564361572, 0.047518882900476456, 1.6290310621261597, 0.28167724609375, 0.1491912305355072] [0.2500839829444885, -0.4648439884185791, -0.05986796319484711, 0.6213119626045227, 1.6428720951080322, 0.06400000303983688]
[0.19047577679157257, -0.1285376250743866, 0.04786071553826332, 1.6343010663986206, 0.28030601143836975, 0.1634911298751831] [0.24854996800422668, -0.4648439884185791, -0.05986796319484711, 0.6458559632301331, 1.6428720951080322, 0.06400000303983688]
[0.18938934803009033, -0.12483581155538559, 0.04796169698238373, 1.6440198421478271, 0.2804313004016876, 0.19861026108264923] [0.24854996800422668, -0.4648439884185791, -0.05986796319484711, 0.6857399940490723, 1.6428720951080322, 0.06360000371932983]
[0.1873815506696701, -0.11903280764818192, 0.04807288944721222, 1.6583147048950195, 0.2809548079967499, 0.2544941008090973] [0.24854996800422668, -0.4648439884185791, -0.05986796319484711, 0.7317599654197693, 1.6428720951080322, 0.06400000303983688]
[0.18574699759483337, -0.1144949421286583, 0.048294540494680405, 1.6701809167861938, 0.27999934554100037, 0.2975821793079376] [0.24854996800422668, -0.4648439884185791, -0.061401963233947754, 0.7685759663581848, 1.6428720951080322, 0.06360000371932983]
[0.18413211405277252, -0.11093646287918091, 0.048855602741241455, 1.6813793182373047, 0.277474582195282, 0.3341307044029236] [0.24701596796512604, -0.46330997347831726, -0.061401963233947754, 0.8069260120391846, 1.6428720951080322, 0.06360000371932983]
[0.18233609199523926, -0.1068561002612114, 0.04914559796452522, 1.692189335823059, 0.27578461170196533, 0.3739548623561859] [0.24854996800422668, -0.46330997347831726, -0.061401963233947754, 0.8514119982719421, 1.6505420207977295, 0.06400000303983688]
[0.1798247992992401, -0.10206965357065201, 0.049677323549985886, 1.713233232498169, 0.2731950581073761, 0.42328545451164246] [0.24854996800422668, -0.4648439884185791, -0.0629359632730484, 0.9311800003051758, 1.672018051147461, 0.06360000371932983]
[0.17194348573684692, -0.09041688591241837, 0.04978710412979126, 1.7765376567840576, 0.2777310907840729, 0.5516199469566345] [0.24701596796512604, -0.46330997347831726, -0.08287796378135681, 1.017084002494812, 1.6980960369110107, 0.06360000371932983]
[0.1701255887746811, -0.08742056787014008, 0.04973219707608223, 1.788938283920288, 0.28009817004203796, 0.5821478962898254] [0.2454819679260254, -0.4587079882621765, -0.0859459638595581, 1.0232199430465698, 1.6980960369110107, 0.06400000303983688]
[0.1692618876695633, -0.08579409122467041, 0.050013262778520584, 1.7914401292800903, 0.27858421206474304, 0.5978950262069702] [0.2454819679260254, -0.4541059732437134, -0.0859459638595581, 1.040094017982483, 1.6980960369110107, 0.06400000303983688]
[0.16764435172080994, -0.08055179566144943, 0.050052471458911896, 1.8000383377075195, 0.2751443684101105, 0.6376455426216125] [0.24701596796512604, -0.4280279874801636, -0.0859459638595581, 1.0569679737091064, 1.6980960369110107, 0.06360000371932983]
[0.16555477678775787, -0.07502492517232895, 0.05034641921520233, 1.8111486434936523, 0.270934134721756, 0.6819534301757812] [0.24701596796512604, -0.4050179719924927, -0.0890139639377594, 1.0830459594726562, 1.6980960369110107, 0.06400000303983688]
[0.16338638961315155, -0.07015231251716614, 0.05074399709701538, 1.8181945085525513, 0.2670535743236542, 0.7229296565055847] [0.24701596796512604, -0.3866099715232849, -0.09361596405506134, 1.0968519449234009, 1.6980960369110107, 0.06360000371932983]
[0.16121062636375427, -0.06472287327051163, 0.05098411440849304, 1.8242499828338623, 0.26389315724372864, 0.7655253410339355] [0.24394796788692474, -0.3666679859161377, -0.09821796417236328, 1.1213959455490112, 1.6980960369110107, 0.06360000371932983]
[0.15804529190063477, -0.058607976883649826, 0.051148973405361176, 1.8319666385650635, 0.26031723618507385, 0.8177730441093445] [0.2424139678478241, -0.32985198497772217, -0.10281995683908463, 1.1428719758987427, 1.6965620517730713, 0.06360000371932983]
[0.15464067459106445, -0.05131874978542328, 0.05150923877954483, 1.8370943069458008, 0.2576163411140442, 0.875970184803009] [0.2393459677696228, -0.2976379692554474, -0.1150919571518898, 1.1551439762115479, 1.6965620517730713, 0.06360000371932983]
[0.15236683189868927, -0.0463547557592392, 0.05159369111061096, 1.8402076959609985, 0.2558387517929077, 0.9137934446334839] [0.2362779676914215, -0.2654239535331726, -0.11969395726919174, 1.1658819913864136, 1.6965620517730713, 0.06360000371932983]
[0.15070796012878418, -0.042733270674943924, 0.0515206903219223, 1.8395038843154907, 0.25580742955207825, 0.9406752586364746] [0.23474396765232086, -0.2424139678478241, -0.12582996487617493, 1.167415976524353, 1.6965620517730713, 0.06360000371932983]
[0.14800038933753967, -0.03603113442659378, 0.05162700638175011, 1.839883804321289, 0.2540111541748047, 0.9860954880714417] [0.23320996761322021, -0.21173396706581116, -0.13349996507167816, 1.167415976524353, 1.6965620517730713, 0.06360000371932983]
[0.1473025232553482, -0.03421087935566902, 0.05183837562799454, 1.8352876901626587, 0.25473061203956604, 0.9982590079307556] [0.22553996741771698, -0.18258796632289886, -0.14883996546268463, 1.167415976524353, 1.6965620517730713, 0.06360000371932983]
[0.14527985453605652, -0.02976853772997856, 0.05170007050037384, 1.8243013620376587, 0.2608613073825836, 1.0293890237808228] [0.21173396706581116, -0.15344196557998657, -0.17951996624469757, 1.167415976524353, 1.6950280666351318, 0.06360000371932983]
[0.14287154376506805, -0.024689635261893272, 0.052171915769577026, 1.7947522401809692, 0.2720591425895691, 1.0660771131515503] [0.18872396647930145, -0.1181599572300911, -0.20406396687030792, 1.1735520362854004, 1.6950280666351318, 0.06360000371932983]
[0.14016716182231903, -0.020669106394052505, 0.05259256064891815, 1.7635791301727295, 0.2860867977142334, 1.101517915725708] [0.1672479659318924, -0.09975196421146393, -0.2362779676914215, 1.1842899322509766, 1.6934940814971924, 0.06360000371932983]
[0.1378650814294815, -0.017927808687090874, 0.052924998104572296, 1.742153525352478, 0.29714033007621765, 1.129260778427124] [0.15190796554088593, -0.07980996370315552, -0.25775396823883057, 1.190425992012024, 1.6934940814971924, 0.06360000371932983]
[0.13634014129638672, -0.015833009034395218, 0.053112875670194626, 1.724927544593811, 0.30601999163627625, 1.147908091545105] [0.13656796514987946, -0.05986796319484711, -0.27002596855163574, 1.1980960369110107, 1.6934940814971924, 0.06360000371932983]
[0.13471558690071106, -0.01380173210054636, 0.053484417498111725, 1.7130340337753296, 0.3110889494419098, 1.1669825315475464] [0.12736396491527557, -0.05373196303844452, -0.2822979688644409, 1.2011640071868896, 1.6934940814971924, 0.06400000303983688]
[0.13472405076026917, -0.013968355022370815, 0.053528424352407455, 1.7063931226730347, 0.3158029615879059, 1.1668821573257446] [0.1181599572300911, -0.05373196303844452, -0.28996795415878296, 1.2011640071868896, 1.6950280666351318, 0.06360000371932983]
[0.13480335474014282, -0.014145860448479652, 0.05376086384057999, 1.6967239379882812, 0.31993016600608826, 1.1662260293960571] [0.10895595699548721, -0.055265963077545166, -0.3007059693336487, 1.2042319774627686, 1.6950280666351318, 0.06400000303983688]
[0.13538242876529694, -0.015684224665164948, 0.05368148535490036, 1.6758852005004883, 0.33325403928756714, 1.1584076881408691] [0.09668396413326263, -0.0660039633512497, -0.32218196988105774, 1.2119020223617554, 1.6950280666351318, 0.06360000371932983]
[0.1360180824995041, -0.018598714843392372, 0.05345871299505234, 1.6630072593688965, 0.34610065817832947, 1.1468915939331055] [0.08287796378135681, -0.08747996389865875, -0.33905595541000366, 1.2303099632263184, 1.6965620517730713, 0.06360000371932983]
[0.1360819935798645, -0.020632293075323105, 0.05322383716702461, 1.6511971950531006, 0.3575989305973053, 1.1418266296386719] [0.07367396354675293, -0.09361596405506134, -0.3528619706630707, 1.2379800081253052, 1.6965620517730713, 0.06360000371932983]
[0.13558107614517212, -0.020811861380934715, 0.052928756922483444, 1.643816351890564, 0.3654843270778656, 1.1457353830337524] [0.06907196342945099, -0.09361596405506134, -0.35899797081947327, 1.2379800081253052, 1.6965620517730713, 0.06360000371932983]
[0.13616283237934113, -0.022259259596467018, 0.052944380789995193, 1.6391559839248657, 0.37090975046157837, 1.1371433734893799] [0.06446996331214905, -0.10588795691728592, -0.363599956035614, 1.2425819635391235, 1.6996300220489502, 0.06360000371932983]
[0.13703668117523193, -0.02465377002954483, 0.052864763885736465, 1.6419376134872437, 0.3722577393054962, 1.1235069036483765] [0.06446996331214905, -0.12889796495437622, -0.36206597089767456, 1.2517859935760498, 1.7026981115341187, 0.06360000371932983]
[0.137003093957901, -0.026866374537348747, 0.052928533405065536, 1.6487699747085571, 0.3727406859397888, 1.1182752847671509] [0.06446996331214905, -0.15037396550178528, -0.36206597089767456, 1.2655919790267944, 1.7026981115341187, 0.06360000371932983]
[0.1371760070323944, -0.029877180233597755, 0.05294022709131241, 1.65292489528656, 0.37356945872306824, 1.1084933280944824] [0.06446996331214905, -0.17951996624469757, -0.3605319857597351, 1.282465934753418, 1.7011641263961792, 0.06360000371932983]
[0.13751909136772156, -0.032309338450431824, 0.05284983292222023, 1.6559151411056519, 0.3751464784145355, 1.0982434749603271] [0.0660039633512497, -0.20713196694850922, -0.3605319857597351, 1.2947380542755127, 1.7011641263961792, 0.06360000371932983]
[0.13823282718658447, -0.037072647362947464, 0.05248070880770683, 1.6621932983398438, 0.37871870398521423, 1.0765361785888672] [0.06753796339035034, -0.23781196773052216, -0.3605319857597351, 1.3039419651031494, 1.7011641263961792, 0.06360000371932983]
[0.13901576399803162, -0.04174485057592392, 0.05213255435228348, 1.6672598123550415, 0.38205769658088684, 1.0530706644058228] [0.06753796339035034, -0.2822979688644409, -0.3605319857597351, 1.317747950553894, 1.6996300220489502, 0.06360000371932983]
[0.14026504755020142, -0.04685886576771736, 0.05198441818356514, 1.6673991680145264, 0.38454025983810425, 1.0225434303283691] [0.06753796339035034, -0.3206479549407959, -0.3605319857597351, 1.319282054901123, 1.6996300220489502, 0.06400000303983688]
[0.14259663224220276, -0.05394634231925011, 0.051826708018779755, 1.6654603481292725, 0.3873234689235687, 0.9728375673294067] [0.06907196342945099, -0.3574639558792114, -0.3605319857597351, 1.319282054901123, 1.6996300220489502, 0.06360000371932983]
[0.14427578449249268, -0.060235537588596344, 0.05148673057556152, 1.6649705171585083, 0.3906005620956421, 0.9297998547554016] [0.06907196342945099, -0.4034839868545532, -0.3605319857597351, 1.319282054901123, 1.6996300220489502, 0.06400000303983688]
[0.14589467644691467, -0.06728380918502808, 0.05135694891214371, 1.6612449884414673, 0.3931827247142792, 0.8815221786499023] [0.06907196342945099, -0.44950395822525024, -0.3605319857597351, 1.319282054901123, 1.6980960369110107, 0.06360000371932983]
[0.14733339846134186, -0.07693450152873993, 0.05056323856115341, 1.66170072555542, 0.3996698558330536, 0.8174339532852173] [0.07213996350765228, -0.5292719602584839, -0.3605319857597351, 1.319282054901123, 1.6980960369110107, 0.06400000303983688]
[0.14845672249794006, -0.08666876703500748, 0.05073138326406479, 1.6584513187408447, 0.4018990993499756, 0.7513107061386108] [0.07213996350765228, -0.5844959616661072, -0.3605319857597351, 1.319282054901123, 1.6980960369110107, 0.06360000371932983]
[0.14865797758102417, -0.08993106335401535, 0.050699055194854736, 1.6556754112243652, 0.4029432237148285, 0.7294042110443115] [0.07213996350765228, -0.5983020067214966, -0.3605319857597351, 1.319282054901123, 1.6980960369110107, 0.06360000371932983]
[0.14870929718017578, -0.09207645803689957, 0.05053168907761574, 1.6544543504714966, 0.4050854742527008, 0.7152453064918518] [0.07213996350765228, -0.6105740070343018, -0.363599956035614, 1.319282054901123, 1.6980960369110107, 0.06360000371932983]
[0.1489148586988449, -0.09476069360971451, 0.050525858998298645, 1.6527892351150513, 0.40580618381500244, 0.69635009765625] [0.07213996350765228, -0.6366519927978516, -0.36206597089767456, 1.3162139654159546, 1.6980960369110107, 0.06360000371932983]
[0.14907391369342804, -0.09815096110105515, 0.05052347853779793, 1.6508245468139648, 0.40671396255493164, 0.672745943069458] [0.07213996350765228, -0.6596620082855225, -0.36206597089767456, 1.3146799802780151, 1.6980960369110107, 0.06360000371932983]
[0.1491858959197998, -0.10447873175144196, 0.050533898174762726, 1.6470106840133667, 0.4083044230937958, 0.6286407709121704] [0.07367396354675293, -0.6888079643249512, -0.36206597089767456, 1.3131459951400757, 1.6980960369110107, 0.06400000303983688]
[0.1489970088005066, -0.1079825833439827, 0.05054755136370659, 1.6455363035202026, 0.4092637598514557, 0.6051046252250671] [0.07367396354675293, -0.7256239652633667, -0.36206597089767456, 1.3131459951400757, 1.6980960369110107, 0.06360000371932983]
[0.14847534894943237, -0.11334425956010818, 0.050351936370134354, 1.6441298723220825, 0.411964476108551, 0.5693548917770386] [0.07367396354675293, -0.7578380107879639, -0.36206597089767456, 1.3131459951400757, 1.6980960369110107, 0.06360000371932983]
[0.14784137904644012, -0.11868683248758316, 0.05039872229099274, 1.6417149305343628, 0.41332462430000305, 0.5332001447677612] [0.07367396354675293, -0.7992559671401978, -0.36206597089767456, 1.3131459951400757, 1.6980960369110107, 0.06360000371932983]
[0.14669033885002136, -0.12584573030471802, 0.05048368498682976, 1.6383761167526245, 0.4150296449661255, 0.4844314455986023] [0.07367396354675293, -0.8498779535293579, -0.3605319857597351, 1.3116120100021362, 1.6980960369110107, 0.06360000371932983]
[0.14487601816654205, -0.13449615240097046, 0.050781119614839554, 1.6345947980880737, 0.41543278098106384, 0.42469799518585205] [0.07367396354675293, -0.8943639993667603, -0.3605319857597351, 1.3131459951400757, 1.6980960369110107, 0.06360000371932983]
[0.1435002088546753, -0.1396978348493576, 0.05088265985250473, 1.6319873332977295, 0.41645973920822144, 0.3884580731391907] [0.07367396354675293, -0.9311800003051758, -0.3605319857597351, 1.3100780248641968, 1.6980960369110107, 0.06360000371932983]
[0.1421903371810913, -0.1456945836544037, 0.05101734772324562, 1.626510500907898, 0.4170078933238983, 0.34392744302749634] [0.07367396354675293, -0.9741320013999939, -0.3605319857597351, 1.3070099353790283, 1.6980960369110107, 0.06360000371932983]
[0.14034129679203033, -0.15101446211338043, 0.051153820008039474, 1.6237014532089233, 0.41787317395210266, 0.3060723543167114] [0.07367396354675293, -1.0094139575958252, -0.3605319857597351, 1.3070099353790283, 1.6980960369110107, 0.06360000371932983]
[0.13793140649795532, -0.15713077783584595, 0.05131389573216438, 1.6188462972640991, 0.4187588691711426, 0.2618878185749054] [0.07367396354675293, -1.0446959733963013, -0.3605319857597351, 1.3070099353790283, 1.6980960369110107, 0.06360000371932983]
[0.13606391847133636, -0.16143159568309784, 0.05146952345967293, 1.6179827451705933, 0.41930902004241943, 0.2303154468536377] [0.07520796358585358, -1.0876480340957642, -0.3605319857597351, 1.3070099353790283, 1.6980960369110107, 0.06360000371932983]
[0.13342338800430298, -0.16693484783172607, 0.05164661630988121, 1.613304853439331, 0.419920414686203, 0.18925878405570984] [0.07367396354675293, -1.1183279752731323, -0.3605319857597351, 1.3070099353790283, 1.6965620517730713, 0.06400000303983688]
[0.13107210397720337, -0.17129896581172943, 0.05163136497139931, 1.612541913986206, 0.42184314131736755, 0.1561954915523529] [0.07367396354675293, -1.1413379907608032, -0.35899797081947327, 1.3070099353790283, 1.6980960369110107, 0.06360000371932983]
[0.13018973171710968, -0.17312267422676086, 0.05206654965877533, 1.6116368770599365, 0.4190032482147217, 0.14201119542121887] [0.07367396354675293, -1.1551439762115479, -0.3574639558792114, 1.3070099353790283, 1.6965620517730713, 0.06360000371932983]
[0.12995122373104095, -0.17350785434246063, 0.0520428791642189, 1.6120816469192505, 0.41907864809036255, 0.13908645510673523] [0.07520796358585358, -1.1551439762115479, -0.3574639558792114, 1.3070099353790283, 1.6965620517730713, 0.06360000371932983]
[0.12990403175354004, -0.17333899438381195, 0.052036870270967484, 1.6127625703811646, 0.41920992732048035, 0.14075979590415955] [0.07520796358585358, -1.1551439762115479, -0.3574639558792114, 1.3070099353790283, 1.6980960369110107, 0.06360000371932983]
[0.13006657361984253, -0.17330347001552582, 0.05203419551253319, 1.6122065782546997, 0.4190625250339508, 0.14066696166992188] [0.07674196362495422, -1.1536099910736084, -0.355929970741272, 1.3085440397262573, 1.6965620517730713, 0.06360000371932983]
[0.1301257312297821, -0.17290648818016052, 0.05197865515947342, 1.6137070655822754, 0.41921910643577576, 0.14415618777275085] [0.07827596366405487, -1.152076005935669, -0.3543959856033325, 1.3070099353790283, 1.6980960369110107, 0.06360000371932983]
[0.13015751540660858, -0.17305192351341248, 0.05192629247903824, 1.6121864318847656, 0.4191321134567261, 0.14271701872348785] [0.07827596366405487, -1.1505420207977295, -0.3543959856033325, 1.3085440397262573, 1.6965620517730713, 0.06360000371932983]
[0.1304517686367035, -0.1726182997226715, 0.05206707864999771, 1.6129014492034912, 0.4176218807697296, 0.1460171490907669] [0.07674196362495422, -1.1474740505218506, -0.3528619706630707, 1.3070099353790283, 1.6965620517730713, 0.06360000371932983]
=======
[0.20076124370098114, -0.08628080785274506, 0.050485581159591675, 1.6614460945129395, 0.10311111062765121, 0.2563312351703644] [0.39121198654174805, -0.13349996507167816, 0.628898024559021, 0.4801839590072632, 0.9893880486488342, 0.9975999593734741]
[0.2007635533809662, -0.08628198504447937, 0.05050428584218025, 1.6629799604415894, 0.10311111062765121, 0.2563312351703644] [0.39121198654174805, -0.13349996507167816, 0.628898024559021, 0.4801839590072632, 0.9893880486488342, 0.9975999593734741]
[0.200685054063797, -0.08628080785274506, 0.050177671015262604, 1.661837100982666, 0.10459499061107635, 0.25637179613113403] [0.39121198654174805, -0.1350339651107788, 0.628898024559021, 0.4801839590072632, 0.9878540635108948, 0.9975999593734741]
[0.20076124370098114, -0.08628080785274506, 0.050485581159591675, 1.6614460945129395, 0.10311111062765121, 0.2563312351703644] [0.39121198654174805, -0.13349996507167816, 0.628898024559021, 0.47864997386932373, 0.9878540635108948, 0.9975999593734741]
[0.20080003142356873, -0.08641158044338226, 0.050375740975141525, 1.6613214015960693, 0.10406792163848877, 0.2551257908344269] [0.39121198654174805, -0.13349996507167816, 0.628898024559021, 0.4801839590072632, 0.9878540635108948, 0.9971999526023865]
[0.20076124370098114, -0.08628080785274506, 0.050485581159591675, 1.6614460945129395, 0.10311111062765121, 0.2563312351703644] [0.39121198654174805, -0.13349996507167816, 0.628898024559021, 0.47864997386932373, 0.9878540635108948, 0.9975999593734741]
[0.20077764987945557, -0.08659447729587555, 0.05047881603240967, 1.6608771085739136, 0.10325898975133896, 0.25485455989837646] [0.39121198654174805, -0.13349996507167816, 0.628898024559021, 0.4801839590072632, 0.9878540635108948, 0.9975999593734741]
[0.20080003142356873, -0.08641158044338226, 0.050375740975141525, 1.6613214015960693, 0.10406792163848877, 0.2551257908344269] [0.39121198654174805, -0.1350339651107788, 0.628898024559021, 0.4801839590072632, 0.9878540635108948, 0.9975999593734741]
[0.200685054063797, -0.08628080785274506, 0.050177671015262604, 1.661837100982666, 0.10459499061107635, 0.25637179613113403] [0.39121198654174805, -0.13349996507167816, 0.628898024559021, 0.4801839590072632, 0.9893880486488342, 0.9975999593734741]
[0.2007635533809662, -0.08628198504447937, 0.05050428584218025, 1.6629799604415894, 0.10311111062765121, 0.2563312351703644] [0.39121198654174805, -0.13349996507167816, 0.628898024559021, 0.4801839590072632, 0.9878540635108948, 0.9971999526023865]
[0.20052948594093323, -0.08600230515003204, 0.0497044213116169, 1.6539555788040161, 0.10792745649814606, 0.2590271532535553] [0.39121198654174805, -0.13349996507167816, 0.621228039264679, 0.4801839590072632, 0.9878540635108948, 0.06520000100135803]
[0.2006087303161621, -0.08600331842899323, 0.05003080144524574, 1.6550943851470947, 0.10644461214542389, 0.25898486375808716] [0.39121198654174805, -0.13349996507167816, 0.6196940541267395, 0.4801839590072632, 0.9893880486488342, 0.06520000100135803]
[0.20053185522556305, -0.08600331842899323, 0.04972312971949577, 1.6554895639419556, 0.10792745649814606, 0.2590271532535553] [0.39121198654174805, -0.13349996507167816, 0.621228039264679, 0.4801839590072632, 0.9878540635108948, 0.06520000100135803]
[0.20051226019859314, -0.08568859845399857, 0.04971155896782875, 1.6545263528823853, 0.10777664184570312, 0.2605057954788208] [0.3927459716796875, -0.13349996507167816, 0.6196940541267395, 0.4801839590072632, 0.9878540635108948, 0.06480000168085098]
[0.20052948594093323, -0.08600230515003204, 0.0497044213116169, 1.6539555788040161, 0.10792745649814606, 0.2590271532535553] [0.3927459716796875, -0.13349996507167816, 0.6196940541267395, 0.47864997386932373, 0.9878540635108948, 0.06480000168085098]
[0.20060640573501587, -0.08600230515003204, 0.05001208931207657, 1.6535604000091553, 0.10644461214542389, 0.25898486375808716] [0.3927459716796875, -0.13349996507167816, 0.6196940541267395, 0.4801839590072632, 0.9878540635108948, 0.06480000168085098]
[0.20060640573501587, -0.08600230515003204, 0.05001208931207657, 1.6535604000091553, 0.10644461214542389, 0.25898486375808716] [0.39121198654174805, -0.13349996507167816, 0.6181600689888, 0.47864997386932373, 0.9878540635108948, 0.06480000168085098]
[0.20055904984474182, -0.08640187233686447, 0.04950977489352226, 1.6519393920898438, 0.1095806136727333, 0.25677305459976196] [0.3927459716796875, -0.1381019651889801, 0.6166260242462158, 0.47864997386932373, 0.9878540635108948, 0.06520000100135803]
[0.20062167942523956, -0.08823908120393753, 0.04937437176704407, 1.645660161972046, 0.11101821810007095, 0.24832886457443237] [0.3927459716796875, -0.15344196557998657, 0.6166260242462158, 0.47864997386932373, 0.9847860336303711, 0.06520000100135803]
[0.2007422000169754, -0.09169329702854156, 0.04928504675626755, 1.6362800598144531, 0.11255449056625366, 0.23203542828559875] [0.3927459716796875, -0.1672479659318924, 0.6166260242462158, 0.47864997386932373, 0.969446063041687, 0.06520000100135803]
[0.20067302882671356, -0.09325838088989258, 0.048717375844717026, 1.6138043403625488, 0.1147143766283989, 0.2246643602848053] [0.3927459716796875, -0.1703159660100937, 0.6166260242462158, 0.4771159887313843, 0.9495040774345398, 0.06520000100135803]
[0.20076730847358704, -0.09370596706867218, 0.048709768801927567, 1.5958706140518188, 0.11427702009677887, 0.22191330790519714] [0.3927459716796875, -0.17338396608829498, 0.6166260242462158, 0.4771159887313843, 0.9356980323791504, 0.06520000100135803]
[0.20077571272850037, -0.0962262973189354, 0.048470430076122284, 1.5728445053100586, 0.11528359353542328, 0.21004676818847656] [0.3927459716796875, -0.18565596640110016, 0.6166260242462158, 0.4771159887313843, 0.9157560467720032, 0.06520000100135803]
[0.20075708627700806, -0.0990665927529335, 0.04826224222779274, 1.5507606267929077, 0.11635076254606247, 0.19668984413146973] [0.3927459716796875, -0.20406396687030792, 0.6166260242462158, 0.4771159887313843, 0.892746090888977, 0.06520000100135803]
[0.20075559616088867, -0.10286148637533188, 0.04830988124012947, 1.5205069780349731, 0.1161564365029335, 0.17883774638175964] [0.39121198654174805, -0.22860796749591827, 0.6166260242462158, 0.4771159887313843, 0.8605320453643799, 0.06320000439882278]
[0.20056074857711792, -0.10762032866477966, 0.047980573028326035, 1.4795829057693481, 0.11762084066867828, 0.15655025839805603] [0.39121198654174805, -0.2454819679260254, 0.6166260242462158, 0.4771159887313843, 0.8390560746192932, 0.06320000439882278]
[0.20038937032222748, -0.11175709217786789, 0.04802265390753746, 1.4426506757736206, 0.11721417307853699, 0.1371968388557434] [0.3896779716014862, -0.2623559832572937, 0.6166260242462158, 0.4771159887313843, 0.8114440441131592, 0.06320000439882278]
[0.2001858949661255, -0.1143273264169693, 0.047758739441633224, 1.4103845357894897, 0.11782430857419968, 0.12529915571212769] [0.3896779716014862, -0.27309396862983704, 0.6166260242462158, 0.4771159887313843, 0.7869000434875488, 0.06320000439882278]
[0.2000226080417633, -0.11624462902545929, 0.047652821987867355, 1.3930833339691162, 0.11824577301740646, 0.11637354642152786] [0.39121198654174805, -0.28383195400238037, 0.6166260242462158, 0.4771159887313843, 0.7838320732116699, 0.06320000439882278]
[0.19979940354824066, -0.11876154690980911, 0.04772530496120453, 1.3868829011917114, 0.11875951290130615, 0.10446985810995102] [0.3896779716014862, -0.29610395431518555, 0.6166260242462158, 0.47558197379112244, 0.7838320732116699, 0.06320000439882278]
[0.19939562678337097, -0.12299293279647827, 0.04738065227866173, 1.3823893070220947, 0.12296026200056076, 0.0823923796415329] [0.39121198654174805, -0.3145119547843933, 0.6181600689888, 0.47251397371292114, 0.7838320732116699, 0.06320000439882278]
[0.19903580844402313, -0.12616893649101257, 0.04759862646460533, 1.3762956857681274, 0.12281878292560577, 0.06709672510623932] [0.39121198654174805, -0.3375219702720642, 0.6196940541267395, 0.47251397371292114, 0.7838320732116699, 0.06320000439882278]
[0.19799987971782684, -0.13334670662879944, 0.04802592843770981, 1.3627572059631348, 0.12349054962396622, 0.03281673789024353] [0.39121198654174805, -0.37126997113227844, 0.6196940541267395, 0.4709799885749817, 0.7838320732116699, 0.06320000439882278]
[0.1964688003063202, -0.14140726625919342, 0.04832341521978378, 1.3474252223968506, 0.1252288669347763, -0.0059448117390275] [0.3927459716796875, -0.4050179719924927, 0.6196940541267395, 0.47251397371292114, 0.7838320732116699, 0.06320000439882278]
[0.19542860984802246, -0.14633411169052124, 0.04875432699918747, 1.3379592895507812, 0.12506099045276642, -0.02980174496769905] [0.3927459716796875, -0.43723195791244507, 0.6196940541267395, 0.47251397371292114, 0.7838320732116699, 0.06320000439882278]
[0.19418150186538696, -0.15198425948619843, 0.04898911714553833, 1.327411413192749, 0.12701833248138428, -0.059115346521139145] [0.3927459716796875, -0.4587079882621765, 0.6196940541267395, 0.4648439884185791, 0.7838320732116699, 0.06320000439882278]
[0.1934375911951065, -0.155323326587677, 0.04892027750611305, 1.3214167356491089, 0.12981458008289337, -0.07785569131374359] [0.3927459716796875, -0.4709799885749817, 0.6196940541267395, 0.4479699730873108, 0.7838320732116699, 0.06320000439882278]
[0.19146478176116943, -0.16377943754196167, 0.04821578040719032, 1.3067439794540405, 0.1410151571035385, -0.12916097044944763] [0.3927459716796875, -0.5077959895133972, 0.6196940541267395, 0.43416398763656616, 0.7838320732116699, 0.06320000439882278]
[0.19007432460784912, -0.1682889461517334, 0.04860006645321846, 1.2981457710266113, 0.14138075709342957, -0.15285000205039978] [0.3927459716796875, -0.5277379751205444, 0.6196940541267395, 0.4326299726963043, 0.7838320732116699, 0.06320000439882278]
[0.1882416307926178, -0.17380830645561218, 0.049071092158555984, 1.2876323461532593, 0.14195840060710907, -0.18240538239479065] [0.39427995681762695, -0.5476799607276917, 0.6196940541267395, 0.421891987323761, 0.7838320732116699, 0.06320000439882278]
[0.1871582269668579, -0.17738883197307587, 0.04803965985774994, 1.2814441919326782, 0.15161605179309845, -0.2077856808900833] [0.3927459716796875, -0.5522819757461548, 0.6181600689888, 0.40655195713043213, 0.7838320732116699, 0.06320000439882278]
[0.18677932024002075, -0.17948628962039948, 0.047148846089839935, 1.2788090705871582, 0.16034463047981262, -0.22685061395168304] [0.3927459716796875, -0.5522819757461548, 0.6196940541267395, 0.39121198654174805, 0.7838320732116699, 0.06320000439882278]
[0.18681378662586212, -0.17933674156665802, 0.04723277688026428, 1.2790268659591675, 0.15961581468582153, -0.22548334300518036] [0.3927459716796875, -0.5492140054702759, 0.6273640394210815, 0.3927459716796875, 0.7945700883865356, 0.06320000439882278]
[0.18718144297599792, -0.17877182364463806, 0.047880228608846664, 1.3022825717926025, 0.1555420160293579, -0.22309832274913788] [0.3927459716796875, -0.5507479906082153, 0.6304320693016052, 0.39427995681762695, 0.799172043800354, 0.06320000439882278]
[0.18735425174236298, -0.17834118008613586, 0.048064373433589935, 1.3105798959732056, 0.15441188216209412, -0.2205236405134201] [0.39427995681762695, -0.5476799607276917, 0.6319660544395447, 0.3958139717578888, 0.8160460591316223, 0.06320000439882278]
[0.18772433698177338, -0.17742328345775604, 0.048715438693761826, 1.3913830518722534, 0.15541695058345795, -0.216206893324852] [0.39427995681762695, -0.5446119904518127, 0.6304320693016052, 0.3958139717578888, 0.8820080757141113, 0.06280000507831573]
[0.1878269612789154, -0.17709462344646454, 0.048594508320093155, 1.3905956745147705, 0.15605932474136353, -0.21440844237804413] [0.39427995681762695, -0.5446119904518127, 0.6304320693016052, 0.3958139717578888, 0.8820080757141113, 0.06280000507831573]
[0.18785807490348816, -0.1769454926252365, 0.04868068918585777, 1.390805959701538, 0.1553121954202652, -0.21305224299430847] [0.39427995681762695, -0.5446119904518127, 0.6304320693016052, 0.39734798669815063, 0.8820080757141113, 0.06280000507831573]
[0.18780024349689484, -0.17676369845867157, 0.048404086381196976, 1.389320969581604, 0.15658509731292725, -0.21145343780517578] [0.3958139717578888, -0.5430779457092285, 0.628898024559021, 0.40041595697402954, 0.8820080757141113, 0.06280000507831573]
[0.18789345026016235, -0.17602138221263885, 0.047820720821619034, 1.3900647163391113, 0.15908709168434143, -0.20718374848365784] [0.3988819718360901, -0.5384759902954102, 0.628898024559021, 0.4050179719924927, 0.8820080757141113, 0.06280000507831573]
[0.18801051378250122, -0.17409464716911316, 0.04746432229876518, 1.3864421844482422, 0.15840807557106018, -0.1910407394170761] [0.4034839868545532, -0.5384759902954102, 0.6196940541267395, 0.4157559871673584, 0.8820080757141113, 0.06240000203251839]
[0.18822935223579407, -0.17328305542469025, 0.04730456322431564, 1.3851455450057983, 0.15898039937019348, -0.18606241047382355] [0.4050179719924927, -0.533873975276947, 0.6196940541267395, 0.42035797238349915, 0.8835420608520508, 0.06280000507831573]
[0.18913689255714417, -0.17029979825019836, 0.04678594693541527, 1.390715479850769, 0.15996453166007996, -0.16983506083488464] [0.4050179719924927, -0.5123980045318604, 0.6196940541267395, 0.421891987323761, 0.8835420608520508, 0.06280000507831573]
[0.1899026483297348, -0.1676034778356552, 0.04632463678717613, 1.3957394361495972, 0.16076090931892395, -0.15511596202850342] [0.40808597207069397, -0.5047279596328735, 0.6196940541267395, 0.42649397253990173, 0.8820080757141113, 0.06280000507831573]
[0.19033865630626678, -0.1657629758119583, 0.045939113944768906, 1.3991727828979492, 0.16177161037921906, -0.14460091292858124] [0.40808597207069397, -0.5016599893569946, 0.6196940541267395, 0.42649397253990173, 0.8820080757141113, 0.06280000507831573]
[0.19045482575893402, -0.16531173884868622, 0.04598528519272804, 1.4000006914138794, 0.1611015498638153, -0.14174291491508484] [0.40808597207069397, -0.5001260042190552, 0.6196940541267395, 0.42649397253990173, 0.8820080757141113, 0.06280000507831573]
[0.19045141339302063, -0.16531451046466827, 0.045966919511556625, 1.39846670627594, 0.1611015498638153, -0.14174291491508484] [0.40808597207069397, -0.5001260042190552, 0.6181600689888, 0.429561972618103, 0.8820080757141113, 0.06280000507831573]
[0.19059090316295624, -0.16426250338554382, 0.04657914489507675, 1.3999580144882202, 0.15579208731651306, -0.1322910338640213] [0.4096199870109558, -0.5001260042190552, 0.6181600689888, 0.44950395822525024, 0.8820080757141113, 0.06280000507831573]
[0.19051703810691833, -0.15764044225215912, 0.04710256680846214, 1.4075374603271484, 0.1405947506427765, -0.07575269788503647] [0.4249599575996399, -0.4970579743385315, 0.6181600689888, 0.5093299746513367, 0.8820080757141113, 0.06280000507831573]
[0.1902662217617035, -0.15628494322299957, 0.046733248978853226, 1.4087903499603271, 0.13978230953216553, -0.06375609338283539] [0.4326299726963043, -0.4970579743385315, 0.6181600689888, 0.533873975276947, 0.8820080757141113, 0.06280000507831573]
[0.1898839920759201, -0.15312041342258453, 0.04687342420220375, 1.4136768579483032, 0.13273237645626068, -0.035739075392484665] [0.4418339729309082, -0.4970579743385315, 0.6181600689888, 0.5568839907646179, 0.8820080757141113, 0.06280000507831573]
[0.18901026248931885, -0.14756236970424652, 0.047288618981838226, 1.4196972846984863, 0.11922328174114227, 0.013510323129594326] [0.45563995838165283, -0.4970579743385315, 0.6150920391082764, 0.6105740070343018, 0.9126880764961243, 0.10440000146627426]
[0.18866066634655, -0.14549611508846283, 0.04763873293995857, 1.4613618850708008, 0.11747662723064423, 0.03128176927566528] [0.4617759585380554, -0.4970579743385315, 0.6074220538139343, 0.6366519927978516, 0.9356980323791504, 0.06400000303983688]
[0.18808628618717194, -0.1428869068622589, 0.04760044068098068, 1.4670275449752808, 0.11428002268075943, 0.054459184408187866] [0.4648439884185791, -0.4970579743385315, 0.6058880686759949, 0.6535259485244751, 0.9356980323791504, 0.06400000303983688]
[0.18766406178474426, -0.14118891954421997, 0.04761624336242676, 1.4677971601486206, 0.11112253367900848, 0.06960508972406387] [0.4709799885749817, -0.4970579743385315, 0.6012860536575317, 0.6811379790306091, 0.9356980323791504, 0.06400000303983688]
[0.18693985044956207, -0.13803714513778687, 0.04780641570687294, 1.4640690088272095, 0.10594435781240463, 0.0978739857673645] [0.4740479588508606, -0.49859195947647095, 0.5414600372314453, 0.7455660104751587, 1.0062620639801025, 0.06240000203251839]
[0.18484026193618774, -0.12990649044513702, 0.04778888076543808, 1.4982550144195557, 0.11121085286140442, 0.172529935836792] [0.4740479588508606, -0.49859195947647095, 0.5184500217437744, 0.7777799963951111, 1.0338740348815918, 0.06240000203251839]
[0.18264977633953094, -0.12319517880678177, 0.04793583229184151, 1.5211786031723022, 0.11136004328727722, 0.23441267013549805] [0.4740479588508606, -0.49859195947647095, 0.4770320653915405, 0.8330039978027344, 1.0737581253051758, 0.06240000203251839]
[0.1809815764427185, -0.11850251257419586, 0.0485820397734642, 1.5366590023040771, 0.10834258794784546, 0.27840983867645264] [0.4740479588508606, -0.49859195947647095, 0.45862406492233276, 0.8698199987411499, 1.0952340364456177, 0.06240000203251839]
[0.17935062944889069, -0.11480146646499634, 0.04857490584254265, 1.5458743572235107, 0.10837574303150177, 0.31376907229423523] [0.4740479588508606, -0.49859195947647095, 0.43561404943466187, 0.9020339846611023, 1.104438066482544, 0.06240000203251839]
[0.1772139072418213, -0.11027655750513077, 0.04871494695544243, 1.550156593322754, 0.1076001226902008, 0.35779687762260437] [0.4740479588508606, -0.49859195947647095, 0.41874003410339355, 1.0186179876327515, 1.1535260677337646, 0.06240000203251839]
[0.16955675184726715, -0.09755964577198029, 0.05011645331978798, 1.577349066734314, 0.09893744438886642, 0.48969370126724243] [0.47251397371292114, -0.5016599893569946, 0.3573800325393677, 1.0661720037460327, 1.158128023147583, 0.06240000203251839]
[0.16321855783462524, -0.08897919952869415, 0.05072510614991188, 1.567911982536316, 0.09356144815683365, 0.5837852358818054] [0.47251397371292114, -0.5016599893569946, 0.3251660466194153, 1.1582119464874268, 1.158128023147583, 0.06240000203251839]
[0.16006822884082794, -0.08535304665565491, 0.05097883567214012, 1.570122241973877, 0.09053639322519302, 0.6256582736968994] [0.4740479588508606, -0.5001260042190552, 0.3021560311317444, 1.210368037223816, 1.1796040534973145, 0.06240000203251839]
[0.15616674721240997, -0.08097115904092789, 0.05133529007434845, 1.5878241062164307, 0.08891207724809647, 0.6768848896026611] [0.4740479588508606, -0.5001260042190552, 0.29141804575920105, 1.2425819635391235, 1.1918760538101196, 0.06240000203251839]
[0.15333828330039978, -0.07806938141584396, 0.05127888172864914, 1.6016075611114502, 0.0894850343465805, 0.7118544578552246] [0.4740479588508606, -0.49859195947647095, 0.2791460454463959, 1.2671259641647339, 1.1964781284332275, 0.06240000203251839]
[0.15046003460884094, -0.07540062069892883, 0.051586464047431946, 1.601088523864746, 0.08773799985647202, 0.7467002272605896] [0.47251397371292114, -0.49859195947647095, 0.26534003019332886, 1.2932039499282837, 1.1964781284332275, 0.06240000203251839]
[0.14883700013160706, -0.07376348972320557, 0.051651254296302795, 1.5996822118759155, 0.08764873445034027, 0.767085075378418] [0.4709799885749817, -0.4939899742603302, 0.24233004450798035, 1.3453600406646729, 1.1964781284332275, 0.06240000203251839]
[0.1440558135509491, -0.06892959773540497, 0.051904719322919846, 1.6002752780914307, 0.08456993848085403, 0.826138436794281] [0.4709799885749817, -0.4847859740257263, 0.2346600443124771, 1.3653019666671753, 1.1964781284332275, 0.06240000203251839]
[0.13943785429000854, -0.06309816986322403, 0.052708033472299576, 1.605470895767212, 0.07416623085737228, 0.8884191513061523] [0.46944597363471985, -0.4617759585380554, 0.21778604388237, 1.399049997329712, 1.1964781284332275, 0.06240000203251839]
[0.13721142709255219, -0.05981901288032532, 0.05271041393280029, 1.6094708442687988, 0.07089432328939438, 0.9201427102088928] [0.46944597363471985, -0.4449019730091095, 0.2116500437259674, 1.4159239530563354, 1.1964781284332275, 0.06240000203251839]
[0.13514530658721924, -0.05618871748447418, 0.053004126995801926, 1.6147832870483398, 0.06421683728694916, 0.9519942402839661] [0.467911958694458, -0.4126879572868347, 0.20244604349136353, 1.4205260276794434, 1.1964781284332275, 0.06240000203251839]
[0.13319823145866394, -0.05111712962388992, 0.053073957562446594, 1.6211483478546143, 0.057818204164505005, 0.9890863299369812] [0.46637797355651855, -0.3866099715232849, 0.19631004333496094, 1.4205260276794434, 1.1964781284332275, 0.06240000203251839]
[0.12998372316360474, -0.042625200003385544, 0.05338193476200104, 1.6324127912521362, 0.045105524361133575, 1.0482349395751953] [0.4648439884185791, -0.3267839550971985, 0.18250404298305511, 1.4205260276794434, 1.1964781284332275, 0.06240000203251839]
[0.12811362743377686, -0.03811965137720108, 0.05381714180111885, 1.6357240676879883, 0.03785870969295502, 1.0804271697998047] [0.4648439884185791, -0.29610395431518555, 0.17790204286575317, 1.4205260276794434, 1.1964781284332275, 0.06240000203251839]
[0.12663458287715912, -0.0349544920027256, 0.053974002599716187, 1.6398464441299438, 0.03284706547856331, 1.1031239032745361] [0.46330997347831726, -0.2746279835700989, 0.1686980426311493, 1.4205260276794434, 1.1964781284332275, 0.06240000203251839]
[0.12356947362422943, -0.030895380303263664, 0.053887128829956055, 1.6369909048080444, 0.033648647367954254, 1.143239140510559] [0.4571739733219147, -0.25928795337677, 0.15489204227924347, 1.434332013130188, 1.1964781284332275, 0.06240000203251839]
[0.12309624254703522, -0.03124081715941429, 0.05412546917796135, 1.636379361152649, 0.032229945063591, 1.1460247039794922] [0.4571739733219147, -0.26695796847343445, 0.15489204227924347, 1.4481379985809326, 1.1949440240859985, 0.06240000203251839]
[0.12246017158031464, -0.032212935388088226, 0.054231155663728714, 1.633082389831543, 0.032711733132600784, 1.1480872631072998] [0.4571739733219147, -0.28689998388290405, 0.15335804224014282, 1.4680800437927246, 1.1949440240859985, 0.06240000203251839]
[0.12222687155008316, -0.037343285977840424, 0.05457095801830292, 1.6239272356033325, 0.03823034092783928, 1.1328997611999512] [0.4541059732437134, -0.3313859701156616, 0.15182404220104218, 1.4818860292434692, 1.1949440240859985, 0.06240000203251839]
[0.12354618310928345, -0.04121585562825203, 0.05395381152629852, 1.6166895627975464, 0.04982507601380348, 1.1084482669830322] [0.4541059732437134, -0.355929970741272, 0.15182404220104218, 1.488021969795227, 1.1949440240859985, 0.06240000203251839]
[0.12358109652996063, -0.04396135360002518, 0.05393225699663162, 1.6124120950698853, 0.05443462356925011, 1.0973609685897827] [0.4541059732437134, -0.39427995681762695, 0.15335804224014282, 1.5140999555587769, 1.1949440240859985, 0.06240000203251839]
[0.12314169108867645, -0.05303318053483963, 0.0541081428527832, 1.5976736545562744, 0.06934249401092529, 1.0613212585449219] [0.4541059732437134, -0.467911958694458, 0.15182404220104218, 1.5447800159454346, 1.1949440240859985, 0.06240000203251839]
[0.12359117716550827, -0.05618317052721977, 0.053880561143159866, 1.5923911333084106, 0.07695107907056808, 1.0429860353469849] [0.4541059732437134, -0.49552398920059204, 0.15182404220104218, 1.5631879568099976, 1.1949440240859985, 0.06240000203251839]
[0.12453094869852066, -0.0596209391951561, 0.05342183634638786, 1.5864924192428589, 0.08676386624574661, 1.0190682411193848] [0.4541059732437134, -0.8115279674530029, 0.1625620424747467, 1.5677900314331055, 1.193410038948059, 0.06240000203251839]
[0.12973549962043762, -0.10443823039531708, 0.05221540108323097, 1.4906377792358398, 0.18575243651866913, 0.707074761390686] [0.4541059732437134, -0.8498779535293579, 0.1625620424747467, 1.5631879568099976, 1.1918760538101196, 0.06240000203251839]
[0.12948326766490936, -0.10886874049901962, 0.05231921747326851, 1.4780197143554688, 0.19476400315761566, 0.6760289072990417] [0.4541059732437134, -0.8866939544677734, 0.1625620424747467, 1.5601199865341187, 1.1872740983963013, 0.06240000203251839]
[0.12916116416454315, -0.11266613751649857, 0.05241861194372177, 1.463678002357483, 0.20221556723117828, 0.6492943167686462] [0.4541059732437134, -0.9143059849739075, 0.1625620424747467, 1.546314001083374, 1.1857401132583618, 0.06240000203251839]
[0.12856343388557434, -0.1179099902510643, 0.05269111692905426, 1.448261022567749, 0.21213477849960327, 0.6119744777679443] [0.4541059732437134, -0.9480539560317993, 0.1625620424747467, 1.5432460308074951, 1.1842060089111328, 0.06240000203251839]
[0.12807078659534454, -0.12201300263404846, 0.05285673961043358, 1.4310098886489868, 0.21967069804668427, 0.5821060538291931] [0.45563995838165283, -0.9802680015563965, 0.1625620424747467, 1.5401780605316162, 1.1704000234603882, 0.06240000203251839]
[0.1275995522737503, -0.12607979774475098, 0.05289973318576813, 1.4045175313949585, 0.2269229143857956, 0.5519205927848816] [0.45563995838165283, -1.001744031906128, 0.16409604251384735, 1.5401780605316162, 1.1519920825958252, 0.06240000203251839]
[0.1272869110107422, -0.1285029947757721, 0.052578698843717575, 1.3787660598754883, 0.2324395775794983, 0.5339139699935913] [0.45563995838165283, -1.0155500173568726, 0.1625620424747467, 1.5325080156326294, 1.124380111694336, 0.06240000203251839]
[0.1273670196533203, -0.1309623122215271, 0.05226624011993408, 1.3491638898849487, 0.23689870536327362, 0.5140997767448425] [0.45563995838165283, -1.0278220176696777, 0.1625620424747467, 1.5156340599060059, 1.0967680215835571, 0.06240000203251839]
[0.12865327298641205, -0.13406604528427124, 0.05144199728965759, 1.3077446222305298, 0.24182754755020142, 0.4845500886440277] [0.45563995838165283, -1.0278220176696777, 0.16409604251384735, 1.492624044418335, 1.0783600807189941, 0.06280000507831573]
[0.12990188598632812, -0.1363307535648346, 0.05072801187634468, 1.2929391860961914, 0.24679039418697357, 0.46139392256736755] [0.45563995838165283, -1.0278220176696777, 0.16409604251384735, 1.4742159843444824, 1.0768260955810547, 0.06320000439882278]
[0.1308439075946808, -0.13778263330459595, 0.05022875592112541, 1.2863132953643799, 0.2500583529472351, 0.44590944051742554] [0.45563995838165283, -1.0278220176696777, 0.165630042552948, 1.452739953994751, 1.0752921104431152, 0.06280000507831573]
[0.1316540390253067, -0.13965830206871033, 0.0498434454202652, 1.2829660177230835, 0.25383806228637695, 0.4273281693458557] [0.45563995838165283, -1.0278220176696777, 0.165630042552948, 1.437399983406067, 1.0752921104431152, 0.06320000439882278]
[0.13270030915737152, -0.1416609138250351, 0.049509063363075256, 1.277995228767395, 0.2563822865486145, 0.4068271517753601] [0.45563995838165283, -1.0278220176696777, 0.165630042552948, 1.418992042541504, 1.0768260955810547, 0.06280000507831573]
[0.13386361300945282, -0.14452409744262695, 0.04888736084103584, 1.2690385580062866, 0.26175692677497864, 0.3788302540779114] [0.45563995838165283, -1.0293560028076172, 0.165630042552948, 1.392914056777954, 1.0752921104431152, 0.06280000507831573]
[0.13462099432945251, -0.14625048637390137, 0.048487186431884766, 1.264572024345398, 0.2649689018726349, 0.3616732358932495] [0.45563995838165283, -1.0293560028076172, 0.165630042552948, 1.372972011566162, 1.0752921104431152, 0.06320000439882278]
[0.13521963357925415, -0.14767338335514069, 0.04816564917564392, 1.2608726024627686, 0.26754143834114075, 0.3476136028766632] [0.45563995838165283, -1.0293560028076172, 0.165630042552948, 1.3545639514923096, 1.0752921104431152, 0.06320000439882278]
[0.13576310873031616, -0.15063443779945374, 0.04785160720348358, 1.2528021335601807, 0.2720281481742859, 0.321047842502594] [0.45563995838165283, -1.040094017982483, 0.165630042552948, 1.3484280109405518, 1.0752921104431152, 0.06320000439882278]
[0.13529229164123535, -0.15273098647594452, 0.04807424545288086, 1.2466206550598145, 0.2742246091365814, 0.305450975894928] [0.45563995838165283, -1.052366018295288, 0.165630042552948, 1.3484280109405518, 1.0752921104431152, 0.06320000439882278]
[0.13452214002609253, -0.15471845865249634, 0.04820637404918671, 1.241045355796814, 0.2774801552295685, 0.29153957962989807] [0.4571739733219147, -1.0692399740219116, 0.165630042552948, 1.3484280109405518, 1.0752921104431152, 0.06280000507831573]
[0.13342829048633575, -0.15811625123023987, 0.04849265515804291, 1.2311186790466309, 0.2820614278316498, 0.2666243612766266] [0.4587079882621765, -1.0876480340957642, 0.165630042552948, 1.337689995765686, 1.0752921104431152, 0.06280000507831573]
[0.1332206130027771, -0.1611277014017105, 0.04831201955676079, 1.22272789478302, 0.2868286669254303, 0.24154601991176605] [0.4587079882621765, -1.093783974647522, 0.165630042552948, 1.3284859657287598, 1.0752921104431152, 0.06280000507831573]
[0.13331951200962067, -0.16145874559879303, 0.0482536144554615, 1.2218319177627563, 0.2872779965400696, 0.23838166892528534] [0.46024197340011597, -1.093783974647522, 0.165630042552948, 1.3284859657287598, 1.0752921104431152, 0.06320000439882278]
[0.13325852155685425, -0.16144976019859314, 0.04809139668941498, 1.221528172492981, 0.2887512743473053, 0.2386082261800766] [0.46024197340011597, -1.093783974647522, 0.165630042552948, 1.3284859657287598, 1.0752921104431152, 0.06280000507831573]
[0.13331951200962067, -0.16145874559879303, 0.0482536144554615, 1.2218319177627563, 0.2872779965400696, 0.23838166892528534] [0.46024197340011597, -1.093783974647522, 0.165630042552948, 1.3284859657287598, 1.0752921104431152, 0.06320000439882278]
[0.13331951200962067, -0.16145874559879303, 0.0482536144554615, 1.2218319177627563, 0.2872779965400696, 0.23838166892528534] [0.46024197340011597, -1.093783974647522, 0.165630042552948, 1.3284859657287598, 1.0752921104431152, 0.06280000507831573]
[0.13331951200962067, -0.16145874559879303, 0.0482536144554615, 1.2218319177627563, 0.2872779965400696, 0.23838166892528534] [0.46024197340011597, -1.093783974647522, 0.165630042552948, 1.3284859657287598, 1.0752921104431152, 0.06280000507831573]
[0.13332287967205048, -0.1614512950181961, 0.04827063903212547, 1.2233659029006958, 0.2872779965400696, 0.23838166892528534] [0.46024197340011597, -1.093783974647522, 0.165630042552948, 1.3284859657287598, 1.0768260955810547, 0.06320000439882278]
[0.13332287967205048, -0.1614512950181961, 0.04827063903212547, 1.2233659029006958, 0.2872779965400696, 0.23838166892528534] [0.46024197340011597, -1.093783974647522, 0.165630042552948, 1.3284859657287598, 1.0752921104431152, 0.06280000507831573]
[0.13331951200962067, -0.16145874559879303, 0.0482536144554615, 1.2218319177627563, 0.2872779965400696, 0.23838166892528534] [0.46024197340011597, -1.093783974647522, 0.17023204267024994, 1.3284859657287598, 1.0752921104431152, 0.06280000507831573]
[0.13368403911590576, -0.16150787472724915, 0.049245595932006836, 1.2251927852630615, 0.27843984961509705, 0.23701459169387817] [0.46024197340011597, -1.093783974647522, 0.17790204286575317, 1.3284859657287598, 1.0768260955810547, 0.06320000439882278]
[0.13378430902957916, -0.1615377962589264, 0.049528807401657104, 1.2264825105667114, 0.27551302313804626, 0.23642735183238983] [0.4617759585380554, -1.093783974647522, 0.18097004294395447, 1.3284859657287598, 1.0768260955810547, 0.06280000507831573]
[0.1338433027267456, -0.16154801845550537, 0.04969169944524765, 1.2267879247665405, 0.2740405201911926, 0.23619642853736877] [0.4617759585380554, -1.093783974647522, 0.18250404298305511, 1.3284859657287598, 1.0798940658569336, 0.06320000439882278]
[0.1338345855474472, -0.1615365594625473, 0.04970071092247963, 1.2320680618286133, 0.274059534072876, 0.23606568574905396] [0.46330997347831726, -1.0922499895095825, 0.18403804302215576, 1.3284859657287598, 1.081428050994873, 0.06280000507831573]
[0.1341031938791275, -0.16150161623954773, 0.049978870898485184, 1.2307356595993042, 0.2711664140224457, 0.23571735620498657] [0.46330997347831726, -1.0922499895095825, 0.1855720430612564, 1.3284859657287598, 1.0798940658569336, 0.06280000507831573]
[0.13403888046741486, -0.16133952140808105, 0.04998323321342468, 1.2333707809448242, 0.2709544897079468, 0.23715807497501373] [0.46330997347831726, -1.0922499895095825, 0.18710604310035706, 1.3269519805908203, 1.081428050994873, 0.06280000507831573]
>>>>>>> 1df7fb98394972219edca5701aa12beb901575fb
