[0.046690214425325394, -0.2358051836490631, 0.3119027316570282, 2.924856662750244, 0.2819365859031677, -0.630232572555542] [0.28996795415878296, -0.6044379472732544, 1.3161300420761108, 0.03378996253013611, 1.857632040977478, 0.9971999526023865, -1.3023240566253662, -1.2978060245513916]
[0.04774525761604309, -0.23571303486824036, 0.3105734884738922, 2.9222848415374756, 0.2872924208641052, -0.6294446587562561] [0.28996795415878296, -0.6029039621353149, 1.3161300420761108, 0.03378996253013611, 1.857632040977478, 0.09040000289678574, -1.3084601163864136, -1.2932039499282837]
[0.04786555841565132, -0.23562195897102356, 0.3103824257850647, 2.9143736362457275, 0.2882104516029358, -0.6294093132019043] [0.28996795415878296, -0.6013699769973755, 1.3007900714874268, 0.035323962569236755, 1.857632040977478, 0.09040000289678574, -1.309994101524353, -1.2916699647903442]
[0.04862227663397789, -0.23489950597286224, 0.3113924562931061, 2.8956847190856934, 0.2816837430000305, -0.6242807507514954] [0.28383195400238037, -0.6013699769973755, 1.271644115447998, 0.03839196264743805, 1.8499621152877808, 0.09040000289678574, -1.3023240566253662, -1.279397964477539]
[0.04946344345808029, -0.23390032351016998, 0.31440722942352295, 2.863950490951538, 0.26585957407951355, -0.6170812249183655] [0.2684919834136963, -0.6013699769973755, 1.221022129058838, 0.05219796299934387, 1.8484281301498413, 0.09040000289678574, -1.2839161157608032, -1.2548539638519287]
[0.04941513016819954, -0.23181988298892975, 0.3201502859592438, 2.819528102874756, 0.22816604375839233, -0.5964273810386658] [0.2684919834136963, -0.599835991859436, 1.1611961126327515, 0.08747996389865875, 1.8468940258026123, 0.09040000289678574, -1.2639740705490112, -1.2272419929504395]
[0.05004020780324936, -0.22759979963302612, 0.3292306363582611, 2.777742385864258, 0.1659775972366333, -0.5559726357460022] [0.2623559832572937, -0.599835991859436, 1.0538160800933838, 0.2454819679260254, 1.8468940258026123, 0.09040000289678574, -1.2424980401992798, -1.2042319774627686]
[0.05475586652755737, -0.20702125132083893, 0.3483935296535492, 2.5997142791748047, 0.013741171918809414, -0.3828972578048706] [0.25928795337677, -0.6013699769973755, 0.8451920747756958, 0.429561972618103, 1.8468940258026123, 0.09040000289678574, -1.221022129058838, -1.1781539916992188]
[0.05498051270842552, -0.18614822626113892, 0.36139044165611267, 2.4656496047973633, -0.08405890315771103, -0.21160627901554108] [0.24701596796512604, -0.5983020067214966, 0.7209380865097046, 0.5768259763717651, 1.8468940258026123, 0.09040000289678574, -1.2102841138839722, -1.1597459316253662]
[0.050939857959747314, -0.16652949154376984, 0.3744156062602997, 2.3773229122161865, -0.17704719305038452, -0.047686513513326645] [0.23167596757411957, -0.5983020067214966, 0.6718500852584839, 0.7133519649505615, 1.8468940258026123, 0.09040000289678574, -1.1949440240859985, -1.1428719758987427]
[0.04561637341976166, -0.1556074172258377, 0.38427066802978516, 2.343050003051758, -0.2466086745262146, 0.045977845788002014] [0.21480196714401245, -0.5921659469604492, 0.6580440402030945, 0.7655079960823059, 1.8453600406646729, 0.09040000289678574, -1.1765360832214355, -1.1213959455490112]
[0.04151501506567001, -0.14876148104667664, 0.393455445766449, 2.3333189487457275, -0.3026074767112732, 0.09387851506471634] [0.1841219663619995, -0.5584179759025574, 0.6503740549087524, 0.7992559671401978, 1.8453600406646729, 0.09040000289678574, -1.1535260677337646, -1.0983860492706299]
[0.037737008184194565, -0.13824665546417236, 0.40146103501319885, 2.3145272731781006, -0.3503228425979614, 0.16310080885887146] [0.1580439656972885, -0.5154659748077393, 0.6258300542831421, 0.8176639676094055, 1.8468940258026123, 0.09040000289678574, -1.1335840225219727, -1.078444004058838]
[0.03401072323322296, -0.12206576019525528, 0.4080839157104492, 2.2763514518737793, -0.3846086263656616, 0.2658485472202301] [0.13196596503257751, -0.4249599575996399, 0.5997520685195923, 0.8268679976463318, 1.8453600406646729, 0.09040000289678574, -1.1121081113815308, -1.0569679737091064]
[0.029186584055423737, -0.09526580572128296, 0.4162733554840088, 2.222931385040283, -0.417494535446167, 0.4226779341697693] [0.0890139639377594, -0.28689998388290405, 0.5460620522499084, 0.8268679976463318, 1.8453600406646729, 0.09040000289678574, -1.0921660661697388, -1.035491943359375]
[0.020413516089320183, -0.06708270311355591, 0.42308348417282104, 2.1401610374450684, -0.4314434230327606, 0.5914214253425598] [0.046061962842941284, -0.15037396550178528, 0.4923720359802246, 0.8222659826278687, 1.8453600406646729, 0.09040000289678574, -1.0768260955810547, -1.0232199430465698]
[0.012795067392289639, -0.04847181215882301, 0.42184653878211975, 2.033815383911133, -0.3917624354362488, 0.7054558396339417] [0.024585962295532227, -0.09821796417236328, 0.34971004724502563, 0.8284019827842712, 1.8438260555267334, 0.09040000289678574, -1.06302011013031, -1.0109479427337646]
[0.008675716817378998, -0.03683336824178696, 0.4076162874698639, 1.834859013557434, -0.2470843344926834, 0.773332417011261] [0.006177961826324463, -0.08134396374225616, 0.15029004216194153, 0.8667519688606262, 1.8453600406646729, 0.09040000289678574, -1.0446120500564575, -0.9925400018692017]
[0.0002785276446957141, -0.02796958200633526, 0.40473341941833496, 1.7782788276672363, -0.2162417769432068, 0.8428241610527039] [0.00771196186542511, -0.04452796280384064, 0.12881404161453247, 0.8774899840354919, 1.8453600406646729, 0.09040000289678574, -1.023136019706726, -0.9695299863815308]
[-0.00523997750133276, -0.023252690210938454, 0.4053991138935089, 1.7559603452682495, -0.21479058265686035, 0.874333918094635] [0.009245961904525757, -0.015381962060928345, 0.09966804087162018, 0.8866939544677734, 1.8453600406646729, 0.09040000289678574, -1.0001261234283447, -0.9465199708938599]
[-0.011577913537621498, -0.01814994215965271, 0.40148717164993286, 1.7193962335586548, -0.1834261268377304, 0.9083156585693359] [0.021517962217330933, 0.00762803852558136, 0.06285203993320465, 0.8974319696426392, 1.8468940258026123, 0.09040000289678574, -0.9786500930786133, -0.9265779852867126]
[-0.01800481416285038, -0.014436749741435051, 0.3998483419418335, 1.6740429401397705, -0.16165469586849213, 0.934945821762085] [0.021517962217330933, 0.019900038838386536, 0.02296803891658783, 0.9143059849739075, 1.8468940258026123, 0.09040000289678574, -0.9587080478668213, -0.9112379550933838]
[-0.02411757968366146, -0.011817455291748047, 0.3971145749092102, 1.6396691799163818, -0.13718660175800323, 0.9640552997589111] [0.029187962412834167, 0.019900038838386536, -0.03378996253013611, 0.9526559710502625, 1.8468940258026123, 0.09040000289678574, -0.9449020624160767, -0.8958979845046997]
[-0.030678246170282364, -0.009682846255600452, 0.38419994711875916, 1.5521361827850342, -0.02811570279300213, 1.0008471012115479] [0.03225596249103546, 0.013764038681983948, -0.17645196616649628, 1.0477639436721802, 1.8468940258026123, 0.09040000289678574, -0.9264940619468689, -0.8790239691734314]
[-0.03769340738654137, -0.008535467088222504, 0.37559428811073303, 1.506561040878296, 0.04271635785698891, 1.0353984832763672] [0.03839196264743805, 0.0122300386428833, -0.19792796671390533, 1.0569679737091064, 1.8514961004257202, 0.09040000289678574, -0.9096200466156006, -0.8621499538421631]
[-0.04103755205869675, -0.008756405673921108, 0.3767189383506775, 1.494977593421936, 0.035483475774526596, 1.034967303276062] [0.04299396276473999, 0.009162038564682007, -0.19792796671390533, 1.0569679737091064, 1.8514961004257202, 0.09040000289678574, -0.892746090888977, -0.846809983253479]
[-0.043466418981552124, -0.00957250315696001, 0.37634965777397156, 1.493363380432129, 0.032356053590774536, 1.0290621519088745] [0.05833396315574646, 0.006094038486480713, -0.19792796671390533, 1.0569679737091064, 1.8514961004257202, 0.09040000289678574, -0.8820080757141113, -0.8376059532165527]
[-0.045855917036533356, -0.009676598012447357, 0.37621209025382996, 1.4901286363601685, 0.030019450932741165, 1.0289719104766846] [0.06446996331214905, 0.006094038486480713, -0.19792796671390533, 1.0569679737091064, 1.8514961004257202, 0.09040000289678574, -0.8758720755577087, -0.8330039978027344]
[-0.04782881960272789, -0.009650190360844135, 0.3767721652984619, 1.4835292100906372, 0.026385309174656868, 1.0302199125289917] [0.0660039633512497, 0.006094038486480713, -0.1963939666748047, 1.055433988571167, 1.8514961004257202, 0.09040000289678574, -0.8728040456771851, -0.8299359679222107]
[-0.04890909418463707, -0.009744711220264435, 0.3782370388507843, 1.483608365058899, 0.01530973706394434, 1.0298733711242676] [0.0660039633512497, 0.003026038408279419, -0.1841219663619995, 1.055433988571167, 1.8514961004257202, 0.09040000289678574, -0.8712700605392456, -0.8299359679222107]
[-0.049694012850522995, -0.009860094636678696, 0.3797368109226227, 1.487693190574646, 0.003276124829426408, 1.0319174528121948] [0.0660039633512497, 0.004560038447380066, -0.17645196616649628, 1.055433988571167, 1.8514961004257202, 0.09040000289678574, -0.8712700605392456, -0.8299359679222107]
[-0.049612537026405334, -0.009790870361030102, 0.378476619720459, 1.4946467876434326, 0.007746262010186911, 1.0319406986236572] [0.08441196382045746, 0.004560038447380066, -0.17645196616649628, 1.055433988571167, 1.8514961004257202, 0.09040000289678574, -0.8712700605392456, -0.8299359679222107]
[-0.04940177500247955, -0.00973390694707632, 0.3764578402042389, 1.5058529376983643, 0.0147117730230093, 1.0320626497268677] [0.0890139639377594, 0.003026038408279419, -0.17645196616649628, 1.055433988571167, 1.8514961004257202, 0.09040000289678574, -0.8712700605392456, -0.8299359679222107]
[-0.04950474575161934, -0.009716881439089775, 0.3764830529689789, 1.5050026178359985, 0.014081493951380253, 1.0305668115615845] [0.0890139639377594, -4.1961669921875e-05, -0.17645196616649628, 1.0539000034332275, 1.8514961004257202, 0.09040000289678574, -0.8728040456771851, -0.8330039978027344]
[-0.04816410690546036, -0.011221468448638916, 0.3763667047023773, 1.5055549144744873, 0.015043237246572971, 1.0178812742233276] [0.0890139639377594, -0.009245961904525757, -0.17951996624469757, 1.0508320331573486, 1.8514961004257202, 0.09040000289678574, -0.8743380308151245, -0.8360719680786133]
[-0.04722652956843376, -0.011393377557396889, 0.3762805163860321, 1.5059970617294312, 0.016277702525258064, 1.011617660522461] [0.0890139639377594, -0.009245961904525757, -0.18105396628379822, 1.0431619882583618, 1.8514961004257202, 0.09040000289678574, -0.8774060606956482, -0.839139997959137]
[-0.04591143876314163, -0.01172361709177494, 0.37649470567703247, 1.5073230266571045, 0.01474436093121767, 1.0028698444366455] [0.0890139639377594, -0.009245961904525757, -0.18105396628379822, 1.0370259284973145, 1.8514961004257202, 0.09040000289678574, -0.8789400458335876, -0.8437420129776001]
[-0.04477791115641594, -0.011927373707294464, 0.37589219212532043, 1.5110629796981812, 0.01847444288432598, 0.9995809197425842] [0.0890139639377594, -0.010779961943626404, -0.18105396628379822, 1.035491943359375, 1.8499621152877808, 0.09040000289678574, -0.8881440758705139, -0.8514119982719421]
[-0.04327010363340378, -0.012142502702772617, 0.3759118914604187, 1.5154125690460205, 0.018105817958712578, 0.9956613779067993] [0.08747996389865875, -0.009245961904525757, -0.18105396628379822, 1.032423973083496, 1.8499621152877808, 0.09040000289678574, -0.8942800760269165, -0.8606159687042236]
[-0.04191862419247627, -0.012081931345164776, 0.37591588497161865, 1.5176764726638794, 0.019801920279860497, 0.995698094367981] [0.08441196382045746, -0.010779961943626404, -0.18105396628379822, 1.0308899879455566, 1.8499621152877808, 0.09040000289678574, -0.9065520763397217, -0.8728879690170288]
[-0.039608340710401535, -0.012442237697541714, 0.3760012686252594, 1.5212514400482178, 0.020899953320622444, 0.991353452205658] [0.07827596366405487, -0.01231396198272705, -0.18105396628379822, 1.0278220176696777, 1.8499621152877808, 0.09040000289678574, -0.9188240766525269, -0.885159969329834]
[-0.03732916712760925, -0.012474537827074528, 0.37540361285209656, 1.528064250946045, 0.024965796619653702, 0.9901031255722046] [0.07674196362495422, -0.01231396198272705, -0.18105396628379822, 1.0278220176696777, 1.8499621152877808, 0.09040000289678574, -0.9280280470848083, -0.8943639993667603]
[-0.034858666360378265, -0.012810961343348026, 0.37479251623153687, 1.5354485511779785, 0.0288223996758461, 0.9858412146568298] [0.07520796358585358, -0.013847962021827698, -0.18105396628379822, 1.0186179876327515, 1.8499621152877808, 0.09040000289678574, -0.9372320771217346, -0.9020339846611023]
[-0.032628241926431656, -0.013197986409068108, 0.3743179142475128, 1.541292667388916, 0.030863407999277115, 0.9801048040390015] [0.07213996350765228, -0.013847962021827698, -0.18105396628379822, 1.0186179876327515, 1.8499621152877808, 0.09040000289678574, -0.9479700326919556, -0.9143059849739075]
[-0.03078909032046795, -0.013449033722281456, 0.37453362345695496, 1.5430957078933716, 0.03162563592195511, 0.9786648750305176] [0.061401963233947754, -0.015381962060928345, -0.18105396628379822, 1.017084002494812, 1.8484281301498413, 0.09040000289678574, -0.961776077747345, -0.9265779852867126]
[-0.02879040502011776, -0.013210685923695564, 0.37499716877937317, 1.5436043739318848, 0.03252186253666878, 0.9801150560379028] [0.04912996292114258, -0.01691596210002899, -0.18105396628379822, 1.014016032218933, 1.8468940258026123, 0.09040000289678574, -0.977116048336029, -0.943452000617981]
[-0.024045607075095177, -0.014279987663030624, 0.37606146931648254, 1.5432989597320557, 0.030565109103918076, 0.9649252891540527] [0.035323962569236755, -0.01691596210002899, -0.18258796632289886, 1.0032780170440674, 1.8453600406646729, 0.09040000289678574, -0.9955240488052368, -0.958791971206665]
[-0.020321782678365707, -0.014922789297997952, 0.37583914399147034, 1.5509045124053955, 0.03079863078892231, 0.9552226662635803] [0.029187962412834167, -0.01691596210002899, -0.18105396628379822, 0.989471971988678, 1.8453600406646729, 0.09040000289678574, -1.0123980045318604, -0.9771999716758728]
[-0.015989333391189575, -0.01561823207885027, 0.37623903155326843, 1.552412509918213, 0.03074517659842968, 0.9416016340255737] [0.015381962060928345, -0.01691596210002899, -0.18105396628379822, 0.978734016418457, 1.8438260555267334, 0.09040000289678574, -1.0338740348815918, -0.99714195728302]
[-0.011769158765673637, -0.016071869060397148, 0.3765285909175873, 1.555432677268982, 0.031117422506213188, 0.932773232460022] [4.1961669921875e-05, -0.01691596210002899, -0.18258796632289886, 0.9710639715194702, 1.8438260555267334, 0.09040000289678574, -1.0507481098175049, -1.014016032218933]
[-0.0061125620268285275, -0.01650450937449932, 0.37579038739204407, 1.561991810798645, 0.03754596784710884, 0.9204079508781433] [-0.0122300386428833, -0.01691596210002899, -0.18258796632289886, 0.958791971206665, 1.8438260555267334, 0.09040000289678574, -1.0676220655441284, -1.0339579582214355]
[-0.0014508302556350827, -0.016729295253753662, 0.3753177225589752, 1.566594123840332, 0.04212692007422447, 0.9124597907066345] [-0.02757003903388977, -0.01844996213912964, -0.18258796632289886, 0.9572579860687256, 1.8438260555267334, 0.09040000289678574, -1.0890980958938599, -1.052366018295288]
[0.002661053091287613, -0.01705777272582054, 0.3755113184452057, 1.5667380094528198, 0.04430142417550087, 0.9098272919654846] [-0.050580039620399475, -0.01844996213912964, -0.1841219663619995, 0.9572579860687256, 1.842292070388794, 0.09040000289678574, -1.1167100667953491, -1.078444004058838]
[0.006889862474054098, -0.0171704962849617, 0.3757968842983246, 1.567897081375122, 0.044989366084337234, 0.9096670746803284] [-0.06898804008960724, -0.01844996213912964, -0.1841219663619995, 0.9526559710502625, 1.8407580852508545, 0.09040000289678574, -1.13972008228302, -1.1029880046844482]
[0.012299159541726112, -0.017503606155514717, 0.37624606490135193, 1.5685677528381348, 0.04369976744055748, 0.8992784023284912] [-0.09353204071521759, -0.01691596210002899, -0.1841219663619995, 0.9296460151672363, 1.8376901149749756, 0.09040000289678574, -1.1657980680465698, -1.132133960723877]
[0.02000923827290535, -0.018993685021996498, 0.3765013515949249, 1.5716843605041504, 0.04040979966521263, 0.8786584138870239] [-0.11500804126262665, -0.01691596210002899, -0.1841219663619995, 0.923509955406189, 1.8361561298370361, 0.09040000289678574, -1.1903420686721802, -1.1582119464874268]
[0.02483380399644375, -0.019384317100048065, 0.3760831654071808, 1.5738712549209595, 0.042392075061798096, 0.8770350813865662] [-0.14108604192733765, -0.01844996213912964, -0.18565596640110016, 0.9189079999923706, 1.8315540552139282, 0.09040000289678574, -1.2148860692977905, -1.1812219619750977]
[0.03049294464290142, -0.020566590130329132, 0.37643593549728394, 1.571262240409851, 0.03963560238480568, 0.8630784749984741] [-0.16409604251384735, -0.01691596210002899, -0.18872396647930145, 0.8882279992103577, 1.8254181146621704, 0.09040000289678574, -1.2378960847854614, -1.2011640071868896]
[0.03763938322663307, -0.02265280857682228, 0.37634384632110596, 1.5746283531188965, 0.03552741929888725, 0.8305801153182983] [-0.17483404278755188, -0.01691596210002899, -0.18872396647930145, 0.8636839985847473, 1.8254181146621704, 0.09040000289678574, -1.2501680850982666, -1.2149699926376343]
[0.04281983897089958, -0.02413421869277954, 0.37489837408065796, 1.5826120376586914, 0.03785405680537224, 0.8115472197532654] [-0.18250404298305511, -0.01691596210002899, -0.18872396647930145, 0.839139997959137, 1.823884129524231, 0.09040000289678574, -1.2639740705490112, -1.228775978088379]
[0.05014665424823761, -0.02706253156065941, 0.37465155124664307, 1.5802226066589355, 0.032225482165813446, 0.7729621529579163] [-0.19324204325675964, -0.01691596210002899, -0.18872396647930145, 0.8069260120391846, 1.8177480697631836, 0.09040000289678574, -1.2839161157608032, -1.248718023300171]
[0.055394645780324936, -0.028383761644363403, 0.37424859404563904, 1.5825300216674805, 0.029988279566168785, 0.7508023977279663] [-0.20704804360866547, -0.01231396198272705, -0.18872396647930145, 0.7793139815330505, 1.8177480697631836, 0.09040000289678574, -1.3038580417633057, -1.2686599493026733]
[0.06060630828142166, -0.02920609712600708, 0.37421074509620667, 1.5827877521514893, 0.02682626061141491, 0.7331198453903198] [-0.22545604407787323, -0.009245961904525757, -0.18872396647930145, 0.7455660104751587, 1.8177480697631836, 0.09040000289678574, -1.3268680572509766, -1.2916699647903442]
[0.06827842444181442, -0.03194001317024231, 0.37380751967430115, 1.5853506326675415, 0.021869728341698647, 0.6960504055023193] [-0.2407960444688797, -0.006177961826324463, -0.18872396647930145, 0.7118179798126221, 1.8177480697631836, 0.09040000289678574, -1.3406740427017212, -1.30240797996521]
[0.0706181675195694, -0.031538527458906174, 0.37343350052833557, 1.5891634225845337, 0.0201195627450943, 0.6855396628379822] [-0.2407960444688797, 0.009162038564682007, -0.18872396647930145, 0.6934099793434143, 1.8177480697631836, 0.09040000289678574, -1.3422080278396606, -1.30240797996521]
[0.07161135971546173, -0.030951205641031265, 0.37341034412384033, 1.588489055633545, 0.01905416138470173, 0.680507481098175] [-0.2407960444688797, 0.010696038603782654, -0.18872396647930145, 0.6857399940490723, 1.8177480697631836, 0.09040000289678574, -1.3422080278396606, -1.30240797996521]
[0.0716637447476387, -0.030699724331498146, 0.37308573722839355, 1.5880719423294067, 0.020868537947535515, 0.6828507781028748] [-0.24233004450798035, 0.0122300386428833, -0.19179196655750275, 0.6872739791870117, 1.8177480697631836, 0.09040000289678574, -1.3422080278396606, -1.3008739948272705]
[0.0710742250084877, -0.029693273827433586, 0.37377652525901794, 1.5814393758773804, 0.020101504400372505, 0.6903364062309265] [-0.2469320446252823, 0.0122300386428833, -0.19485996663570404, 0.696478009223938, 1.8177480697631836, 0.09040000289678574, -1.3422080278396606, -1.3008739948272705]
[0.07055946439504623, -0.029473425820469856, 0.37413954734802246, 1.5797975063323975, 0.019713159650564194, 0.6946250796318054] [-0.2500000596046448, 0.009162038564682007, -0.19485996663570404, 0.7102839946746826, 1.819282054901123, 0.09040000289678574, -1.3406740427017212, -1.2978060245513916]
[0.06949575990438461, -0.028709061443805695, 0.3744622468948364, 1.578127145767212, 0.020838236436247826, 0.7045725584030151] [-0.25153404474258423, 0.009162038564682007, -0.20099596679210663, 0.7118179798126221, 1.823884129524231, 0.09040000289678574, -1.333004117012024, -1.2901359796524048]
[0.06848900020122528, -0.028845397755503654, 0.37449225783348083, 1.571797490119934, 0.023727670311927795, 0.7047778367996216] [-0.25153404474258423, 0.00762803852558136, -0.20713196694850922, 0.714885950088501, 1.823884129524231, 0.09040000289678574, -1.3191981315612793, -1.2763299942016602]
[0.06673356890678406, -0.029656454920768738, 0.3748024106025696, 1.5572646856307983, 0.02732619270682335, 0.7007657885551453] [-0.24846604466438293, 0.003026038408279419, -0.22707396745681763, 0.7179539799690247, 1.823884129524231, 0.09040000289678574, -1.3069260120391846, -1.2625240087509155]
[0.06524880975484848, -0.030280185863375664, 0.37431904673576355, 1.5470885038375854, 0.033916641026735306, 0.6970470547676086] [-0.2407960444688797, 0.001492038369178772, -0.2424139678478241, 0.7210220098495483, 1.8254181146621704, 0.09040000289678574, -1.29312002658844, -1.248718023300171]
[0.06250142306089401, -0.030454693362116814, 0.37502777576446533, 1.5261993408203125, 0.037188317626714706, 0.6977018117904663] [-0.23926204442977905, 0.001492038369178772, -0.2562199831008911, 0.7240899801254272, 1.8254181146621704, 0.09040000289678574, -1.2823820114135742, -1.2395139932632446]
[0.06030718609690666, -0.03090725652873516, 0.3756161630153656, 1.5137689113616943, 0.03841658681631088, 0.6953437328338623] [-0.23005804419517517, -0.003109961748123169, -0.2623559832572937, 0.7302259802818298, 1.8254181146621704, 0.09040000289678574, -1.2701101303100586, -1.2241740226745605]
[0.05716576799750328, -0.03183258697390556, 0.37592482566833496, 1.5058881044387817, 0.04140686243772507, 0.6962665915489197] [-0.22545604407787323, -0.010779961943626404, -0.27309396862983704, 0.7409639954566956, 1.8254181146621704, 0.09040000289678574, -1.2578380107879639, -1.2134360074996948]
[0.05391808599233627, -0.03138403967022896, 0.3757517635822296, 1.4953713417053223, 0.04791045933961868, 0.7068050503730774] [-0.21932004392147064, -0.01231396198272705, -0.28383195400238037, 0.7609059810638428, 1.8269520998001099, 0.09040000289678574, -1.2440320253372192, -1.1996300220489502]
[0.0501723475754261, -0.031015001237392426, 0.37552011013031006, 1.4860742092132568, 0.053959574550390244, 0.7174665927886963] [-0.2116500437259674, -0.015381962060928345, -0.2915019690990448, 0.7762459516525269, 1.8284860849380493, 0.09040000289678574, -1.2271580696105957, -1.1858240365982056]
[0.04664472118020058, -0.03090606816112995, 0.37594616413116455, 1.4747461080551147, 0.056868311017751694, 0.7249590158462524] [-0.20704804360866547, -0.01844996213912964, -0.30223995447158813, 0.7900519967079163, 1.8315540552139282, 0.09040000289678574, -1.213352084159851, -1.170483946800232]
[0.043455820530653, -0.030890757218003273, 0.3755597472190857, 1.466599464416504, 0.06327184289693832, 0.7310760617256165] [-0.1947760432958603, -0.019983962178230286, -0.3083759546279907, 0.7977219820022583, 1.8330880403518677, 0.09040000289678574, -1.198012113571167, -1.1566779613494873]
[0.04085720330476761, -0.03127153962850571, 0.37562912702560425, 1.4617552757263184, 0.06467974185943604, 0.7296776175498962] [-0.18403804302215576, -0.024585962295532227, -0.31297796964645386, 0.7977219820022583, 1.8361561298370361, 0.09040000289678574, -1.1826720237731934, -1.1413379907608032]
[0.03866977617144585, -0.03274146467447281, 0.37587207555770874, 1.4606627225875854, 0.06291939318180084, 0.7217916250228882] [-0.16716404259204865, -0.03378996253013611, -0.3145119547843933, 0.8007899522781372, 1.839224100112915, 0.09040000289678574, -1.1657980680465698, -1.1244640350341797]
[0.035636890679597855, -0.034166812896728516, 0.3752509355545044, 1.464128017425537, 0.0657893493771553, 0.7200531363487244] [-0.15489204227924347, -0.05219796299934387, -0.31297796964645386, 0.8222659826278687, 1.8407580852508545, 0.09040000289678574, -1.1535260677337646, -1.1121920347213745]
[0.032345134764909744, -0.03686736896634102, 0.3755873441696167, 1.4640761613845825, 0.06634541600942612, 0.7186797261238098] [-0.14875604212284088, -0.07827596366405487, -0.3145119547843933, 0.8514119982719421, 1.842292070388794, 0.09040000289678574, -1.1412540674209595, -1.0983860492706299]
[0.029419582337141037, -0.04007071629166603, 0.37578195333480835, 1.46672785282135, 0.06666478514671326, 0.7148604989051819] [-0.139552041888237, -0.10435395687818527, -0.317579984664917, 0.8682860136032104, 1.8468940258026123, 0.09040000289678574, -1.1259140968322754, -1.0830459594726562]
[0.026365408673882484, -0.043211452662944794, 0.374986857175827, 1.461604118347168, 0.07473774254322052, 0.7081741094589233] [-0.1334160417318344, -0.12736396491527557, -0.3283179700374603, 0.8897619843482971, 1.8468940258026123, 0.09040000289678574, -1.1105740070343018, -1.0692399740219116]
[0.023311017081141472, -0.04642410948872566, 0.37467560172080994, 1.4613890647888184, 0.07708242535591125, 0.7004197835922241] [-0.11961004137992859, -0.15497596561908722, -0.3283179700374603, 0.9081699848175049, 1.8484281301498413, 0.09040000289678574, -1.0906320810317993, -1.0492980480194092]
[0.018243471160531044, -0.04920526593923569, 0.3748619556427002, 1.462121605873108, 0.07814998179674149, 0.7047197222709656] [-0.11194004118442535, -0.18258796632289886, -0.3329199552536011, 0.9449859857559204, 1.8514961004257202, 0.09040000289678574, -1.0752921104431152, -1.0339579582214355]
[0.014888404868543148, -0.05140219256281853, 0.3748116195201874, 1.4582555294036865, 0.08050587773323059, 0.7021941542625427] [-0.10733804106712341, -0.19946196675300598, -0.3375219702720642, 0.9633939862251282, 1.8530300855636597, 0.09040000289678574, -1.066088080406189, -1.0262880325317383]
[0.010799737647175789, -0.05254317447543144, 0.3748575747013092, 1.4550076723098755, 0.08489315956830978, 0.7128856182098389] [-0.10580404102802277, -0.2194039672613144, -0.3436579704284668, 0.9986760020256042, 1.8530300855636597, 0.09040000289678574, -1.0553500652313232, -1.0155500173568726]
[0.0073842499405145645, -0.05376126989722252, 0.3750106692314148, 1.449692964553833, 0.08812002092599869, 0.7187440395355225] [-0.10580404102802277, -0.23781196773052216, -0.3497939705848694, 1.0262880325317383, 1.8530300855636597, 0.09040000289678574, -1.046146035194397, -1.0078799724578857]
[0.0038767531514167786, -0.05525980517268181, 0.3749602138996124, 1.4457697868347168, 0.09236615151166916, 0.7245408892631531] [-0.10580404102802277, -0.2546859681606293, -0.35899797081947327, 1.0539000034332275, 1.8530300855636597, 0.09040000289678574, -1.0338740348815918, -0.9940739870071411]
[0.0013057423057034612, -0.0568971112370491, 0.3745298981666565, 1.4407968521118164, 0.0982983335852623, 0.7252073884010315] [-0.10580404102802277, -0.27616196870803833, -0.36820197105407715, 1.0815119743347168, 1.8530300855636597, 0.09040000289678574, -1.0216020345687866, -0.9833359718322754]
[-0.0025755828246474266, -0.05897760018706322, 0.37414294481277466, 1.4349614381790161, 0.10488869994878769, 0.7278331518173218] [-0.10580404102802277, -0.29610395431518555, -0.37893998622894287, 1.1029880046844482, 1.8530300855636597, 0.09040000289678574, -1.0093300342559814, -0.9695299863815308]
[-0.006459390744566917, -0.060918185859918594, 0.3736552894115448, 1.4282513856887817, 0.11240015178918839, 0.7298327684402466] [-0.10580404102802277, -0.3145119547843933, -0.3896779716014862, 1.1367360353469849, 1.8545640707015991, 0.09040000289678574, -0.9970580339431763, -0.9572579860687256]
[-0.010789341293275356, -0.06257928162813187, 0.3732288181781769, 1.4223567247390747, 0.11862672120332718, 0.735099196434021] [-0.10580404102802277, -0.33598798513412476, -0.40041595697402954, 1.1612800359725952, 1.8545640707015991, 0.09040000289678574, -0.9801840782165527, -0.9403839707374573]
[-0.014637932181358337, -0.06495757400989532, 0.37321826815605164, 1.4173182249069214, 0.12065745890140533, 0.7323057651519775] [-0.10580404102802277, -0.3666679859161377, -0.4096199870109558, 1.1919599771499634, 1.8545640707015991, 0.09040000289678574, -0.9663780927658081, -0.9296460151672363]
[-0.01814466342329979, -0.06795612722635269, 0.37324538826942444, 1.4154056310653687, 0.12118407338857651, 0.7260523438453674] [-0.10580404102802277, -0.3896779716014862, -0.41728997230529785, 1.2180379629135132, 1.8545640707015991, 0.09040000289678574, -0.9556400775909424, -0.9189079999923706]
[-0.021975047886371613, -0.0704459398984909, 0.3730476200580597, 1.4150820970535278, 0.12224029004573822, 0.724777340888977] [-0.10580404102802277, -0.4126879572868347, -0.421891987323761, 1.2395139932632446, 1.8545640707015991, 0.09040000289678574, -0.9449020624160767, -0.9081699848175049]
[-0.024090886116027832, -0.07188902050256729, 0.37303048372268677, 1.4117059707641602, 0.12250001728534698, 0.7206258773803711] [-0.10580404102802277, -0.4280279874801636, -0.4310959577560425, 1.2533199787139893, 1.8545640707015991, 0.09040000289678574, -0.9295620918273926, -0.8943639993667603]
[-0.027690280228853226, -0.07309060543775558, 0.3727576732635498, 1.4062119722366333, 0.1253061592578888, 0.7221714854240417] [-0.10580404102802277, -0.44336795806884766, -0.44029998779296875, 1.2763299942016602, 1.8545640707015991, 0.09040000289678574, -0.9172900915145874, -0.8820919990539551]
[-0.031390540301799774, -0.07423175126314163, 0.37245509028434753, 1.4005746841430664, 0.12799698114395142, 0.7235870957374573] [-0.10580404102802277, -0.4525719881057739, -0.44950395822525024, 1.2870680093765259, 1.8545640707015991, 0.09040000289678574, -0.9050180912017822, -0.8713539838790894]
[-0.034090280532836914, -0.07458417117595673, 0.3727318346500397, 1.3911436796188354, 0.12707330286502838, 0.7223085761070251] [-0.10427004098892212, -0.4525719881057739, -0.45563995838165283, 1.2886019945144653, 1.8560980558395386, 0.09040000289678574, -0.8912120461463928, -0.8575479984283447]
[-0.03685673698782921, -0.07475852221250534, 0.3725408613681793, 1.381069540977478, 0.1282062977552414, 0.7189713716506958] [-0.10120204091072083, -0.4525719881057739, -0.4617759585380554, 1.2901359796524048, 1.8560980558395386, 0.09040000289678574, -0.8789400458335876, -0.8452759981155396]
[-0.0389779731631279, -0.07489960640668869, 0.3727014362812042, 1.3762041330337524, 0.12423049658536911, 0.7164168357849121] [-0.09199804067611694, -0.4525719881057739, -0.46330997347831726, 1.2886019945144653, 1.8560980558395386, 0.09040000289678574, -0.8682020902633667, -0.8345379829406738]
[-0.04108622670173645, -0.07479036599397659, 0.3727201819419861, 1.3732010126113892, 0.12131509184837341, 0.71743243932724] [-0.087396040558815, -0.4525719881057739, -0.46330997347831726, 1.2886019945144653, 1.8560980558395386, 0.09040000289678574, -0.8620660305023193, -0.8299359679222107]
[-0.04244618862867355, -0.07491011172533035, 0.37302690744400024, 1.3699873685836792, 0.11695432662963867, 0.7157400846481323] [-0.08586204051971436, -0.4525719881057739, -0.46330997347831726, 1.2886019945144653, 1.8560980558395386, 0.09040000289678574, -0.8620660305023193, -0.8314700126647949]
[-0.04296618700027466, -0.07525277882814407, 0.37353694438934326, 1.3689972162246704, 0.11208532005548477, 0.7134587168693542] [-0.08586204051971436, -0.4541059732437134, -0.4617759585380554, 1.282465934753418, 1.8560980558395386, 0.09040000289678574, -0.8682020902633667, -0.839139997959137]
[-0.041939280927181244, -0.07583583891391754, 0.3736761510372162, 1.3700015544891357, 0.1103319525718689, 0.7067633271217346] [-0.08586204051971436, -0.4541059732437134, -0.4617759585380554, 1.2778639793395996, 1.8560980558395386, 0.09040000289678574, -0.8743380308151245, -0.846809983253479]
[-0.04023713618516922, -0.07624801248311996, 0.37403202056884766, 1.3719286918640137, 0.10826805979013443, 0.6993750333786011] [-0.08586204051971436, -0.4541059732437134, -0.46024197340011597, 1.2579219341278076, 1.8560980558395386, 0.09040000289678574, -0.8820080757141113, -0.8575479984283447]
[-0.038058239966630936, -0.07703900337219238, 0.37378641963005066, 1.3756133317947388, 0.10888180881738663, 0.6888301372528076] [-0.087396040558815, -0.4541059732437134, -0.46024197340011597, 1.2579219341278076, 1.8560980558395386, 0.09040000289678574, -0.895814061164856, -0.8698199987411499]
[-0.03488153591752052, -0.07687800377607346, 0.3733797073364258, 1.3783060312271118, 0.1189216673374176, 0.6798542737960815] [-0.09353204071521759, -0.4541059732437134, -0.46024197340011597, 1.2533199787139893, 1.8560980558395386, 0.09040000289678574, -0.91115403175354, -0.8866939544677734]
[-0.03147123008966446, -0.07665881514549255, 0.3734409213066101, 1.3812191486358643, 0.12571178376674652, 0.6733641028404236] [-0.09966804087162018, -0.4541059732437134, -0.4587079882621765, 1.244115948677063, 1.8560980558395386, 0.09040000289678574, -0.9249600768089294, -0.8989659547805786]
[-0.027177195996046066, -0.0776151791214943, 0.3729206621646881, 1.387228012084961, 0.13172395527362823, 0.6574603915214539] [-0.10120204091072083, -0.45563995838165283, -0.4571739733219147, 1.2257080078125, 1.8560980558395386, 0.09040000289678574, -0.9387660622596741, -0.9112379550933838]
[-0.023534569889307022, -0.07888713479042053, 0.37278756499290466, 1.390715479850769, 0.13254691660404205, 0.6407261490821838] [-0.10273604094982147, -0.45563995838165283, -0.4571739733219147, 1.1996300220489502, 1.8545640707015991, 0.09040000289678574, -0.9571740627288818, -0.9342479705810547]
[-0.01743069477379322, -0.08111519366502762, 0.37262535095214844, 1.39766526222229, 0.13184891641139984, 0.6154966354370117] [-0.10733804106712341, -0.45563995838165283, -0.4571739733219147, 1.167415976524353, 1.8545640707015991, 0.09040000289678574, -0.977116048336029, -0.9480539560317993]
[-0.012236971408128738, -0.08329286426305771, 0.37253811955451965, 1.401540994644165, 0.13031676411628723, 0.5896908044815063] [-0.11194004118442535, -0.45563995838165283, -0.4571739733219147, 1.14900803565979, 1.8530300855636597, 0.09040000289678574, -0.9955240488052368, -0.9664620161056519]
[-0.007874565199017525, -0.08474081009626389, 0.37292495369911194, 1.4045000076293945, 0.1270115226507187, 0.5744191408157349] [-0.11961004137992859, -0.45563995838165283, -0.45563995838165283, 1.1229300498962402, 1.8530300855636597, 0.09040000289678574, -1.010864019393921, -0.9848699569702148]
[-0.002611504402011633, -0.08686576038599014, 0.3732369840145111, 1.4065132141113281, 0.12402846664190292, 0.5497763156890869] [-0.12881404161453247, -0.45563995838165283, -0.45563995838165283, 1.0999200344085693, 1.8530300855636597, 0.09040000289678574, -1.030806064605713, -1.001744031906128]
[0.003553916234523058, -0.08921211212873459, 0.3728485107421875, 1.4123947620391846, 0.12394434213638306, 0.5259115695953369] [-0.1334160417318344, -0.45563995838165283, -0.4541059732437134, 1.0723079442977905, 1.8514961004257202, 0.09040000289678574, -1.043078064918518, -1.0109479427337646]
[0.0078064738772809505, -0.09082072973251343, 0.3720448911190033, 1.4163099527359009, 0.1265878975391388, 0.5082785487174988] [-0.1364840418100357, -0.45563995838165283, -0.4541059732437134, 1.058501958847046, 1.8514961004257202, 0.09040000289678574, -1.0568840503692627, -1.0293560028076172]
[0.010549178346991539, -0.09147235751152039, 0.3722185492515564, 1.4174726009368896, 0.12659232318401337, 0.5028103590011597] [-0.14875604212284088, -0.45563995838165283, -0.4541059732437134, 1.052366018295288, 1.8514961004257202, 0.09040000289678574, -1.0768260955810547, -1.0462299585342407]
[0.014079112559556961, -0.09210308641195297, 0.3725265860557556, 1.4174752235412598, 0.12503936886787415, 0.4948166012763977] [-0.16102804243564606, -0.45563995838165283, -0.4525719881057739, 1.0370259284973145, 1.8514961004257202, 0.09040000289678574, -1.0967680215835571, -1.0692399740219116]
[0.01865546591579914, -0.09366524964570999, 0.37311121821403503, 1.4201027154922485, 0.1199309378862381, 0.47959983348846436] [-0.17636804282665253, -0.45563995838165283, -0.44950395822525024, 1.0216859579086304, 1.8514961004257202, 0.09040000289678574, -1.119778037071228, -1.0922499895095825]
[0.023764971643686295, -0.09511122852563858, 0.3736467659473419, 1.421802043914795, 0.11578088998794556, 0.4662485718727112] [-0.1947760432958603, -0.45563995838165283, -0.44950395822525024, 1.014016032218933, 1.8514961004257202, 0.09040000289678574, -1.1458560228347778, -1.1152600049972534]
[0.028015946969389915, -0.09527228027582169, 0.3731822967529297, 1.424419641494751, 0.11921118944883347, 0.4668238162994385] [-0.21625204384326935, -0.45563995838165283, -0.44950395822525024, 1.014016032218933, 1.8514961004257202, 0.09040000289678574, -1.1688660383224487, -1.1413379907608032]
[0.033493246883153915, -0.09556024521589279, 0.373464971780777, 1.4245774745941162, 0.11908275634050369, 0.46281328797340393] [-0.23926204442977905, -0.45563995838165283, -0.44950395822525024, 1.0048120021820068, 1.8530300855636597, 0.09040000289678574, -1.1949440240859985, -1.1643480062484741]
[0.03894941881299019, -0.0973191037774086, 0.3735857903957367, 1.4253953695297241, 0.11524981260299683, 0.4475659132003784] [-0.25613605976104736, -0.45563995838165283, -0.44950395822525024, 0.9848699569702148, 1.8514961004257202, 0.09040000289678574, -1.2194880247116089, -1.1950279474258423]
[0.04454364627599716, -0.09912844002246857, 0.37396320700645447, 1.4252291917800903, 0.10993683338165283, 0.4307754337787628] [-0.2806800603866577, -0.4541059732437134, -0.44950395822525024, 0.9695299863815308, 1.8514961004257202, 0.09040000289678574, -1.2455661296844482, -1.2165039777755737]
[0.0494619645178318, -0.09963428974151611, 0.3735056221485138, 1.4265437126159668, 0.11106555163860321, 0.4267980754375458] [-0.30522406101226807, -0.4541059732437134, -0.44950395822525024, 0.9695299863815308, 1.8514961004257202, 0.09040000289678574, -1.2685760259628296, -1.2395139932632446]
[0.05368447303771973, -0.09979261457920074, 0.37334829568862915, 1.42710280418396, 0.11058074235916138, 0.4269322156906128] [-0.32670003175735474, -0.45563995838165283, -0.44950395822525024, 0.9649279713630676, 1.8514961004257202, 0.09040000289678574, -1.2885180711746216, -1.2594560384750366]
[0.05824284255504608, -0.10072814673185349, 0.3727160692214966, 1.4284441471099854, 0.11077456921339035, 0.41870224475860596] [-0.3451080322265625, -0.45563995838165283, -0.44950395822525024, 0.9557240009307861, 1.8514961004257202, 0.09040000289678574, -1.3069260120391846, -1.2763299942016602]
[0.06237455829977989, -0.10162551701068878, 0.3725021779537201, 1.4271025657653809, 0.10935542732477188, 0.4098421335220337] [-0.36044806241989136, -0.45563995838165283, -0.4510379731655121, 0.9419180154800415, 1.8530300855636597, 0.09040000289678574, -1.3222661018371582, -1.2916699647903442]
[0.06666204333305359, -0.10308211296796799, 0.3721034824848175, 1.4285109043121338, 0.10670526325702667, 0.3950095772743225] [-0.3711860477924347, -0.45563995838165283, -0.44950395822525024, 0.9250440001487732, 1.8514961004257202, 0.09040000289678574, -1.3299360275268555, -1.3008739948272705]
[0.06999968737363815, -0.10417111217975616, 0.37055864930152893, 1.4311699867248535, 0.11162997782230377, 0.38412728905677795] [-0.3711860477924347, -0.45563995838165283, -0.44950395822525024, 0.9219759702682495, 1.8514961004257202, 0.09040000289678574, -1.331470012664795, -1.30240797996521]
[0.07135216891765594, -0.10424339771270752, 0.36915186047554016, 1.434069037437439, 0.11782372742891312, 0.38444358110427856] [-0.3711860477924347, -0.45563995838165283, -0.44950395822525024, 0.9173740148544312, 1.8514961004257202, 0.09040000289678574, -1.331470012664795, -1.30240797996521]
[0.07273231446743011, -0.10566268861293793, 0.3691301643848419, 1.4322607517242432, 0.11567544937133789, 0.36983755230903625] [-0.3711860477924347, -0.4541059732437134, -0.44950395822525024, 0.8989659547805786, 1.8514961004257202, 0.09040000289678574, -1.333004117012024, -1.3039419651031494]
[0.0744728371500969, -0.1080019474029541, 0.3691639304161072, 1.431534767150879, 0.11014790832996368, 0.3472781181335449] [-0.3681180477142334, -0.4541059732437134, -0.4510379731655121, 0.8728879690170288, 1.8514961004257202, 0.09040000289678574, -1.333004117012024, -1.3054759502410889]
[0.07526295632123947, -0.10825368762016296, 0.36914873123168945, 1.4319010972976685, 0.10869230329990387, 0.3419976830482483] [-0.36658406257629395, -0.4510379731655121, -0.44950395822525024, 0.8698199987411499, 1.8499621152877808, 0.09040000289678574, -1.3345381021499634, -1.3054759502410889]
[0.07537834346294403, -0.108892522752285, 0.3688506782054901, 1.4318177700042725, 0.10913538932800293, 0.3387976288795471] [-0.36658406257629395, -0.4525719881057739, -0.44950395822525024, 0.8682860136032104, 1.8499621152877808, 0.09040000289678574, -1.3345381021499634, -1.3054759502410889]
[0.0758553221821785, -0.10935326665639877, 0.3686569631099701, 1.4333418607711792, 0.10804673284292221, 0.3348129093647003] [-0.3650500476360321, -0.4510379731655121, -0.44950395822525024, 0.8514119982719421, 1.8499621152877808, 0.09040000289678574, -1.3345381021499634, -1.3085440397262573]
[0.07732990384101868, -0.11132719367742538, 0.3693314790725708, 1.431212067604065, 0.10015355050563812, 0.31365305185317993] [-0.3619820475578308, -0.44643598794937134, -0.44950395822525024, 0.8299359679222107, 1.8499621152877808, 0.09040000289678574, -1.3345381021499634, -1.3085440397262573]
[0.07799309492111206, -0.11244749277830124, 0.3694109320640564, 1.431079387664795, 0.0978635847568512, 0.30374082922935486] [-0.36044806241989136, -0.4479699730873108, -0.44950395822525024, 0.8268679976463318, 1.8499621152877808, 0.09040000289678574, -1.3345381021499634, -1.3085440397262573]
[0.07798244804143906, -0.11223821341991425, 0.36927950382232666, 1.4307130575180054, 0.09847254306077957, 0.304754376411438] [-0.3619820475578308, -0.4479699730873108, -0.44950395822525024, 0.8268679976463318, 1.8499621152877808, 0.09040000289678574, -1.3360720872879028, -1.3085440397262573]
[0.07795913517475128, -0.11202946305274963, 0.3702290654182434, 1.4358818531036377, 0.09159161895513535, 0.3069847524166107] [-0.36351603269577026, -0.4479699730873108, -0.4249599575996399, 0.8253339529037476, 1.8499621152877808, 0.09040000289678574, -1.3345381021499634, -1.3070099353790283]
[0.0778060257434845, -0.11107759177684784, 0.3774435222148895, 1.4822890758514404, 0.036228712648153305, 0.31511643528938293] [-0.3681180477142334, -0.4479699730873108, -0.29610395431518555, 0.7793139815330505, 1.8499621152877808, 0.09040000289678574, -1.3345381021499634, -1.3054759502410889]
[0.07986637204885483, -0.11716969311237335, 0.3945086896419525, 1.5977590084075928, -0.09924279153347015, 0.2553749084472656] [-0.3681180477142334, -0.44643598794937134, -0.0859459638595581, 0.599835991859436, 1.8499621152877808, 0.09040000289678574, -1.3360720872879028, -1.3070099353790283]
[0.08164019137620926, -0.13863274455070496, 0.4146879017353058, 1.8506057262420654, -0.2626710534095764, 0.07029794901609421] [-0.3558460474014282, -0.4541059732437134, 0.18710604310035706, 0.38507598638534546, 1.8514961004257202, 0.09040000289678574, -1.3345381021499634, -1.3085440397262573]
[0.07826076447963715, -0.17551270127296448, 0.42410436272621155, 2.268158197402954, -0.31749221682548523, -0.24859660863876343] [-0.35277804732322693, -0.45563995838165283, 0.5184500217437744, 0.15650996565818787, 1.8545640707015991, 0.09040000289678574, -1.3360720872879028, -1.3085440397262573]
[0.07397443056106567, -0.20050814747810364, 0.4160453975200653, 2.600283145904541, -0.2260865718126297, -0.4485364854335785] [-0.3282340466976166, -0.467911958694458, 0.7746280431747437, 0.035323962569236755, 1.8560980558395386, 0.09040000289678574, -1.3360720872879028, -1.3100780248641968]
[0.0722181648015976, -0.20910148322582245, 0.40607908368110657, 2.7530102729797363, -0.1740967035293579, -0.4840274751186371] [-0.2760780453681946, -0.4970579743385315, 0.8666680455207825, 0.03378996253013611, 1.857632040977478, 0.09040000289678574, -1.3360720872879028, -1.3146799802780151]
[0.07231304794549942, -0.21194884181022644, 0.3985447883605957, 2.766930341720581, -0.13772225379943848, -0.49481192231178284] [-0.22699004411697388, -0.5093299746513367, 0.9080860614776611, 0.03378996253013611, 1.859166145324707, 0.09040000289678574, -1.3360720872879028, -1.3146799802780151]
[0.07376120239496231, -0.21363750100135803, 0.38414937257766724, 2.796121597290039, -0.06846532970666885, -0.4970702528953552] [-0.12574604153633118, -0.5093299746513367, 0.9755820631980896, 0.035323962569236755, 1.859166145324707, 0.09040000289678574, -1.3376060724258423, -1.3162139654159546]
[0.07489687204360962, -0.21456250548362732, 0.36646798253059387, 2.8208296298980713, 0.016021836549043655, -0.4976390600204468] [-0.04444403946399689, -0.5093299746513367, 1.1289820671081543, 0.03378996253013611, 1.857632040977478, 0.09040000289678574, -1.3376060724258423, -1.3162139654159546]
[0.07344122231006622, -0.21754740178585052, 0.3519178330898285, 3.0183768272399902, 0.08660510182380676, -0.5056330561637878] [0.01691596210002899, -0.5077959895133972, 1.3023240566253662, 0.03378996253013611, 1.859166145324707, 0.09040000289678574, -1.3376060724258423, -1.3162139654159546]
[0.07267392426729202, -0.21830974519252777, 0.3425465524196625, 3.068432331085205, 0.13146929442882538, -0.5091592073440552] [0.07060596346855164, -0.506261944770813, 1.345276117324829, 0.03225596249103546, 1.857632040977478, 0.09040000289678574, -1.3376060724258423, -1.3162139654159546]
[0.0718158558011055, -0.21810480952262878, 0.3343433439731598, 3.0732345581054688, 0.17049863934516907, -0.510187566280365] [0.1181599572300911, -0.5031939744949341, 1.366752028465271, 0.03378996253013611, 1.859166145324707, 0.09040000289678574, -1.3376060724258423, -1.3162139654159546]
[0.06616878509521484, -0.21834821999073029, 0.30922195315361023, 3.0259180068969727, 0.291981041431427, -0.5268329381942749] [0.2454819679260254, -0.5016599893569946, 1.3805580139160156, 0.03378996253013611, 1.8545640707015991, 0.09040000289678574, -1.3376060724258423, -1.3146799802780151]
[0.06633426994085312, -0.21770983934402466, 0.30843284726142883, 3.0149097442626953, 0.29542699456214905, -0.5239822268486023] [0.24854996800422668, -0.5001260042190552, 1.371354103088379, 0.03378996253013611, 1.8560980558395386, 0.09040000289678574, -1.3376060724258423, -1.3146799802780151]
[0.06584204733371735, -0.2180374264717102, 0.3079726994037628, 3.0145533084869385, 0.297435998916626, -0.5261462926864624] [0.2500839829444885, -0.5001260042190552, 1.371354103088379, 0.03378996253013611, 1.8560980558395386, 0.09040000289678574, -1.3391400575637817, -1.3146799802780151]
[0.06634961068630219, -0.2172137349843979, 0.3076610267162323, 3.0143818855285645, 0.2987009882926941, -0.5216171741485596] [0.2500839829444885, -0.4970579743385315, 1.371354103088379, 0.03378996253013611, 1.8560980558395386, 0.09040000289678574, -1.3391400575637817, -1.3146799802780151]
[0.06629911810159683, -0.21724987030029297, 0.3076222240924835, 3.014467477798462, 0.29871612787246704, -0.5217251777648926] [0.2500839829444885, -0.4970579743385315, 1.371354103088379, 0.03378996253013611, 1.8560980558395386, 0.09040000289678574, -1.3391400575637817, -1.3146799802780151]
[0.0662989541888237, -0.2173060029745102, 0.3075070083141327, 3.014630079269409, 0.2990158796310425, -0.5217735171318054] [0.24854996800422668, -0.4970579743385315, 1.371354103088379, 0.03378996253013611, 1.8560980558395386, 0.09040000289678574, -1.3376060724258423, -1.3146799802780151]
[0.06630484014749527, -0.21746781468391418, 0.30735325813293457, 3.015352964401245, 0.2993508577346802, -0.5216595530509949] [0.24854996800422668, -0.4970579743385315, 1.371354103088379, 0.03378996253013611, 1.8560980558395386, 0.09040000289678574, -1.3391400575637817, -1.3146799802780151]
[0.0664503201842308, -0.21726511418819427, 0.30752670764923096, 3.0144495964050293, 0.29918935894966125, -0.5215656757354736] [0.2500839829444885, -0.4970579743385315, 1.371354103088379, 0.03378996253013611, 1.8560980558395386, 0.09040000289678574, -1.3376060724258423, -1.3146799802780151]
[0.06653007119894028, -0.21728776395320892, 0.30738016963005066, 3.0146358013153076, 0.2996436357498169, -0.5214220285415649] [0.2500839829444885, -0.4970579743385315, 1.371354103088379, 0.03378996253013611, 1.8560980558395386, 0.09040000289678574, -1.3391400575637817, -1.3131459951400757]
[0.06645207107067108, -0.21738246083259583, 0.30726152658462524, 3.0148372650146484, 0.2999038100242615, -0.5216686129570007] [0.2500839829444885, -0.4970579743385315, 1.371354103088379, 0.03378996253013611, 1.8560980558395386, 0.09040000289678574, -1.3391400575637817, -1.3146799802780151]
[0.06498003751039505, -0.21524693071842194, 0.3105931580066681, 3.0211479663848877, 0.28430402278900146, -0.5120367407798767] [0.2500839829444885, -0.4970579743385315, 1.371354103088379, 0.03378996253013611, 1.8560980558395386, 0.9971999526023865, -1.3391400575637817, -1.3131459951400757]
[0.06587234139442444, -0.21707594394683838, 0.3077123463153839, 3.018118143081665, 0.29631179571151733, -0.5189215540885925] [0.2500839829444885, -0.4970579743385315, 1.371354103088379, 0.03378996253013611, 1.857632040977478, 0.9968000054359436, -1.3391400575637817, -1.3131459951400757]
[0.06600786000490189, -0.21748417615890503, 0.3071235716342926, 3.0172300338745117, 0.2987951636314392, -0.5206963419914246] [0.2500839829444885, -0.4970579743385315, 1.371354103088379, 0.03378996253013611, 1.8560980558395386, 0.9971999526023865, -1.3391400575637817, -1.3131459951400757]
[0.06600014120340347, -0.2176472246646881, 0.30694934725761414, 3.0172712802886963, 0.2994093596935272, -0.5212132930755615] [0.2500839829444885, -0.4970579743385315, 1.371354103088379, 0.03378996253013611, 1.857632040977478, 0.9971999526023865, -1.3391400575637817, -1.3131459951400757]
[0.06605841964483261, -0.21770909428596497, 0.30677497386932373, 3.01711368560791, 0.30006280541419983, -0.521424412727356] [0.2500839829444885, -0.4970579743385315, 1.371354103088379, 0.03378996253013611, 1.8560980558395386, 0.9971999526023865, -1.3391400575637817, -1.3131459951400757]
[0.06609796732664108, -0.21773658692836761, 0.3066747784614563, 3.017423152923584, 0.3002691864967346, -0.5212299823760986] [0.2500839829444885, -0.4970579743385315, 1.371354103088379, 0.03378996253013611, 1.8560980558395386, 0.9968000054359436, -1.3391400575637817, -1.3131459951400757]
[0.0661083534359932, -0.21771566569805145, 0.3067578077316284, 3.0173087120056152, 0.2998237907886505, -0.5211679935455322] [0.2500839829444885, -0.4970579743385315, 1.371354103088379, 0.035323962569236755, 1.8560980558395386, 0.9971999526023865, -1.3391400575637817, -1.3131459951400757]
[0.06608287990093231, -0.2176879197359085, 0.30683329701423645, 3.0168378353118896, 0.3000412881374359, -0.521539568901062] [0.2500839829444885, -0.4970579743385315, 1.371354103088379, 0.03378996253013611, 1.8560980558395386, 0.9971999526023865, -1.3391400575637817, -1.3131459951400757]
[0.06611178070306778, -0.21776239573955536, 0.3066388666629791, 3.0171802043914795, 0.3005281388759613, -0.521470308303833] [0.2500839829444885, -0.4970579743385315, 1.371354103088379, 0.03378996253013611, 1.8560980558395386, 0.9971999526023865, -1.3376060724258423, -1.3116120100021362]
[0.06611648947000504, -0.21782678365707397, 0.3065757155418396, 3.0178186893463135, 0.3003152310848236, -0.5211381316184998] [0.2500839829444885, -0.4970579743385315, 1.371354103088379, 0.03378996253013611, 1.857632040977478, 0.9971999526023865, -1.3391400575637817, -1.3131459951400757]
[0.06606249511241913, -0.2178560197353363, 0.3065021336078644, 3.01766300201416, 0.3007539212703705, -0.5214678645133972] [0.2500839829444885, -0.4970579743385315, 1.371354103088379, 0.035323962569236755, 1.8560980558395386, 0.9971999526023865, -1.3391400575637817, -1.3131459951400757]
[0.06606561690568924, -0.21785134077072144, 0.30650225281715393, 3.017598867416382, 0.30077165365219116, -0.5214924216270447] [0.2500839829444885, -0.4970579743385315, 1.371354103088379, 0.03378996253013611, 1.8560980558395386, 0.9971999526023865, -1.3391400575637817, -1.3131459951400757]
[0.06607048958539963, -0.21779753267765045, 0.30662858486175537, 3.0173468589782715, 0.30050593614578247, -0.5215162634849548] [0.2500839829444885, -0.4970579743385315, 1.371354103088379, 0.03378996253013611, 1.857632040977478, 0.9971999526023865, -1.3376060724258423, -1.3131459951400757]
[0.06611824780702591, -0.21784253418445587, 0.3065302073955536, 3.017538070678711, 0.30056771636009216, -0.5213705897331238] [0.2500839829444885, -0.4970579743385315, 1.371354103088379, 0.03378996253013611, 1.8560980558395386, 0.9971999526023865, -1.3391400575637817, -1.3116120100021362]
[0.0660630464553833, -0.21784758567810059, 0.30657604336738586, 3.0177488327026367, 0.30027496814727783, -0.5213168859481812] [0.2500839829444885, -0.4970579743385315, 1.371354103088379, 0.035323962569236755, 1.8560980558395386, 0.9971999526023865, -1.3376060724258423, -1.3131459951400757]
[0.06605150550603867, -0.217865452170372, 0.3064943253993988, 3.017698049545288, 0.3007558286190033, -0.5214857459068298] [0.2500839829444885, -0.4970579743385315, 1.3698201179504395, 0.035323962569236755, 1.8560980558395386, 0.9971999526023865, -1.3391400575637817, -1.3131459951400757]
[0.06611356139183044, -0.21781401336193085, 0.3065735399723053, 3.0174057483673096, 0.30043652653694153, -0.521381139755249] [0.2500839829444885, -0.4970579743385315, 1.371354103088379, 0.03378996253013611, 1.8560980558395386, 0.9971999526023865, -1.3391400575637817, -1.3131459951400757]
[0.0660800039768219, -0.21783868968486786, 0.3065136671066284, 3.0174739360809326, 0.300800621509552, -0.5215229392051697] [0.2500839829444885, -0.4970579743385315, 1.371354103088379, 0.035323962569236755, 1.857632040977478, 0.9971999526023865, -1.3391400575637817, -1.3131459951400757]
