[0.056070830672979355, -0.22151418030261993, 0.30580374598503113, 3.138164520263672, 0.3078162372112274, -0.5418068766593933] [0.3007059693336487, -0.5077959895133972, 1.5692400932312012, 0.035323962569236755, 1.7594560384750366, 0.9968000054359436, -1.3268680572509766, -1.2947380542755127]
[0.057871799916028976, -0.22164671123027802, 0.3036940097808838, 3.1304128170013428, 0.3170096278190613, -0.5444017648696899] [0.29610395431518555, -0.5077959895133972, 1.5692400932312012, 0.035323962569236755, 1.7594560384750366, 0.9968000054359436, -1.3345381021499634, -1.3008739948272705]
[0.059608351439237595, -0.22177349030971527, 0.300900399684906, 3.1216912269592285, 0.32907259464263916, -0.5467821955680847] [0.29610395431518555, -0.5077959895133972, 1.5692400932312012, 0.035323962569236755, 1.7594560384750366, 0.9968000054359436, -1.3345381021499634, -1.3008739948272705]
[0.059725694358348846, -0.22180715203285217, 0.30063396692276, 3.122565269470215, 0.33012568950653076, -0.5470592975616455] [0.29610395431518555, -0.5077959895133972, 1.5692400932312012, 0.035323962569236755, 1.7594560384750366, 0.9968000054359436, -1.3345381021499634, -1.3008739948272705]
[0.059857044368982315, -0.22181706130504608, 0.3004634976387024, 3.1220834255218506, 0.33093470335006714, -0.5472234487533569] [0.2976379692554474, -0.5077959895133972, 1.5692400932312012, 0.035323962569236755, 1.7594560384750366, 0.9968000054359436, -1.3345381021499634, -1.3008739948272705]
[0.05991236865520477, -0.22179484367370605, 0.3004356920719147, 3.122039556503296, 0.33105310797691345, -0.5471019148826599] [0.2976379692554474, -0.5077959895133972, 1.5692400932312012, 0.035323962569236755, 1.7594560384750366, 0.9968000054359436, -1.3345381021499634, -1.3008739948272705]
[0.05949869006872177, -0.22197966277599335, 0.30095481872558594, 3.123748302459717, 0.3279782831668854, -0.5457542538642883] [0.29917198419570923, -0.5077959895133972, 1.5692400932312012, 0.035323962569236755, 1.7594560384750366, 0.9968000054359436, -1.3268680572509766, -1.2932039499282837]
[0.059072814881801605, -0.22105440497398376, 0.30267491936683655, 3.126619338989258, 0.3220043182373047, -0.5421781539916992] [0.29917198419570923, -0.5077959895133972, 1.5692400932312012, 0.03378996253013611, 1.7594560384750366, 0.9968000054359436, -1.3238000869750977, -1.2932039499282837]
[0.0586053729057312, -0.2195671945810318, 0.3053820729255676, 3.1293599605560303, 0.31219249963760376, -0.5364818572998047] [0.3007059693336487, -0.5077959895133972, 1.5692400932312012, 0.035323962569236755, 1.7594560384750366, 0.9968000054359436, -1.3191981315612793, -1.2870680093765259]
[0.0582568533718586, -0.21645087003707886, 0.30611684918403625, 3.1204402446746826, 0.30806493759155273, -0.5201475620269775] [0.30377396941185, -0.4939899742603302, 1.560036063194275, 0.03839196264743805, 1.730310082435608, 0.12280000001192093, -1.3145960569381714, -1.2809319496154785]
[0.059681300073862076, -0.21577128767967224, 0.31019043922424316, 3.082893133163452, 0.28401315212249756, -0.5145925283432007] [0.2915019690990448, -0.4939899742603302, 1.533958077430725, 0.055265963077545166, 1.711902141571045, 0.12280000001192093, -1.3084601163864136, -1.2732620239257812]
[0.06051062047481537, -0.2147710919380188, 0.31366923451423645, 3.0532870292663574, 0.2603238821029663, -0.5068632364273071] [0.2822979688644409, -0.4909219741821289, 1.5048121213912964, 0.07060596346855164, 1.7011641263961792, 0.12280000001192093, -1.2977221012115479, -1.2579219341278076]
[0.06175471097230911, -0.21199610829353333, 0.31911182403564453, 3.020939588546753, 0.22628352046012878, -0.4876949191093445] [0.27002596855163574, -0.4771159887313843, 1.463394045829773, 0.09975196421146393, 1.6980960369110107, 0.12280000001192093, -1.2808480262756348, -1.2395139932632446]
[0.0635366216301918, -0.20637118816375732, 0.32695984840393066, 2.986487627029419, 0.1728871464729309, -0.45041874051094055] [0.25775396823883057, -0.4541059732437134, 1.4035680294036865, 0.1381019651889801, 1.6950280666351318, 0.12280000001192093, -1.2609061002731323, -1.2165039777755737]
[0.06529903411865234, -0.19788336753845215, 0.3355591893196106, 2.9533779621124268, 0.11382889747619629, -0.39878571033477783] [0.2500839829444885, -0.42035797238349915, 1.3529460430145264, 0.1841219663619995, 1.6827560663223267, 0.12280000001192093, -1.2409640550613403, -1.1934939622879028]
[0.06614385545253754, -0.18926921486854553, 0.34536388516426086, 2.9166371822357178, 0.05047358199954033, -0.3482673466205597] [0.2362779676914215, -0.39121198654174805, 1.3023240566253662, 0.22247196733951569, 1.672018051147461, 0.12280000001192093, -1.2240900993347168, -1.1735520362854004]
[0.06624962389469147, -0.1798337996006012, 0.3551221489906311, 2.864995241165161, -0.013103826902806759, -0.29318273067474365] [0.22247196733951569, -0.3666679859161377, 1.2471001148223877, 0.2654239535331726, 1.6597460508346558, 0.12280000001192093, -1.2056820392608643, -1.1566779613494873]
[0.06487968564033508, -0.17125250399112701, 0.3654707372188568, 2.803480625152588, -0.0808788388967514, -0.24111326038837433] [0.20866596698760986, -0.3497939705848694, 1.181138038635254, 0.30684196949005127, 1.6551440954208374, 0.12280000001192093, -1.1842060089111328, -1.1367360353469849]
[0.06217429041862488, -0.1559838056564331, 0.37701284885406494, 2.610635280609131, -0.16664563119411469, -0.13066214323043823] [0.1963939666748047, -0.3497939705848694, 0.8912120461463928, 0.4939899742603302, 1.6566780805587769, 0.12280000001192093, -1.162730097770691, -1.1167939901351929]
[0.055232882499694824, -0.1268889158964157, 0.3864780366420746, 2.319805383682251, -0.25358766317367554, 0.11149726808071136] [0.1902579665184021, -0.3467259705066681, 0.6979280710220337, 0.6565939784049988, 1.6566780805587769, 0.12280000001192093, -1.155060052871704, -1.1106579303741455]
[0.04750426858663559, -0.11129829287528992, 0.39533481001853943, 2.227024555206299, -0.31867414712905884, 0.2487564980983734] [0.1672479659318924, -0.33598798513412476, 0.6687820553779602, 0.7179539799690247, 1.6566780805587769, 0.12319999933242798, -1.1519920825958252, -1.1075899600982666]
[0.043607354164123535, -0.10858366638422012, 0.40203115344047546, 2.203181743621826, -0.35770782828330994, 0.27796536684036255] [0.14270396530628204, -0.32985198497772217, 0.6641800403594971, 0.7578380107879639, 1.6566780805587769, 0.12280000001192093, -1.135118007659912, -1.0876480340957642]
[0.037330906838178635, -0.10070639103651047, 0.40873461961746216, 2.1736576557159424, -0.40356704592704773, 0.3475812077522278] [0.13349996507167816, -0.3007059693336487, 0.6503740549087524, 0.808459997177124, 1.6566780805587769, 0.12280000001192093, -1.1105740070343018, -1.0631040334701538]
[0.030266951769590378, -0.08817901462316513, 0.4125727117061615, 2.1335511207580566, -0.4291088283061981, 0.4413641691207886] [0.13043196499347687, -0.2562199831008911, 0.6273640394210815, 0.8483439683914185, 1.6566780805587769, 0.12280000001192093, -1.0890980958938599, -1.040094017982483]
[0.020926298573613167, -0.07616467028856277, 0.4170744717121124, 2.0796401500701904, -0.45775237679481506, 0.5433470010757446] [0.12122795730829239, -0.22247196733951569, 0.6028200387954712, 0.8958979845046997, 1.6566780805587769, 0.12280000001192093, -1.0676220655441284, -1.020151972770691]
[0.010780124925076962, -0.06692039221525192, 0.4223877787590027, 2.020127058029175, -0.48892250657081604, 0.6371314525604248] [0.10895595699548721, -0.18872396647930145, 0.5798100233078003, 0.951121985912323, 1.6566780805587769, 0.12280000001192093, -1.0492141246795654, -1.0032780170440674]
[-0.005863368511199951, -0.05163942277431488, 0.42508167028427124, 1.8824400901794434, -0.49230653047561646, 0.8123822212219238] [0.0890139639377594, -0.17338396608829498, 0.4494200348854065, 1.0861139297485352, 1.6582120656967163, 0.12280000001192093, -1.030806064605713, -0.989471971988678]
[-0.025214577093720436, -0.0338546521961689, 0.4116861820220947, 1.684960126876831, -0.3623904287815094, 1.041769027709961] [0.08134396374225616, -0.17338396608829498, 0.2745440602302551, 1.248718023300171, 1.6582120656967163, 0.12280000001192093, -1.0216020345687866, -0.9802680015563965]
[-0.0341426245868206, -0.027463940903544426, 0.4026963710784912, 1.620978832244873, -0.27944037318229675, 1.123392939567566] [0.08287796378135681, -0.17184996604919434, 0.2377280443906784, 1.2763299942016602, 1.6597460508346558, 0.12319999933242798, -1.0093300342559814, -0.9679960012435913]
[-0.03666694462299347, -0.027529722079634666, 0.4037574827671051, 1.6192827224731445, -0.2831345200538635, 1.1262661218643188] [0.08287796378135681, -0.17184996604919434, 0.23005804419517517, 1.2778639793395996, 1.6766201257705688, 0.12280000001192093, -0.9970580339431763, -0.9557240009307861]
[-0.03929769992828369, -0.0263562873005867, 0.40224382281303406, 1.6261566877365112, -0.2705364227294922, 1.1340276002883911] [0.09514996409416199, -0.1611119657754898, 0.21318404376506805, 1.279397964477539, 1.6858240365982056, 0.12280000001192093, -0.9847860336303711, -0.9419180154800415]
[-0.042037080973386765, -0.024241425096988678, 0.399695485830307, 1.6190584897994995, -0.2477087676525116, 1.144496202468872] [0.10128595679998398, -0.15190796554088593, 0.18710604310035706, 1.279397964477539, 1.688892126083374, 0.12280000001192093, -0.9725140333175659, -0.9311800003051758]
[-0.04436175525188446, -0.022828951478004456, 0.3965802788734436, 1.6077138185501099, -0.2200622409582138, 1.1497912406921387] [0.10588795691728592, -0.15037396550178528, 0.15182404220104218, 1.279397964477539, 1.688892126083374, 0.12280000001192093, -0.9633100628852844, -0.9219759702682495]
[-0.046109478920698166, -0.022226663306355476, 0.3939114809036255, 1.593116283416748, -0.19228948652744293, 1.1488521099090576] [0.10742195695638657, -0.15037396550178528, 0.1165420413017273, 1.279397964477539, 1.7026981115341187, 0.12280000001192093, -0.9510380625724792, -0.912771999835968]
[-0.04769553616642952, -0.021769750863313675, 0.39097291231155396, 1.5933270454406738, -0.1651613414287567, 1.1480833292007446] [0.11355795711278915, -0.15037396550178528, 0.09199804067611694, 1.2809319496154785, 1.7165040969848633, 0.12319999933242798, -0.9403000473976135, -0.9020339846611023]
[-0.04959225654602051, -0.02141503244638443, 0.38702988624572754, 1.6006824970245361, -0.13765482604503632, 1.144662618637085] [0.13043196499347687, -0.15037396550178528, 0.06898804008960724, 1.2809319496154785, 1.7211060523986816, 0.12280000001192093, -0.9280280470848083, -0.8897619843482971]
[-0.05075324699282646, -0.02118253894150257, 0.383059024810791, 1.6006871461868286, -0.11276275664567947, 1.1412289142608643] [0.1442379653453827, -0.15037396550178528, 0.04444403946399689, 1.2809319496154785, 1.7195720672607422, 0.12280000001192093, -0.9249600768089294, -0.8866939544677734]
[-0.05143381282687187, -0.02111581712961197, 0.38126033544540405, 1.5999867916107178, -0.10159677267074585, 1.1397955417633057] [0.15190796554088593, -0.15037396550178528, 0.03677403926849365, 1.2809319496154785, 1.7195720672607422, 0.12319999933242798, -0.9249600768089294, -0.8866939544677734]
[-0.051999326795339584, -0.021122999489307404, 0.3808048367500305, 1.5970884561538696, -0.09803155809640884, 1.1393972635269165] [0.15344196557998657, -0.15037396550178528, 0.03370603919029236, 1.2809319496154785, 1.7195720672607422, 0.12280000001192093, -0.9249600768089294, -0.8882279992103577]
[-0.05182821676135063, -0.021132392808794975, 0.3799808919429779, 1.5981098413467407, -0.09283030778169632, 1.1371562480926514] [0.1580439656972885, -0.15037396550178528, 0.02296803891658783, 1.279397964477539, 1.7195720672607422, 0.12319999933242798, -0.9249600768089294, -0.8882279992103577]
[-0.05147341638803482, -0.021087655797600746, 0.37816953659057617, 1.5978946685791016, -0.07975900918245316, 1.1354687213897705] [0.15957796573638916, -0.15037396550178528, 0.01683203876018524, 1.279397964477539, 1.7195720672607422, 0.12280000001192093, -0.9280280470848083, -0.8897619843482971]
[-0.05104851350188255, -0.02130194380879402, 0.3779447078704834, 1.5982400178909302, -0.07816177606582642, 1.1321437358856201] [0.15957796573638916, -0.15190796554088593, 0.01683203876018524, 1.279397964477539, 1.7211060523986816, 0.12280000001192093, -0.9295620918273926, -0.8928300142288208]
[-0.050629012286663055, -0.021368185058236122, 0.3778521418571472, 1.599654197692871, -0.07781659066677094, 1.1305426359176636] [0.15957796573638916, -0.15190796554088593, 0.01683203876018524, 1.2763299942016602, 1.7195720672607422, 0.12280000001192093, -0.9326300621032715, -0.8958979845046997]
[-0.05022292584180832, -0.02134362980723381, 0.37783199548721313, 1.6003497838974, -0.07736074924468994, 1.130462408065796] [0.15957796573638916, -0.15344196557998657, 0.01683203876018524, 1.2747960090637207, 1.7195720672607422, 0.12280000001192093, -0.9372320771217346, -0.9020339846611023]
[-0.04888472333550453, -0.02181852236390114, 0.377996563911438, 1.6017950773239136, -0.077341228723526, 1.124253749847412] [0.15344196557998657, -0.15497596561908722, 0.01683203876018524, 1.2732620239257812, 1.7195720672607422, 0.12280000001192093, -0.9495040774345398, -0.9143059849739075]
[-0.047412581741809845, -0.021711939945816994, 0.37814411520957947, 1.601789951324463, -0.07533653825521469, 1.124032735824585] [0.14577196538448334, -0.15497596561908722, 0.015298038721084595, 1.2717280387878418, 1.7195720672607422, 0.12280000001192093, -0.9648440480232239, -0.9311800003051758]
[-0.04468977451324463, -0.021939339116215706, 0.3777070641517639, 1.6076310873031616, -0.0720350593328476, 1.1204187870025635] [0.1411699652671814, -0.15650996565818787, 0.015298038721084595, 1.2701940536499023, 1.7195720672607422, 0.12280000001192093, -0.9786500930786133, -0.9419180154800415]
[-0.041756730526685715, -0.021997617557644844, 0.3769886791706085, 1.6170148849487305, -0.06758730858564377, 1.1166635751724243] [0.13963596522808075, -0.1580439656972885, 0.01683203876018524, 1.2671259641647339, 1.7180380821228027, 0.12280000001192093, -0.9878540635108948, -0.9495880007743835]
[-0.03892618417739868, -0.02197793312370777, 0.3764970600605011, 1.6235657930374146, -0.0630461648106575, 1.112789511680603] [0.12889796495437622, -0.1580439656972885, 0.015298038721084595, 1.2655919790267944, 1.7134361267089844, 0.12280000001192093, -1.0016601085662842, -0.9633939862251282]
[-0.034032996743917465, -0.02258194610476494, 0.3762899339199066, 1.6197677850723267, -0.057950977236032486, 1.0959160327911377] [0.1150919571518898, -0.1580439656972885, 0.0122300386428833, 1.2533199787139893, 1.7057660818099976, 0.12280000001192093, -1.0170000791549683, -0.978734016418457]
[-0.030595311895012856, -0.0226544588804245, 0.3762153685092926, 1.6091985702514648, -0.05412847921252251, 1.0906037092208862] [0.10435395687818527, -0.1580439656972885, 0.0122300386428833, 1.2533199787139893, 1.6812220811843872, 0.12280000001192093, -1.0338740348815918, -0.9940739870071411]
[-0.02764868550002575, -0.022623518481850624, 0.37600576877593994, 1.5875052213668823, -0.052168723195791245, 1.0900192260742188] [0.08747996389865875, -0.1580439656972885, 0.010696038603782654, 1.248718023300171, 1.6674160957336426, 0.12280000001192093, -1.046146035194397, -1.0063459873199463]
[-0.023958414793014526, -0.022769147530198097, 0.3757234811782837, 1.5834935903549194, -0.04866570234298706, 1.0850495100021362] [0.07980996370315552, -0.1580439656972885, 0.010696038603782654, 1.2471840381622314, 1.6674160957336426, 0.12280000001192093, -1.0522820949554443, -1.0094139575958252]
[-0.021997345611453056, -0.022876912727952003, 0.3753945529460907, 1.5889772176742554, -0.04763320833444595, 1.0818949937820435] [0.07827596366405487, -0.1580439656972885, 0.010696038603782654, 1.245650053024292, 1.6658821105957031, 0.12280000001192093, -1.0538160800933838, -1.0109479427337646]
[-0.021048471331596375, -0.022877169772982597, 0.3746853470802307, 1.5926923751831055, -0.04396754503250122, 1.0815954208374023] [0.07827596366405487, -0.1580439656972885, 0.010696038603782654, 1.245650053024292, 1.6658821105957031, 0.12280000001192093, -1.0568840503692627, -1.014016032218933]
[-0.020169788971543312, -0.022925201803445816, 0.3744982182979584, 1.5946749448776245, -0.042932234704494476, 1.0799643993377686] [0.07367396354675293, -0.1580439656972885, 0.0122300386428833, 1.244115948677063, 1.6582120656967163, 0.12280000001192093, -1.0737581253051758, -1.035491943359375]
[-0.017586104571819305, -0.023453200235962868, 0.3762562870979309, 1.5701124668121338, -0.049458954483270645, 1.077491044998169] [0.05219796299934387, -0.16264596581459045, 0.0122300386428833, 1.245650053024292, 1.6459400653839111, 0.12280000001192093, -1.0998361110687256, -1.0615699291229248]
[-0.013776380568742752, -0.023493099957704544, 0.37668800354003906, 1.5642178058624268, -0.04852626100182533, 1.077430248260498] [0.029187962412834167, -0.1611119657754898, 0.010696038603782654, 1.244115948677063, 1.6413381099700928, 0.12280000001192093, -1.1259140968322754, -1.0876480340957642]
[-0.009275378659367561, -0.023846423253417015, 0.37698662281036377, 1.5621565580368042, -0.0487486869096756, 1.0758960247039795] [0.006177961826324463, -0.1611119657754898, 0.010696038603782654, 1.244115948677063, 1.6398041248321533, 0.12280000001192093, -1.1519920825958252, -1.113726019859314]
[-0.004993605427443981, -0.023502634838223457, 0.37754926085472107, 1.554395079612732, -0.04919080063700676, 1.0795990228652954] [-0.019900038838386536, -0.16264596581459045, 0.010696038603782654, 1.244115948677063, 1.633668065071106, 0.12280000001192093, -1.178070068359375, -1.1367360353469849]
[-0.0014671817189082503, -0.023573312908411026, 0.3776613771915436, 1.5535075664520264, -0.049340687692165375, 1.0798804759979248] [-0.04137603938579559, -0.1611119657754898, 0.010696038603782654, 1.244115948677063, 1.630600094795227, 0.12280000001192093, -1.2026140689849854, -1.1612800359725952]
[0.0033956633415073156, -0.023750169202685356, 0.3776896595954895, 1.548279047012329, -0.049646105617284775, 1.078534483909607] [-0.06898804008960724, -0.16264596581459045, 0.010696038603782654, 1.244115948677063, 1.6259980201721191, 0.12280000001192093, -1.2271580696105957, -1.1858240365982056]
[0.009374243207275867, -0.02419283799827099, 0.37768682837486267, 1.5458084344863892, -0.05042967572808266, 1.0756008625030518] [-0.09506604075431824, -0.16264596581459045, 0.010696038603782654, 1.2425819635391235, 1.6229300498962402, 0.12280000001192093, -1.2501680850982666, -1.2072999477386475]
[0.014520188793540001, -0.02470671571791172, 0.37789279222488403, 1.5399668216705322, -0.05281674489378929, 1.068092703819275] [-0.11807604134082794, -0.16264596581459045, 0.010696038603782654, 1.2318439483642578, 1.6183280944824219, 0.12280000001192093, -1.271644115447998, -1.2333779335021973]
[0.020250042900443077, -0.025298740714788437, 0.3776998519897461, 1.5387096405029297, -0.05308269336819649, 1.0543756484985352] [-0.14108604192733765, -0.1611119657754898, 0.010696038603782654, 1.2149699926376343, 1.6137261390686035, 0.12280000001192093, -1.29312002658844, -1.2533199787139893]
[0.025918645784258842, -0.0259634330868721, 0.3772895038127899, 1.533454418182373, -0.05387505888938904, 1.0390335321426392] [-0.1625620424747467, -0.1611119657754898, 0.010696038603782654, 1.1950279474258423, 1.6075900793075562, 0.12280000001192093, -1.313062071800232, -1.2747960090637207]
[0.031422194093465805, -0.02699987404048443, 0.3765832781791687, 1.5349055528640747, -0.053876154124736786, 1.020476222038269] [-0.17636804282665253, -0.1611119657754898, 0.010696038603782654, 1.1643480062484741, 1.6060560941696167, 0.12280000001192093, -1.325334072113037, -1.2870680093765259]
[0.038058213889598846, -0.028892647475004196, 0.37580516934394836, 1.5413963794708252, -0.05370435491204262, 0.985062837600708] [-0.18710604310035706, -0.1611119657754898, 0.010696038603782654, 1.1352019309997559, 1.6045221090316772, 0.12280000001192093, -1.3376060724258423, -1.2978060245513916]
[0.045995209366083145, -0.031524159014225006, 0.37501347064971924, 1.5481656789779663, -0.055015187710523605, 0.9323909878730774] [-0.191708043217659, -0.15650996565818787, 0.010696038603782654, 1.078444004058838, 1.6045221090316772, 0.12280000001192093, -1.3391400575637817, -1.2978060245513916]
[0.048873670399188995, -0.03277910500764847, 0.3761626183986664, 1.5467005968093872, -0.05868559330701828, 0.8979403376579285] [-0.19017404317855835, -0.15650996565818787, 0.009162038564682007, 1.035491943359375, 1.6045221090316772, 0.12280000001192093, -1.3391400575637817, -1.299340009689331]
[0.05267994850873947, -0.03363610431551933, 0.376139372587204, 1.5477105379104614, -0.05779556185007095, 0.8607214689254761] [-0.19017404317855835, -0.13963596522808075, 0.00762803852558136, 0.989471971988678, 1.6029881238937378, 0.12280000001192093, -1.3391400575637817, -1.2978060245513916]
[0.05345211923122406, -0.03314105048775673, 0.37627702951431274, 1.5478150844573975, -0.058062754571437836, 0.8549062609672546] [-0.191708043217659, -0.13656796514987946, 0.006094038486480713, 0.989471971988678, 1.6045221090316772, 0.12280000001192093, -1.3391400575637817, -1.2978060245513916]
[0.053241830319166183, -0.033144183456897736, 0.37627914547920227, 1.5446586608886719, -0.05659367889165878, 0.8564569354057312] [-0.19324204325675964, -0.13963596522808075, 0.003026038408279419, 0.9940739870071411, 1.6091240644454956, 0.12280000001192093, -1.3391400575637817, -1.2978060245513916]
[0.0527837760746479, -0.03338717669248581, 0.37643465399742126, 1.5471327304840088, -0.05573936179280281, 0.8579888939857483] [-0.19324204325675964, -0.1411699652671814, -0.001575961709022522, 0.99714195728302, 1.6121920347213745, 0.12280000001192093, -1.3345381021499634, -1.2932039499282837]
[0.05230691656470299, -0.033495351672172546, 0.37641170620918274, 1.544283151626587, -0.05335897207260132, 0.8578608632087708] [-0.19324204325675964, -0.15037396550178528, -0.00771196186542511, 1.014016032218933, 1.6121920347213745, 0.12319999933242798, -1.331470012664795, -1.2886019945144653]
[0.05133429914712906, -0.03554162383079529, 0.37612131237983704, 1.5366263389587402, -0.048140667378902435, 0.8544440269470215] [-0.191708043217659, -0.16571396589279175, -0.021517962217330933, 1.014016032218933, 1.615260124206543, 0.12280000001192093, -1.3207321166992188, -1.2778639793395996]
[0.049709122627973557, -0.03637726604938507, 0.37560218572616577, 1.5233194828033447, -0.03772228583693504, 0.8518185615539551] [-0.191708043217659, -0.1672479659318924, -0.035323962569236755, 1.0216859579086304, 1.615260124206543, 0.12280000001192093, -1.3145960569381714, -1.2717280387878418]
[0.04792296886444092, -0.036269597709178925, 0.37579265236854553, 1.5167323350906372, -0.03500162810087204, 0.8558998107910156] [-0.19017404317855835, -0.1672479659318924, -0.039925962686538696, 1.0232199430465698, 1.615260124206543, 0.12280000001192093, -1.309994101524353, -1.2686599493026733]
[0.046578548848629, -0.036174677312374115, 0.3762497901916504, 1.5102488994598389, -0.03455866873264313, 0.85869961977005] [-0.191708043217659, -0.1672479659318924, -0.04299396276473999, 1.0278220176696777, 1.6183280944824219, 0.12280000001192093, -1.3084601163864136, -1.2655919790267944]
[0.04580988362431526, -0.03603816032409668, 0.37652787566185, 1.510750412940979, -0.03476286679506302, 0.8616256713867188] [-0.191708043217659, -0.1672479659318924, -0.04452796280384064, 1.0339579582214355, 1.6183280944824219, 0.12280000001192093, -1.3084601163864136, -1.2655919790267944]
[0.04471053555607796, -0.0355522446334362, 0.3769644796848297, 1.5079740285873413, -0.03604472801089287, 0.8693521022796631] [-0.191708043217659, -0.16878196597099304, -0.04452796280384064, 1.0462299585342407, 1.6244640350341797, 0.12280000001192093, -1.3069260120391846, -1.2625240087509155]
[0.0429668053984642, -0.0356120690703392, 0.3764943778514862, 1.5179356336593628, -0.029271598905324936, 0.8808329105377197] [-0.191708043217659, -0.17951996624469757, -0.05679996311664581, 1.0646380186080933, 1.6413381099700928, 0.12280000001192093, -1.3007900714874268, -1.2563879489898682]
[0.04071154445409775, -0.03618963435292244, 0.37588393688201904, 1.5230880975723267, -0.018598008900880814, 0.8901127576828003] [-0.191708043217659, -0.19179196655750275, -0.07060596346855164, 1.0891820192337036, 1.6551440954208374, 0.12280000001192093, -1.2915860414505005, -1.248718023300171]
[0.03900546580553055, -0.03777032345533371, 0.3757918179035187, 1.522367000579834, -0.011967307887971401, 0.88874351978302] [-0.191708043217659, -0.20559796690940857, -0.08287796378135681, 1.1014540195465088, 1.6597460508346558, 0.12280000001192093, -1.2823820114135742, -1.2364460229873657]
[0.03574168309569359, -0.038700275123119354, 0.3757682740688324, 1.5190764665603638, -0.0034219278022646904, 0.8976494073867798] [-0.191708043217659, -0.22093796730041504, -0.09975196421146393, 1.1367360353469849, 1.6735520362854004, 0.12280000001192093, -1.2701101303100586, -1.2241740226745605]
[0.03192289173603058, -0.03983726724982262, 0.37540295720100403, 1.5164111852645874, 0.008296629413962364, 0.9088614583015442] [-0.191708043217659, -0.2424139678478241, -0.11355795711278915, 1.167415976524353, 1.6858240365982056, 0.12280000001192093, -1.2593721151351929, -1.2165039777755737]
[0.028190426528453827, -0.041430626064538956, 0.37566888332366943, 1.5150614976882935, 0.013272218406200409, 0.9179251194000244] [-0.191708043217659, -0.2623559832572937, -0.11969395726919174, 1.1965620517730713, 1.6873581409454346, 0.12280000001192093, -1.254770040512085, -1.2119020223617554]
[0.02528240531682968, -0.04279215261340141, 0.37575867772102356, 1.5128402709960938, 0.01741192676126957, 0.9241178035736084] [-0.191708043217659, -0.2792299687862396, -0.12736396491527557, 1.222640037536621, 1.691960096359253, 0.12280000001192093, -1.251702070236206, -1.2072999477386475]
[0.022718193009495735, -0.04379001632332802, 0.3758179247379303, 1.513535976409912, 0.02075994573533535, 0.9323117733001709] [-0.191708043217659, -0.29303598403930664, -0.13349996507167816, 1.241047978401184, 1.6980960369110107, 0.12280000001192093, -1.2471001148223877, -1.202697992324829]
[0.020840641111135483, -0.04486803337931633, 0.3757074475288391, 1.5142191648483276, 0.025632604956626892, 0.9338895082473755] [-0.191708043217659, -0.30223995447158813, -0.13963596522808075, 1.2548539638519287, 1.704232096672058, 0.12280000001192093, -1.2378960847854614, -1.1950279474258423]
[0.018468087539076805, -0.04497748613357544, 0.37560614943504333, 1.512652039527893, 0.032113559544086456, 0.9425982236862183] [-0.19324204325675964, -0.3083759546279907, -0.15190796554088593, 1.2763299942016602, 1.711902141571045, 0.12280000001192093, -1.2302260398864746, -1.1888920068740845]
[0.016438614577054977, -0.045087624341249466, 0.3752365708351135, 1.5143190622329712, 0.039428241550922394, 0.9497486352920532] [-0.191708043217659, -0.3145119547843933, -0.16264596581459045, 1.2855340242385864, 1.7257081270217896, 0.12280000001192093, -1.2194880247116089, -1.1766200065612793]
[0.01455132570117712, -0.04605189338326454, 0.37528786063194275, 1.5202590227127075, 0.046086620539426804, 0.9470729827880859] [-0.19324204325675964, -0.3237159848213196, -0.17645196616649628, 1.2932039499282837, 1.7349120378494263, 0.12280000001192093, -1.2087500095367432, -1.1643480062484741]
[0.012440143153071404, -0.04835324361920357, 0.37476491928100586, 1.5185075998306274, 0.0562688484787941, 0.9373151659965515] [-0.191708043217659, -0.34519195556640625, -0.19179196655750275, 1.3100780248641968, 1.7441160678863525, 0.12280000001192093, -1.1964781284332275, -1.1536099910736084]
[0.008888192474842072, -0.05060499534010887, 0.3748725354671478, 1.5146366357803345, 0.0630333200097084, 0.9368483424186707] [-0.19324204325675964, -0.3666679859161377, -0.20559796690940857, 1.3346220254898071, 1.7471840381622314, 0.12280000001192093, -1.1826720237731934, -1.1398040056228638]
[0.005946131888777018, -0.05298890545964241, 0.37458890676498413, 1.5121456384658813, 0.07195664942264557, 0.9280808568000793] [-0.191708043217659, -0.3896779716014862, -0.22707396745681763, 1.3499619960784912, 1.7563880681991577, 0.12280000001192093, -1.1673320531845093, -1.1259980201721191]
[0.0019935553427785635, -0.055785782635211945, 0.3743927478790283, 1.5100528001785278, 0.08011016994714737, 0.9250108599662781] [-0.19324204325675964, -0.4157559871673584, -0.2393459677696228, 1.3898459672927856, 1.7609901428222656, 0.12280000001192093, -1.1611961126327515, -1.1198619604110718]
[-0.0022573203314095736, -0.05748545005917549, 0.3742578625679016, 1.5127395391464233, 0.08467946946620941, 0.9332808256149292] [-0.191708043217659, -0.4387659728527069, -0.2454819679260254, 1.4174580574035645, 1.7717280387878418, 0.12280000001192093, -1.1519920825958252, -1.1121920347213745]
[-0.005580177064985037, -0.05930287763476372, 0.37391048669815063, 1.5187551975250244, 0.0896323099732399, 0.9357566237449646] [-0.19324204325675964, -0.4541059732437134, -0.2500839829444885, 1.434332013130188, 1.7763301134109497, 0.12280000001192093, -1.142788052558899, -1.1014540195465088]
[-0.008184568956494331, -0.05965416505932808, 0.37409964203834534, 1.5163761377334595, 0.09341877698898315, 0.938673198223114] [-0.19324204325675964, -0.45563995838165283, -0.2623559832572937, 1.4435360431671143, 1.785534143447876, 0.12280000001192093, -1.1289820671081543, -1.0876480340957642]
[-0.011362272314727306, -0.059219881892204285, 0.3735521733760834, 1.5166244506835938, 0.10417573153972626, 0.9476131796836853] [-0.191708043217659, -0.45563995838165283, -0.28076398372650146, 1.4619439840316772, 1.7978060245513916, 0.12280000001192093, -1.1136420965194702, -1.0723079442977905]
[-0.01541866920888424, -0.059785716235637665, 0.37315085530281067, 1.518601417541504, 0.11649969965219498, 0.9497511982917786] [-0.191708043217659, -0.46330997347831726, -0.2976379692554474, 1.4665460586547852, 1.8100781440734863, 0.12280000001192093, -1.0983021259307861, -1.0600359439849854]
[-0.01760992221534252, -0.062224920839071274, 0.3731641173362732, 1.518808364868164, 0.12103022634983063, 0.9322683215141296] [-0.191708043217659, -0.47864997386932373, -0.31297796964645386, 1.4711480140686035, 1.8177480697631836, 0.12280000001192093, -1.0829620361328125, -1.0446959733963013]
[-0.019733525812625885, -0.06399369984865189, 0.3728489875793457, 1.5182693004608154, 0.1274460107088089, 0.9211404323577881] [-0.191708043217659, -0.48938798904418945, -0.32985198497772217, 1.4772839546203613, 1.8254181146621704, 0.12280000001192093, -1.0676220655441284, -1.0278220176696777]
[-0.022628867998719215, -0.06464242935180664, 0.372575581073761, 1.5057021379470825, 0.13590942323207855, 0.9153891205787659] [-0.191708043217659, -0.48938798904418945, -0.34825998544692993, 1.4803520441055298, 1.8330880403518677, 0.12280000001192093, -1.0538160800933838, -1.0155500173568726]
[-0.024793773889541626, -0.064896360039711, 0.3725661635398865, 1.4932668209075928, 0.14157675206661224, 0.9109423160552979] [-0.191708043217659, -0.48938798904418945, -0.363599956035614, 1.4803520441055298, 1.8438260555267334, 0.12280000001192093, -1.0400100946426392, -1.001744031906128]
[-0.027487410232424736, -0.06537631154060364, 0.37264594435691833, 1.4786787033081055, 0.14648908376693726, 0.9040253162384033] [-0.191708043217659, -0.48938798904418945, -0.3758719563484192, 1.4803520441055298, 1.8530300855636597, 0.12280000001192093, -1.0292720794677734, -0.9925400018692017]
[-0.02967172861099243, -0.0657699927687645, 0.37267380952835083, 1.468380093574524, 0.14961528778076172, 0.8990101218223572] [-0.191708043217659, -0.48938798904418945, -0.38507598638534546, 1.4803520441055298, 1.8530300855636597, 0.12280000001192093, -1.0185340642929077, -0.9833359718322754]
[-0.031633973121643066, -0.06613221764564514, 0.3728746473789215, 1.458315372467041, 0.15114907920360565, 0.8944234251976013] [-0.191708043217659, -0.48938798904418945, -0.39427995681762695, 1.4803520441055298, 1.8545640707015991, 0.12280000001192093, -1.0123980045318604, -0.9771999716758728]
[-0.033213503658771515, -0.06642991304397583, 0.37317416071891785, 1.449054479598999, 0.1517622321844101, 0.8903738856315613] [-0.191708043217659, -0.48938798904418945, -0.40041595697402954, 1.4803520441055298, 1.8545640707015991, 0.12280000001192093, -1.0062620639801025, -0.9695299863815308]
[-0.03454486280679703, -0.06673198193311691, 0.3729041516780853, 1.4431488513946533, 0.15490096807479858, 0.8868087530136108] [-0.191708043217659, -0.48938798904418945, -0.41115397214889526, 1.4803520441055298, 1.8545640707015991, 0.12280000001192093, -0.9939900636672974, -0.958791971206665]
[-0.0361834280192852, -0.06719488650560379, 0.37275779247283936, 1.4339642524719238, 0.1584167629480362, 0.8815606236457825] [-0.19017404317855835, -0.48938798904418945, -0.421891987323761, 1.4803520441055298, 1.8545640707015991, 0.12280000001192093, -0.9801840782165527, -0.9449859857559204]
[-0.03816328942775726, -0.06766441464424133, 0.3720466196537018, 1.4261929988861084, 0.1648758351802826, 0.8758766055107117] [-0.18710604310035706, -0.48938798904418945, -0.43416398763656616, 1.4803520441055298, 1.8560980558395386, 0.12280000001192093, -0.9648440480232239, -0.9311800003051758]
[-0.04062565416097641, -0.06792321801185608, 0.37193429470062256, 1.4153963327407837, 0.16795021295547485, 0.8714941740036011] [-0.1855720430612564, -0.48938798904418945, -0.4449019730091095, 1.4818860292434692, 1.8560980558395386, 0.12280000001192093, -0.9510380625724792, -0.9189079999923706]
[-0.0429423488676548, -0.06837951391935349, 0.37204551696777344, 1.4035227298736572, 0.1690920740365982, 0.865444540977478] [-0.1855720430612564, -0.48938798904418945, -0.4525719881057739, 1.4818860292434692, 1.8560980558395386, 0.12280000001192093, -0.9403000473976135, -0.9081699848175049]
[-0.044620804488658905, -0.06863007694482803, 0.3720587491989136, 1.3963983058929443, 0.16948628425598145, 0.8618631958961487] [-0.18250404298305511, -0.4878539741039276, -0.4587079882621765, 1.4818860292434692, 1.8560980558395386, 0.12280000001192093, -0.931096076965332, -0.9004999995231628]
[-0.047086529433727264, -0.06893781572580338, 0.3722904622554779, 1.3856749534606934, 0.16844718158245087, 0.857000470161438] [-0.18250404298305511, -0.48938798904418945, -0.467911958694458, 1.4818860292434692, 1.8560980558395386, 0.12280000001192093, -0.9203580617904663, -0.8897619843482971]
[-0.04838680475950241, -0.06912781298160553, 0.3722837567329407, 1.3803726434707642, 0.16870777308940887, 0.8542585372924805] [-0.18097004294395447, -0.48938798904418945, -0.46944597363471985, 1.4818860292434692, 1.857632040977478, 0.12280000001192093, -0.9142220616340637, -0.885159969329834]
[-0.04979309067130089, -0.06923928111791611, 0.3725968897342682, 1.3754973411560059, 0.16590440273284912, 0.8528359532356262] [-0.17943604290485382, -0.48938798904418945, -0.4709799885749817, 1.4818860292434692, 1.857632040977478, 0.12280000001192093, -0.9142220616340637, -0.885159969329834]
[-0.05041150748729706, -0.06918396055698395, 0.3728395700454712, 1.3730432987213135, 0.1641613394021988, 0.8523623943328857] [-0.17943604290485382, -0.48938798904418945, -0.4709799885749817, 1.4818860292434692, 1.859166145324707, 0.12280000001192093, -0.9172900915145874, -0.8882279992103577]
[-0.05009951442480087, -0.0693557858467102, 0.3728385269641876, 1.3738056421279907, 0.16382355988025665, 0.8511949181556702] [-0.17943604290485382, -0.48938798904418945, -0.46944597363471985, 1.4742159843444824, 1.8607001304626465, 0.12280000001192093, -0.9218920469284058, -0.8958979845046997]
[-0.047236185520887375, -0.06965343654155731, 0.37291833758354187, 1.379081130027771, 0.16692839562892914, 0.8374959230422974] [-0.17943604290485382, -0.4909219741821289, -0.467911958694458, 1.469614028930664, 1.8607001304626465, 0.12280000001192093, -0.931096076965332, -0.905102014541626]
[-0.04458343982696533, -0.06954499334096909, 0.37263157963752747, 1.383050799369812, 0.17388075590133667, 0.8279979228973389] [-0.17943604290485382, -0.49245595932006836, -0.467911958694458, 1.4604099988937378, 1.8607001304626465, 0.12280000001192093, -0.9418340921401978, -0.9158399701118469]
[-0.04108300805091858, -0.07077241688966751, 0.3728451132774353, 1.3883037567138672, 0.17214912176132202, 0.8102987408638] [-0.18097004294395447, -0.5031939744949341, -0.46330997347831726, 1.4466040134429932, 1.8607001304626465, 0.12280000001192093, -0.9602420330047607, -0.9373160004615784]
[-0.03775648772716522, -0.07498670369386673, 0.37357470393180847, 1.4029297828674316, 0.16191597282886505, 0.7839310169219971] [-0.1886400431394577, -0.5446119904518127, -0.46024197340011597, 1.4435360431671143, 1.8607001304626465, 0.12280000001192093, -0.9786500930786133, -0.9557240009307861]
[-0.03389328345656395, -0.07949578016996384, 0.3731757700443268, 1.422881007194519, 0.1562734693288803, 0.7556328773498535] [-0.191708043217659, -0.56455397605896, -0.45563995838165283, 1.4404679536819458, 1.8607001304626465, 0.12280000001192093, -0.9955240488052368, -0.9710639715194702]
[-0.030498212203383446, -0.08048072457313538, 0.3727545440196991, 1.4345345497131348, 0.15619483590126038, 0.7499171495437622] [-0.19324204325675964, -0.5676219463348389, -0.4479699730873108, 1.437399983406067, 1.8607001304626465, 0.12280000001192093, -1.0093300342559814, -0.9864040017127991]
[-0.027003027498722076, -0.08070077002048492, 0.37195467948913574, 1.4459710121154785, 0.15961727499961853, 0.7481483817100525] [-0.19324204325675964, -0.5676219463348389, -0.44029998779296875, 1.4251279830932617, 1.8607001304626465, 0.12280000001192093, -1.023136019706726, -1.0002100467681885]
[-0.02203550934791565, -0.08194201439619064, 0.3722180128097534, 1.4549143314361572, 0.15365558862686157, 0.7299416661262512] [-0.19324204325675964, -0.5676219463348389, -0.43416398763656616, 1.399049997329712, 1.8607001304626465, 0.12280000001192093, -1.0369420051574707, -1.0094139575958252]
[-0.01767408289015293, -0.08321347087621689, 0.3718392550945282, 1.4635988473892212, 0.15184229612350464, 0.7132614850997925] [-0.19324204325675964, -0.5676219463348389, -0.4249599575996399, 1.37910795211792, 1.8607001304626465, 0.12280000001192093, -1.0522820949554443, -1.0262880325317383]
[-0.014389045536518097, -0.08393428474664688, 0.3721581995487213, 1.4709721803665161, 0.14592373371124268, 0.7043969631195068] [-0.19324204325675964, -0.5676219463348389, -0.41422197222709656, 1.3545639514923096, 1.859166145324707, 0.12280000001192093, -1.0691560506820679, -1.0446959733963013]
[-0.009107178077101707, -0.08551999926567078, 0.37251752614974976, 1.482117772102356, 0.13624463975429535, 0.6843399405479431] [-0.1947760432958603, -0.5676219463348389, -0.4019499719142914, 1.3330880403518677, 1.857632040977478, 0.12280000001192093, -1.0921660661697388, -1.0661720037460327]
[-0.0036137965507805347, -0.08693579584360123, 0.37293198704719543, 1.4910858869552612, 0.12895537912845612, 0.667051374912262] [-0.20244604349136353, -0.5676219463348389, -0.3927459716796875, 1.3070099353790283, 1.857632040977478, 0.12280000001192093, -1.1151760816574097, -1.0922499895095825]
[0.004488750360906124, -0.0895652249455452, 0.37290799617767334, 1.4985857009887695, 0.1234491616487503, 0.6365565657615662] [-0.2147180438041687, -0.5676219463348389, -0.3896779716014862, 1.2732620239257812, 1.8560980558395386, 0.12280000001192093, -1.1366521120071411, -1.109123945236206]
[0.010863582603633404, -0.09217040240764618, 0.3730943202972412, 1.5022393465042114, 0.11838748306035995, 0.6061453223228455] [-0.22238804399967194, -0.5676219463348389, -0.3866099715232849, 1.244115948677063, 1.8545640707015991, 0.12280000001192093, -1.1519920825958252, -1.129065990447998]
[0.014983206056058407, -0.09371646493673325, 0.3732132613658905, 1.5050344467163086, 0.1145472377538681, 0.5885847806930542] [-0.23159204423427582, -0.5676219463348389, -0.3820079565048218, 1.2134360074996948, 1.8545640707015991, 0.12280000001192093, -1.1704000234603882, -1.1444059610366821]
[0.02091231197118759, -0.09660566598176956, 0.37280261516571045, 1.5108661651611328, 0.11039832979440689, 0.5570273995399475] [-0.23619404435157776, -0.5691559910774231, -0.3758719563484192, 1.187358021736145, 1.8530300855636597, 0.12280000001192093, -1.1872740983963013, -1.1628140211105347]
[0.026047417894005775, -0.09835795313119888, 0.37316256761550903, 1.5184179544448853, 0.10230802744626999, 0.5373580455780029] [-0.243864044547081, -0.5676219463348389, -0.36513397097587585, 1.1628140211105347, 1.8530300855636597, 0.12280000001192093, -1.2072160243988037, -1.1842899322509766]
[0.03229686617851257, -0.10026636719703674, 0.3736979365348816, 1.5289467573165894, 0.09128200262784958, 0.5169709920883179] [-0.25613605976104736, -0.5676219463348389, -0.3497939705848694, 1.1367360353469849, 1.8484281301498413, 0.12280000001192093, -1.2286920547485352, -1.2042319774627686]
[0.0377601757645607, -0.10235459357500076, 0.3736339807510376, 1.5361449718475342, 0.0855146050453186, 0.4936096966266632] [-0.2638060450553894, -0.5676219463348389, -0.34212398529052734, 1.1121920347213745, 1.8407580852508545, 0.12280000001192093, -1.2486340999603271, -1.2241740226745605]
[0.042072512209415436, -0.10354980826377869, 0.3736485242843628, 1.5396753549575806, 0.08157322555780411, 0.48171186447143555] [-0.2806800603866577, -0.5676219463348389, -0.3375219702720642, 1.0953179597854614, 1.8300200700759888, 0.12280000001192093, -1.2655080556869507, -1.245650053024292]
[0.04556141793727875, -0.10488341003656387, 0.3739486634731293, 1.542341709136963, 0.0759906992316246, 0.46801915764808655] [-0.2929520606994629, -0.5676219463348389, -0.32985198497772217, 1.0738420486450195, 1.8208160400390625, 0.12280000001192093, -1.290052056312561, -1.2686599493026733]
[0.051901645958423615, -0.10712269693613052, 0.3747878074645996, 1.5377347469329834, 0.06277810037136078, 0.4467809796333313] [-0.31442803144454956, -0.5676219463348389, -0.3237159848213196, 1.0600359439849854, 1.8100781440734863, 0.12280000001192093, -1.3145960569381714, -1.2947380542755127]
[0.05558411031961441, -0.10774655640125275, 0.3750155568122864, 1.5323518514633179, 0.05735630914568901, 0.4406747817993164] [-0.335904061794281, -0.5676219463348389, -0.31911396980285645, 1.0477639436721802, 1.803942084312439, 0.12280000001192093, -1.331470012664795, -1.3100780248641968]
[0.06239796429872513, -0.11114943772554398, 0.3728165626525879, 1.5338053703308105, 0.06176212802529335, 0.4073098301887512] [-0.33743804693222046, -0.5676219463348389, -0.31911396980285645, 1.012481927871704, 1.7947380542755127, 0.12280000001192093, -1.331470012664795, -1.3100780248641968]
[0.06523402780294418, -0.11324161291122437, 0.3715256154537201, 1.517837643623352, 0.06412545591592789, 0.38634565472602844] [-0.335904061794281, -0.5660879611968994, -0.3206479549407959, 0.9910060167312622, 1.7824660539627075, 0.12280000001192093, -1.331470012664795, -1.3100780248641968]
[0.06686791777610779, -0.11493899673223495, 0.37114468216896057, 1.5168086290359497, 0.06299678236246109, 0.37047848105430603] [-0.335904061794281, -0.5660879611968994, -0.3206479549407959, 0.9802680015563965, 1.7824660539627075, 0.12280000001192093, -1.331470012664795, -1.3100780248641968]
[0.06731070578098297, -0.11513222754001617, 0.37083667516708374, 1.5175367593765259, 0.06425153464078903, 0.369033545255661] [-0.33437004685401917, -0.5660879611968994, -0.31911396980285645, 0.9802680015563965, 1.7824660539627075, 0.12280000001192093, -1.331470012664795, -1.3100780248641968]
[0.06732382625341415, -0.11503615230321884, 0.3705286979675293, 1.5169860124588013, 0.06631827354431152, 0.3701916038990021] [-0.335904061794281, -0.5660879611968994, -0.31911396980285645, 0.9802680015563965, 1.7824660539627075, 0.12280000001192093, -1.331470012664795, -1.3100780248641968]
[0.06731773912906647, -0.11509627103805542, 0.3710283935070038, 1.5169676542282104, 0.06309791654348373, 0.36899280548095703] [-0.33743804693222046, -0.5676219463348389, -0.31604596972465515, 0.9802680015563965, 1.7824660539627075, 0.12280000001192093, -1.331470012664795, -1.3085440397262573]
[0.06710885465145111, -0.11500944197177887, 0.3735036551952362, 1.5252654552459717, 0.044852182269096375, 0.37122249603271484] [-0.3420400619506836, -0.5676219463348389, -0.2853659689426422, 0.9695299863815308, 1.7824660539627075, 0.12280000001192093, -1.328402042388916, -1.3085440397262573]
[0.0676012709736824, -0.1170000284910202, 0.3784603774547577, 1.548863410949707, 0.003895379835739732, 0.3547557294368744] [-0.34050604701042175, -0.5752919912338257, -0.2362779676914215, 0.9357819557189941, 1.7824660539627075, 0.12280000001192093, -1.3268680572509766, -1.3085440397262573]
[0.06766390055418015, -0.1243668794631958, 0.3845328688621521, 1.589571475982666, -0.049577001482248306, 0.30583372712135315] [-0.33437004685401917, -0.6167099475860596, -0.14270396530628204, 0.8836259841918945, 1.7886021137237549, 0.12280000001192093, -1.3268680572509766, -1.3085440397262573]
[0.06745867431163788, -0.14702023565769196, 0.40738949179649353, 1.8334434032440186, -0.24427466094493866, 0.13615752756595612] [-0.3251660466194153, -0.638185977935791, 0.16409604251384735, 0.630515992641449, 1.8484281301498413, 0.12240000069141388, -1.328402042388916, -1.3100780248641968]
[0.061290059238672256, -0.19226045906543732, 0.42795252799987793, 2.3288919925689697, -0.39524489641189575, -0.2711709141731262] [-0.3159620463848114, -0.6366519927978516, 0.5721400380134583, 0.35899797081947327, 1.8484281301498413, 0.12240000069141388, -1.328402042388916, -1.3100780248641968]
[0.05685363709926605, -0.217173770070076, 0.4200078845024109, 2.60856294631958, -0.3134399354457855, -0.4865988492965698] [-0.29448604583740234, -0.6351180076599121, 0.8329200744628906, 0.09821796417236328, 1.8484281301498413, 0.12240000069141388, -1.3299360275268555, -1.3116120100021362]
[0.05245157703757286, -0.23715922236442566, 0.4006125330924988, 2.917978286743164, -0.14732930064201355, -0.6339918971061707] [-0.2469320446252823, -0.638185977935791, 1.0737581253051758, 0.03378996253013611, 1.8499621152877808, 0.12240000069141388, -1.328402042388916, -1.3131459951400757]
[0.05393243208527565, -0.23925435543060303, 0.3859553635120392, 3.0289483070373535, -0.07568512111902237, -0.6331467032432556] [-0.16102804243564606, -0.6366519927978516, 1.1826720237731934, 0.03225596249103546, 1.859166145324707, 0.12240000069141388, -1.3299360275268555, -1.3162139654159546]
[0.055548109114170074, -0.2395290583372116, 0.37132564187049866, 3.007810354232788, -0.005479168612509966, -0.6303615570068359] [-0.04751203954219818, -0.6335839629173279, 1.2148860692977905, 0.03225596249103546, 1.859166145324707, 0.12240000069141388, -1.331470012664795, -1.3146799802780151]
[0.05502884089946747, -0.23834867775440216, 0.3357968032360077, 2.9293220043182373, 0.1656247228384018, -0.6320997476577759] [0.14577196538448334, -0.6259139776229858, 1.2532360553741455, 0.03378996253013611, 1.859166145324707, 0.12240000069141388, -1.331470012664795, -1.3146799802780151]
[0.054263774305582047, -0.23569612205028534, 0.32020437717437744, 2.9158289432525635, 0.2406749576330185, -0.6251930594444275] [0.2132679671049118, -0.6090399622917175, 1.290052056312561, 0.03378996253013611, 1.859166145324707, 0.12240000069141388, -1.331470012664795, -1.3146799802780151]
[0.054101794958114624, -0.2358420044183731, 0.31911277770996094, 2.941162347793579, 0.24613304436206818, -0.6255286931991577] [0.22247196733951569, -0.6075059771537781, 1.309994101524353, 0.03225596249103546, 1.859166145324707, 0.12240000069141388, -1.333004117012024, -1.317747950553894]
[0.052824120968580246, -0.23592494428157806, 0.31414517760276794, 2.926358222961426, 0.27031171321868896, -0.630342423915863] [0.25315195322036743, -0.6059719920158386, 1.3145960569381714, 0.03378996253013611, 1.857632040977478, 0.12280000001192093, -1.333004117012024, -1.3162139654159546]
[0.052302535623311996, -0.2358698546886444, 0.31240299344062805, 2.9224960803985596, 0.2789493799209595, -0.6322762370109558] [0.2623559832572937, -0.6075059771537781, 1.3161300420761108, 0.035323962569236755, 1.857632040977478, 0.12240000069141388, -1.333004117012024, -1.3146799802780151]
[0.05201094225049019, -0.2356267124414444, 0.3105212152004242, 2.9158616065979004, 0.2881746292114258, -0.6329176425933838] [0.2715599536895752, -0.6044379472732544, 1.3161300420761108, 0.03378996253013611, 1.857632040977478, 0.12240000069141388, -1.3345381021499634, -1.3146799802780151]
[0.051927220076322556, -0.23541077971458435, 0.3097471296787262, 2.9140992164611816, 0.29164665937423706, -0.6324995756149292] [0.2715599536895752, -0.6044379472732544, 1.3161300420761108, 0.03378996253013611, 1.857632040977478, 0.12240000069141388, -1.3360720872879028, -1.3146799802780151]
[0.05212946981191635, -0.23542945086956024, 0.3097875416278839, 2.914395332336426, 0.29127535223960876, -0.6325075030326843] [0.2715599536895752, -0.6044379472732544, 1.3145960569381714, 0.03378996253013611, 1.857632040977478, 0.12240000069141388, -1.3360720872879028, -1.3146799802780151]
[0.05187295749783516, -0.2356412559747696, 0.30975669622421265, 2.9128940105438232, 0.29151666164398193, -0.6341647505760193] [0.27309396862983704, -0.6059719920158386, 1.3161300420761108, 0.035323962569236755, 1.857632040977478, 0.12240000069141388, -1.3360720872879028, -1.3146799802780151]
[0.05202784016728401, -0.23548248410224915, 0.3095425069332123, 2.9137322902679443, 0.29235270619392395, -0.6327322125434875] [0.27309396862983704, -0.6044379472732544, 1.3161300420761108, 0.03378996253013611, 1.857632040977478, 0.12240000069141388, -1.3360720872879028, -1.3146799802780151]
[0.05177753046154976, -0.2356671243906021, 0.30975061655044556, 2.913193941116333, 0.29126423597335815, -0.6341016888618469] [0.27309396862983704, -0.6044379472732544, 1.3161300420761108, 0.035323962569236755, 1.857632040977478, 0.12240000069141388, -1.3360720872879028, -1.3146799802780151]
[0.051885511726140976, -0.2357291281223297, 0.3099539577960968, 2.914365530014038, 0.2901811897754669, -0.6337936520576477] [0.27309396862983704, -0.6059719920158386, 1.3161300420761108, 0.035323962569236755, 1.857632040977478, 0.12240000069141388, -1.3360720872879028, -1.3146799802780151]
[0.05211315304040909, -0.23559054732322693, 0.30941256880760193, 2.913994312286377, 0.29252317547798157, -0.6324910521507263] [0.27309396862983704, -0.6044379472732544, 1.3145960569381714, 0.035323962569236755, 1.857632040977478, 0.12240000069141388, -1.3345381021499634, -1.3146799802780151]
[0.05179217830300331, -0.2357483059167862, 0.30963313579559326, 2.913468599319458, 0.29155969619750977, -0.6340627670288086] [0.27309396862983704, -0.6059719920158386, 1.3145960569381714, 0.035323962569236755, 1.857632040977478, 0.12240000069141388, -1.3345381021499634, -1.3146799802780151]
