[0.07534170895814896, -0.16922923922538757, 0.3253426253795624, 2.876432418823242, 0.01410615537315607, -0.15959513187408447] [0.4418339729309082, -0.39734798669815063, 1.1949440240859985, 0.5507479906082153, 1.857632040977478, 0.9968000054359436, -1.3038580417633057, -1.2962720394134521]
[0.07520437240600586, -0.1693331003189087, 0.32322314381599426, 2.875338077545166, 0.024502020329236984, -0.1596280336380005] [0.4510379731655121, -0.3988819718360901, 1.1949440240859985, 0.5507479906082153, 1.857632040977478, 0.9968000054359436, -1.3161300420761108, -1.2932039499282837]
[0.07592983543872833, -0.1692993938922882, 0.32088783383369446, 2.873586654663086, 0.03538280352950096, -0.159005805850029] [0.4525719881057739, -0.3988819718360901, 1.1964781284332275, 0.5507479906082153, 1.857632040977478, 0.9968000054359436, -1.3161300420761108, -1.2932039499282837]
[0.07654546201229095, -0.16932323575019836, 0.3197704553604126, 2.8728413581848145, 0.04094892740249634, -0.1590128391981125] [0.4541059732437134, -0.3988819718360901, 1.1949440240859985, 0.5507479906082153, 1.857632040977478, 0.9968000054359436, -1.3176640272140503, -1.2947380542755127]
[0.07677954435348511, -0.1693171262741089, 0.3195416033267975, 2.872702121734619, 0.04215046390891075, -0.1589374542236328] [0.4541059732437134, -0.3988819718360901, 1.1949440240859985, 0.5492140054702759, 1.857632040977478, 0.9968000054359436, -1.3176640272140503, -1.2932039499282837]
[0.07685421407222748, -0.16937373578548431, 0.31970852613449097, 2.872828722000122, 0.041187915951013565, -0.15921613574028015] [0.4541059732437134, -0.3988819718360901, 1.1949440240859985, 0.5507479906082153, 1.857632040977478, 0.9968000054359436, -1.3161300420761108, -1.2932039499282837]
[0.07679300010204315, -0.16908837854862213, 0.3193942904472351, 2.8734304904937744, 0.04248660057783127, -0.15789011120796204] [0.4541059732437134, -0.39427995681762695, 1.1949440240859985, 0.5507479906082153, 1.857632040977478, 0.9968000054359436, -1.3176640272140503, -1.2932039499282837]
[0.07708542793989182, -0.1680278778076172, 0.31820055842399597, 2.8762428760528564, 0.04792741686105728, -0.15244586765766144] [0.46024197340011597, -0.39121198654174805, 1.1949440240859985, 0.5507479906082153, 1.857632040977478, 0.9968000054359436, -1.3161300420761108, -1.2932039499282837]
[0.07708141207695007, -0.16795006394386292, 0.31804293394088745, 2.8758792877197266, 0.049222350120544434, -0.15230798721313477] [0.4617759585380554, -0.3896779716014862, 1.1949440240859985, 0.5507479906082153, 1.857632040977478, 0.9968000054359436, -1.3161300420761108, -1.2932039499282837]
[0.0768820196390152, -0.16791485249996185, 0.31656908988952637, 2.8746397495269775, 0.057206667959690094, -0.15227331221103668] [0.4709799885749817, -0.39121198654174805, 1.1949440240859985, 0.5507479906082153, 1.857632040977478, 0.9968000054359436, -1.3161300420761108, -1.2932039499282837]
[0.07623860985040665, -0.16768155992031097, 0.3128843307495117, 2.873039960861206, 0.07607758790254593, -0.1509958654642105] [0.48631995916366577, -0.39121198654174805, 1.1949440240859985, 0.5507479906082153, 1.857632040977478, 0.9968000054359436, -1.3145960569381714, -1.2932039499282837]
[0.07600975781679153, -0.1680506020784378, 0.31267133355140686, 2.8723337650299072, 0.07706760615110397, -0.1522957682609558] [0.48938798904418945, -0.3896779716014862, 1.193410038948059, 0.5507479906082153, 1.857632040977478, 0.9968000054359436, -1.3145960569381714, -1.2932039499282837]
[0.07627666741609573, -0.16709306836128235, 0.31198805570602417, 2.8684356212615967, 0.08124024420976639, -0.14706774055957794] [0.48938798904418945, -0.38814395666122437, 1.1872740983963013, 0.5507479906082153, 1.857632040977478, 0.9968000054359436, -1.3161300420761108, -1.2932039499282837]
[0.07614637911319733, -0.16693511605262756, 0.31176769733428955, 2.8673532009124756, 0.08153263479471207, -0.14550632238388062] [0.4909219741821289, -0.38814395666122437, 1.1872740983963013, 0.5507479906082153, 1.857632040977478, 0.9968000054359436, -1.3161300420761108, -1.2932039499282837]
[0.07611370086669922, -0.16712182760238647, 0.3115246891975403, 2.867790937423706, 0.08279319107532501, -0.14619603753089905] [0.48938798904418945, -0.38814395666122437, 1.1872740983963013, 0.5507479906082153, 1.857632040977478, 0.9968000054359436, -1.3161300420761108, -1.2932039499282837]
[0.07607093453407288, -0.16686244308948517, 0.31184351444244385, 2.8671798706054688, 0.08113355934619904, -0.14541403949260712] [0.4909219741821289, -0.38814395666122437, 1.1872740983963013, 0.5507479906082153, 1.857632040977478, 0.9968000054359436, -1.3161300420761108, -1.2932039499282837]
[0.0760231539607048, -0.1669113039970398, 0.31172415614128113, 2.867039442062378, 0.082292839884758, -0.1461983174085617] [0.4909219741821289, -0.38814395666122437, 1.1872740983963013, 0.5507479906082153, 1.857632040977478, 0.9968000054359436, -1.3161300420761108, -1.2932039499282837]
[0.07599902153015137, -0.1669570952653885, 0.3117077946662903, 2.867170810699463, 0.08220148831605911, -0.14616002142429352] [0.4909219741821289, -0.38814395666122437, 1.1872740983963013, 0.5507479906082153, 1.857632040977478, 0.9968000054359436, -1.3161300420761108, -1.2932039499282837]
[0.0759453997015953, -0.16701379418373108, 0.31168317794799805, 2.8673899173736572, 0.08202268928289413, -0.14613096415996552] [0.48938798904418945, -0.38814395666122437, 1.1872740983963013, 0.5507479906082153, 1.857632040977478, 0.9968000054359436, -1.3161300420761108, -1.2932039499282837]
[0.07592283934354782, -0.16705010831356049, 0.3116629719734192, 2.8675286769866943, 0.08195438235998154, -0.14611509442329407] [0.4909219741821289, -0.38814395666122437, 1.1872740983963013, 0.5507479906082153, 1.857632040977478, 0.9968000054359436, -1.3161300420761108, -1.2932039499282837]
[0.07591988891363144, -0.16686204075813293, 0.3118804097175598, 2.867290496826172, 0.08056513220071793, -0.14539170265197754] [0.4909219741821289, -0.38814395666122437, 1.1872740983963013, 0.5522819757461548, 1.857632040977478, 0.9968000054359436, -1.3161300420761108, -1.2932039499282837]
[0.07591644674539566, -0.16687674820423126, 0.3117956519126892, 2.866910457611084, 0.08184536546468735, -0.14617469906806946] [0.4909219741821289, -0.38814395666122437, 1.1872740983963013, 0.5507479906082153, 1.857632040977478, 0.9968000054359436, -1.3161300420761108, -1.2947380542755127]
[0.07600633054971695, -0.1668509542942047, 0.3116793930530548, 2.8667147159576416, 0.08248408138751984, -0.1461835354566574] [0.48938798904418945, -0.38814395666122437, 1.1872740983963013, 0.5522819757461548, 1.857632040977478, 0.9968000054359436, -1.3161300420761108, -1.2932039499282837]
[0.07602886855602264, -0.16698245704174042, 0.31162965297698975, 2.867363929748535, 0.0817655399441719, -0.14614367485046387] [0.4909219741821289, -0.38814395666122437, 1.1872740983963013, 0.5507479906082153, 1.857632040977478, 0.07680000364780426, -1.3176640272140503, -1.2932039499282837]
[0.07592658698558807, -0.16694138944149017, 0.31142657995224, 2.867013692855835, 0.08303149789571762, -0.14615772664546967] [0.4909219741821289, -0.38814395666122437, 1.1872740983963013, 0.5507479906082153, 1.8560980558395386, 0.07720000296831131, -1.3176640272140503, -1.2932039499282837]
[0.07585088163614273, -0.16687004268169403, 0.31153354048728943, 2.8667984008789062, 0.08255668729543686, -0.1461731642484665] [0.4909219741821289, -0.38814395666122437, 1.1872740983963013, 0.5507479906082153, 1.857632040977478, 0.07720000296831131, -1.3161300420761108, -1.2947380542755127]
[0.07588600367307663, -0.1669352799654007, 0.31145063042640686, 2.8670692443847656, 0.08281522244215012, -0.1461729109287262] [0.4909219741821289, -0.38814395666122437, 1.1872740983963013, 0.5507479906082153, 1.857632040977478, 0.07720000296831131, -1.3176640272140503, -1.2947380542755127]
[0.07587946951389313, -0.16688096523284912, 0.3114853501319885, 2.866840362548828, 0.08276616781949997, -0.14618021249771118] [0.4909219741821289, -0.38814395666122437, 1.1872740983963013, 0.5507479906082153, 1.857632040977478, 0.07720000296831131, -1.3176640272140503, -1.2932039499282837]
[0.07629820704460144, -0.16671888530254364, 0.3128366768360138, 2.865441083908081, 0.07608182728290558, -0.1447351723909378] [0.4771159887313843, -0.3896779716014862, 1.1842060089111328, 0.5706899762153625, 1.8560980558395386, 0.07720000296831131, -1.3115280866622925, -1.282465934753418]
[0.07676133513450623, -0.16596750915050507, 0.32019704580307007, 2.867673635482788, 0.031226597726345062, -0.1362895518541336] [0.4541059732437134, -0.39121198654174805, 1.1842060089111328, 0.5737580060958862, 1.8560980558395386, 0.07720000296831131, -1.2869840860366821, -1.2533199787139893]
[0.0760783776640892, -0.16524562239646912, 0.33112242817878723, 2.8753228187561035, -0.025638848543167114, -0.12998253107070923] [0.4188239574432373, -0.38814395666122437, 1.1826720237731934, 0.5844959616661072, 1.8545640707015991, 0.07720000296831131, -1.2655080556869507, -1.222640037536621]
[0.07454462349414825, -0.16442114114761353, 0.3427301049232483, 2.8813347816467285, -0.08937050402164459, -0.12101870775222778] [0.3866099715232849, -0.3866099715232849, 1.1826720237731934, 0.6029039621353149, 1.8530300855636597, 0.07720000296831131, -1.2378960847854614, -1.1858240365982056]
[0.06743328273296356, -0.16177576780319214, 0.3593730032444, 2.885186195373535, -0.1773403435945511, -0.10960792750120163] [0.3497939705848694, -0.38507598638534546, 1.1796040534973145, 0.6213119626045227, 1.8530300855636597, 0.07680000364780426, -1.2179540395736694, -1.1628140211105347]
[0.06113581731915474, -0.15920095145702362, 0.37380945682525635, 2.879153251647949, -0.2541453242301941, -0.09540274739265442] [0.31297796964645386, -0.38507598638534546, 1.1611961126327515, 0.6335839629173279, 1.7824660539627075, 0.19679999351501465, -1.1949440240859985, -1.1398040056228638]
[0.05611085519194603, -0.15364086627960205, 0.3851885497570038, 2.7897696495056152, -0.3149081766605377, -0.0634237751364708] [0.27309396862983704, -0.363599956035614, 1.1259140968322754, 0.6535259485244751, 1.762524127960205, 0.07800000160932541, -1.1734681129455566, -1.1213959455490112]
[0.05169942229986191, -0.14299841225147247, 0.3988049030303955, 2.7718939781188965, -0.3897092044353485, -0.003582722507417202] [0.22707396745681763, -0.3206479549407959, 1.0952340364456177, 0.6596620082855225, 1.762524127960205, 0.07840000092983246, -1.1565940380096436, -1.1060559749603271]
[0.047373708337545395, -0.1312195360660553, 0.4105930030345917, 2.739142894744873, -0.4509564936161041, 0.06580613553524017] [0.17951996624469757, -0.2746279835700989, 1.0538160800933838, 0.6673319935798645, 1.7579220533370972, 0.07800000160932541, -1.1412540674209595, -1.0876480340957642]
[0.04227709397673607, -0.11652936786413193, 0.4222985804080963, 2.667058229446411, -0.506614089012146, 0.15668822824954987] [0.12429595738649368, -0.21786996722221375, 1.004728078842163, 0.668865978717804, 1.7441160678863525, 0.07800000160932541, -1.1259140968322754, -1.075376033782959]
[0.03823787719011307, -0.10636305063962936, 0.4285164177417755, 2.6030397415161133, -0.5337085127830505, 0.22441868484020233] [0.07520796358585358, -0.15344196557998657, 0.8988820314407349, 0.668865978717804, 1.742582082748413, 0.07800000160932541, -1.1090400218963623, -1.0631040334701538]
[0.03113710880279541, -0.07823177427053452, 0.43448182940483093, 2.359891653060913, -0.5226884484291077, 0.4228256344795227] [0.01231396198272705, -0.08287796378135681, 0.6641800403594971, 0.6826719641685486, 1.742582082748413, 0.07800000160932541, -1.0967680215835571, -1.0492980480194092]
[0.020361416041851044, -0.05342822149395943, 0.4349116086959839, 2.141232490539551, -0.49183887243270874, 0.6126962304115295] [-0.0122300386428833, -0.019983962178230286, 0.5782760381698608, 0.7332940101623535, 1.7441160678863525, 0.07800000160932541, -1.0906320810317993, -1.0416280031204224]
[0.013357676565647125, -0.041712552309036255, 0.4347720444202423, 2.082545280456543, -0.4846714735031128, 0.7003389000892639] [-0.013764038681983948, 0.01683203876018524, 0.5506640672683716, 0.7532359957695007, 1.7441160678863525, 0.07800000160932541, -1.0768260955810547, -1.0308899879455566]
[0.0017209630459547043, -0.02550249919295311, 0.43297722935676575, 1.9908572435379028, -0.4630950391292572, 0.8344903588294983] [-0.010696038603782654, 0.07819204032421112, 0.48777005076408386, 0.8007899522781372, 1.7441160678863525, 0.07800000160932541, -1.0676220655441284, -1.0232199430465698]
[-0.006406289059668779, -0.013620332814753056, 0.42935165762901306, 1.9229447841644287, -0.4292745590209961, 0.9286101460456848] [-0.010696038603782654, 0.12267804145812988, 0.42180806398391724, 0.8437420129776001, 1.7441160678863525, 0.07800000160932541, -1.0676220655441284, -1.0247540473937988]
[-0.013775444589555264, -0.002949933987110853, 0.41960179805755615, 1.827458381652832, -0.35178157687187195, 1.025399923324585] [4.1961669921875e-05, 0.1334160417318344, 0.23159204423427582, 0.9603259563446045, 1.7441160678863525, 0.07800000160932541, -1.0691560506820679, -1.0262880325317383]
[-0.02477172203361988, 0.007808713708072901, 0.3967614471912384, 1.6621005535125732, -0.16494332253932953, 1.1570340394973755] [0.003109961748123169, 0.13188204169273376, 0.021434038877487183, 1.0661720037460327, 1.7471840381622314, 0.07800000160932541, -1.0691560506820679, -1.0262880325317383]
[-0.02816513180732727, 0.010566645301878452, 0.38326773047447205, 1.6189990043640137, -0.06139308214187622, 1.2150558233261108] [0.009245961904525757, 0.13188204169273376, 0.010696038603782654, 1.0845799446105957, 1.748718023300171, 0.07800000160932541, -1.0691560506820679, -1.0262880325317383]
[-0.02605186402797699, 0.010200190357863903, 0.38215401768684387, 1.630047082901001, -0.057590894401073456, 1.2175016403198242] [0.015381962060928345, 0.13188204169273376, 0.010696038603782654, 1.0891820192337036, 1.748718023300171, 0.07800000160932541, -1.0691560506820679, -1.0262880325317383]
[-0.030272915959358215, 0.011263261549174786, 0.3803378641605377, 1.6398494243621826, -0.05236067250370979, 1.2296879291534424] [0.035323962569236755, 0.13188204169273376, 0.010696038603782654, 1.1014540195465088, 1.7533200979232788, 0.07800000160932541, -1.0691560506820679, -1.0262880325317383]
[-0.03301948681473732, 0.012036353349685669, 0.37804779410362244, 1.6580313444137573, -0.04486025869846344, 1.2494051456451416] [0.050663962960243225, 0.1334160417318344, 0.010696038603782654, 1.1213959455490112, 1.7563880681991577, 0.07800000160932541, -1.0691560506820679, -1.0262880325317383]
[-0.034355878829956055, 0.01250469870865345, 0.3779624402523041, 1.663575530052185, -0.04398765787482262, 1.2572860717773438] [0.05219796299934387, 0.1334160417318344, 0.010696038603782654, 1.1213959455490112, 1.7609901428222656, 0.07800000160932541, -1.0691560506820679, -1.0262880325317383]
[-0.034547269344329834, 0.012507121078670025, 0.37783482670783997, 1.6642560958862305, -0.04385564476251602, 1.2573573589324951] [0.05219796299934387, 0.1334160417318344, 0.010696038603782654, 1.1213959455490112, 1.7609901428222656, 0.07800000160932541, -1.0691560506820679, -1.0262880325317383]
[-0.03455309942364693, 0.012483138591051102, 0.377872109413147, 1.6642340421676636, -0.04392148181796074, 1.257384181022644] [0.05373196303844452, 0.1334160417318344, 0.010696038603782654, 1.1198619604110718, 1.7609901428222656, 0.07800000160932541, -1.0691560506820679, -1.0262880325317383]
[-0.03182949870824814, 0.012572512961924076, 0.3761439323425293, 1.67893648147583, -0.03848038986325264, 1.259203314781189] [0.05833396315574646, 0.1426200419664383, 0.010696038603782654, 1.1198619604110718, 1.7609901428222656, 0.07800000160932541, -1.0706900358200073, -1.0293560028076172]
[-0.03073279745876789, 0.013793488964438438, 0.3742894232273102, 1.6951751708984375, -0.03278694301843643, 1.2678977251052856] [0.07060596346855164, 0.15182404220104218, 0.010696038603782654, 1.1198619604110718, 1.762524127960205, 0.07800000160932541, -1.0768260955810547, -1.032423973083496]
[-0.028829004615545273, 0.014093419536948204, 0.3724648058414459, 1.7151540517807007, -0.027610955759882927, 1.2653053998947144] [0.07674196362495422, 0.15335804224014282, 0.010696038603782654, 1.1152600049972534, 1.768660068511963, 0.07800000160932541, -1.081428050994873, -1.040094017982483]
[-0.027646463364362717, 0.013988387770950794, 0.37185221910476685, 1.7226144075393677, -0.026013916358351707, 1.2635332345962524] [0.07674196362495422, 0.15182404220104218, 0.010696038603782654, 1.1060559749603271, 1.768660068511963, 0.07800000160932541, -1.0890980958938599, -1.0462299585342407]
[-0.02471449039876461, 0.013548365794122219, 0.37145400047302246, 1.727393627166748, -0.024890312924981117, 1.2480658292770386] [0.07674196362495422, 0.15182404220104218, 0.010696038603782654, 1.0983860492706299, 1.768660068511963, 0.07800000160932541, -1.0967680215835571, -1.055433988571167]
[-0.022938759997487068, 0.013457083143293858, 0.370604544878006, 1.7329187393188477, -0.0215284563601017, 1.243154764175415] [0.07520796358585358, 0.15182404220104218, 0.009162038564682007, 1.093783974647522, 1.768660068511963, 0.07800000160932541, -1.104438066482544, -1.0646380186080933]
[-0.020801616832613945, 0.013409387320280075, 0.36978498101234436, 1.7403736114501953, -0.01920984871685505, 1.2403559684753418] [0.07213996350765228, 0.15029004216194153, 0.009162038564682007, 1.090716004371643, 1.768660068511963, 0.07800000160932541, -1.1151760816574097, -1.0738420486450195]
[-0.018276380375027657, 0.012919193133711815, 0.3700386583805084, 1.7382155656814575, -0.01841472089290619, 1.2324676513671875] [0.0629359632730484, 0.14722204208374023, 0.00762803852558136, 1.0861139297485352, 1.768660068511963, 0.07800000160932541, -1.1259140968322754, -1.0845799446105957]
[-0.015558517538011074, 0.012559313327074051, 0.3689426779747009, 1.7475258111953735, -0.015465578064322472, 1.2247287034988403] [0.061401963233947754, 0.14722204208374023, 0.009162038564682007, 1.0769100189208984, 1.768660068511963, 0.07800000160932541, -1.1366521120071411, -1.093783974647522]
[-0.012971925549209118, 0.012416016310453415, 0.3684544861316681, 1.754089593887329, -0.014825710095465183, 1.2171661853790283] [0.05833396315574646, 0.14722204208374023, 0.009162038564682007, 1.070773959159851, 1.7671260833740234, 0.07800000160932541, -1.1458560228347778, -1.1029880046844482]
[-0.010405956767499447, 0.011838802136480808, 0.36833587288856506, 1.7544256448745728, -0.01509654801338911, 1.2095377445220947] [0.046061962842941284, 0.1456880420446396, 0.00762803852558136, 1.0646380186080933, 1.7594560384750366, 0.07840000092983246, -1.1535260677337646, -1.1121920347213745]
[-0.007927271537482738, 0.011764638125896454, 0.3693673014640808, 1.729753017425537, -0.016694314777851105, 1.2019894123077393] [0.02765396237373352, 0.1456880420446396, 0.006094038486480713, 1.058501958847046, 1.7410480976104736, 0.07800000160932541, -1.1642640829086304, -1.1244640350341797]
[-0.005415206775069237, 0.011723901145160198, 0.3707413971424103, 1.7042278051376343, -0.018413474783301353, 1.1962008476257324] [0.006177961826324463, 0.1456880420446396, 0.003026038408279419, 1.0477639436721802, 1.730310082435608, 0.07800000160932541, -1.1826720237731934, -1.1413379907608032]
[-0.000870388641487807, 0.011162899434566498, 0.3711550831794739, 1.681106686592102, -0.019783418625593185, 1.182278037071228] [-0.015298038721084595, 0.1456880420446396, 0.003026038408279419, 1.0339579582214355, 1.7165040969848633, 0.07800000160932541, -1.201080083847046, -1.1582119464874268]
[0.003666711738333106, 0.0107076745480299, 0.37178319692611694, 1.6665633916854858, -0.022470055148005486, 1.1715587377548218] [-0.0383080393075943, 0.1456880420446396, 0.003026038408279419, 1.0247540473937988, 1.704232096672058, 0.07800000160932541, -1.221022129058838, -1.182755947113037]
[0.0075808120891451836, 0.010529575869441032, 0.37239399552345276, 1.6530890464782715, -0.02408096194267273, 1.164021611213684] [-0.061318039894104004, 0.1456880420446396, 0.003026038408279419, 1.020151972770691, 1.6934940814971924, 0.07800000160932541, -1.2424980401992798, -1.2011640071868896]
[0.011345871724188328, 0.010511208325624466, 0.3726513385772705, 1.6345140933990479, -0.02430075965821743, 1.1610146760940552] [-0.08279404044151306, 0.1456880420446396, 0.001492038369178772, 1.0155500173568726, 1.6812220811843872, 0.07800000160932541, -1.2593721151351929, -1.2180379629135132]
[0.015073645859956741, 0.01026647724211216, 0.37241387367248535, 1.6223855018615723, -0.023972146213054657, 1.1563714742660522] [-0.10427004098892212, 0.1456880420446396, -4.1961669921875e-05, 1.0109479427337646, 1.6674160957336426, 0.07800000160932541, -1.2762460708618164, -1.2333779335021973]
[0.019417423754930496, 0.01022789441049099, 0.3725864887237549, 1.602040410041809, -0.02425270341336727, 1.1503493785858154] [-0.12267804145812988, 0.1456880420446396, -0.003109961748123169, 1.0048120021820068, 1.6551440954208374, 0.07800000160932541, -1.2915860414505005, -1.2502520084381104]
[0.023257732391357422, 0.010018189437687397, 0.37240782380104065, 1.5891371965408325, -0.023629413917660713, 1.1412383317947388] [-0.1426200419664383, 0.1456880420446396, -0.003109961748123169, 0.9925400018692017, 1.64900803565979, 0.07800000160932541, -1.3084601163864136, -1.2655919790267944]
[0.027585353702306747, 0.009355941787362099, 0.3727673590183258, 1.5816658735275269, -0.026417410001158714, 1.1260803937911987] [-0.1625620424747467, 0.1456880420446396, -0.003109961748123169, 0.9741320013999939, 1.6413381099700928, 0.07800000160932541, -1.3238000869750977, -1.282465934753418]
[0.03187976032495499, 0.00882375705987215, 0.37317347526550293, 1.5666531324386597, -0.028691304847598076, 1.112612009048462] [-0.18250404298305511, 0.1456880420446396, -0.004643961787223816, 0.9618600010871887, 1.6352020502090454, 0.07800000160932541, -1.3422080278396606, -1.299340009689331]
[0.036167826503515244, 0.00828537717461586, 0.3732665181159973, 1.5614720582962036, -0.030013596639037132, 1.100386142730713] [-0.20398004353046417, 0.1456880420446396, -0.00771196186542511, 0.9495880007743835, 1.6352020502090454, 0.07800000160932541, -1.3544800281524658, -1.3146799802780151]
[0.041112374514341354, 0.007469195872545242, 0.37274301052093506, 1.5570303201675415, -0.02747165970504284, 1.0802987813949585] [-0.2147180438041687, 0.14722204208374023, -0.013847962021827698, 0.9281119704246521, 1.6352020502090454, 0.07800000160932541, -1.3560140132904053, -1.3162139654159546]
[0.04428046941757202, 0.007096696645021439, 0.37118011713027954, 1.5590537786483765, -0.020524097606539726, 1.0646533966064453] [-0.21625204384326935, 0.14722204208374023, -0.019983962178230286, 0.9143059849739075, 1.6352020502090454, 0.07800000160932541, -1.3560140132904053, -1.3162139654159546]
[0.04626324027776718, 0.00609885947778821, 0.37072446942329407, 1.5588371753692627, -0.019005337730050087, 1.0505633354187012] [-0.21778604388237, 0.1456880420446396, -0.02305196225643158, 0.8943639993667603, 1.6352020502090454, 0.07800000160932541, -1.3575481176376343, -1.3162139654159546]
[0.049404069781303406, 0.0050178468227386475, 0.37052300572395325, 1.5595614910125732, -0.019018881022930145, 1.0228025913238525] [-0.21778604388237, 0.14722204208374023, -0.024585962295532227, 0.8728879690170288, 1.6352020502090454, 0.07800000160932541, -1.3575481176376343, -1.319282054901123]
[0.051334019750356674, 0.004091028589755297, 0.37019968032836914, 1.5606262683868408, -0.018530353903770447, 1.007335901260376] [-0.21625204384326935, 0.14722204208374023, -0.024585962295532227, 0.8529459834098816, 1.6352020502090454, 0.07800000160932541, -1.3590821027755737, -1.3208160400390625]
[0.05401844158768654, 0.0028548017144203186, 0.3699382543563843, 1.5634143352508545, -0.019338449463248253, 0.9827929735183716] [-0.21625204384326935, 0.14875604212284088, -0.024585962295532227, 0.8176639676094055, 1.6352020502090454, 0.07800000160932541, -1.3606160879135132, -1.3238840103149414]
[0.05839541181921959, 0.000453279324574396, 0.36932820081710815, 1.5706769227981567, -0.01975252665579319, 0.9430975317955017] [-0.2116500437259674, 0.14722204208374023, -0.021517962217330933, 0.7915859818458557, 1.6352020502090454, 0.07800000160932541, -1.3606160879135132, -1.3238840103149414]
[0.060404375195503235, -0.0007454424630850554, 0.3693844676017761, 1.5748226642608643, -0.02205299586057663, 0.9231022596359253] [-0.21011604368686676, 0.14722204208374023, -0.019983962178230286, 0.7685759663581848, 1.6352020502090454, 0.07800000160932541, -1.3606160879135132, -1.3238840103149414]
[0.062010426074266434, -0.0016643133712932467, 0.3692823648452759, 1.5763704776763916, -0.022832494229078293, 0.9078439474105835] [-0.2085820436477661, 0.14875604212284088, -0.01844996213912964, 0.7624399662017822, 1.6352020502090454, 0.07800000160932541, -1.3606160879135132, -1.3238840103149414]
[0.0622989721596241, -0.0018948743818327785, 0.3693079650402069, 1.5780836343765259, -0.023178398609161377, 0.9047501087188721] [-0.2085820436477661, 0.14722204208374023, -0.01844996213912964, 0.742497980594635, 1.6352020502090454, 0.07800000160932541, -1.3606160879135132, -1.3238840103149414]
[0.06528233736753464, -0.003947349730879068, 0.36942511796951294, 1.5793030261993408, -0.024949653074145317, 0.873680055141449] [-0.20704804360866547, 0.14722204208374023, -0.01844996213912964, 0.7102839946746826, 1.633668065071106, 0.07800000160932541, -1.3621500730514526, -1.3269519805908203]
[0.06836459785699844, -0.005951984319835901, 0.3693360388278961, 1.583254337310791, -0.02722020633518696, 0.842699408531189] [-0.20704804360866547, 0.14722204208374023, -0.01691596210002899, 0.6857399940490723, 1.633668065071106, 0.07800000160932541, -1.363684058189392, -1.3284859657287598]
[0.07117895036935806, -0.00808732956647873, 0.3691912591457367, 1.5867854356765747, -0.027546320110559464, 0.8145580887794495] [-0.20704804360866547, 0.14722204208374023, -0.01691596210002899, 0.6611959934234619, 1.633668065071106, 0.07800000160932541, -1.363684058189392, -1.3300199508666992]
[0.07439793646335602, -0.010463802143931389, 0.3689075708389282, 1.5878396034240723, -0.027133246883749962, 0.7820737957954407] [-0.20704804360866547, 0.14722204208374023, -0.015381962060928345, 0.6243799924850464, 1.633668065071106, 0.07800000160932541, -1.3652180433273315, -1.3315539360046387]
[0.07657460868358612, -0.012150057591497898, 0.3688139021396637, 1.5926852226257324, -0.028408972546458244, 0.7592418193817139] [-0.20551404356956482, 0.14722204208374023, -0.015381962060928345, 0.6044379472732544, 1.633668065071106, 0.07800000160932541, -1.3652180433273315, -1.3300199508666992]
[0.07914772629737854, -0.014382637105882168, 0.368327260017395, 1.5942518711090088, -0.027160722762346268, 0.7298911809921265] [-0.20244604349136353, 0.14722204208374023, -0.013847962021827698, 0.5630199909210205, 1.633668065071106, 0.07840000092983246, -1.3652180433273315, -1.3300199508666992]
[0.08233702927827835, -0.01740124449133873, 0.36812931299209595, 1.5981792211532593, -0.02706780470907688, 0.6932217478752136] [-0.20091204345226288, 0.14722204208374023, -0.01231396198272705, 0.5522819757461548, 1.6352020502090454, 0.07840000092983246, -1.3652180433273315, -1.3284859657287598]
[0.08210333436727524, -0.016961097717285156, 0.36834171414375305, 1.5987590551376343, -0.027934493497014046, 0.6948525905609131] [-0.20091204345226288, 0.14722204208374023, -0.01231396198272705, 0.5568839907646179, 1.6352020502090454, 0.07840000092983246, -1.363684058189392, -1.3269519805908203]
[0.08103255182504654, -0.01647561974823475, 0.3687198758125305, 1.5972893238067627, -0.03005681186914444, 0.701461672782898] [-0.20091204345226288, 0.14722204208374023, -0.01231396198272705, 0.5660879611968994, 1.6352020502090454, 0.07800000160932541, -1.3621500730514526, -1.3254179954528809]
[0.07947824895381927, -0.015316177159547806, 0.36916524171829224, 1.5937999486923218, -0.03128552809357643, 0.7170769572257996] [-0.20551404356956482, 0.14722204208374023, -0.019983962178230286, 0.5783599615097046, 1.6382701396942139, 0.07840000092983246, -1.3575481176376343, -1.3208160400390625]
[0.07812554389238358, -0.015083782374858856, 0.37028244137763977, 1.588126301765442, -0.03400731459259987, 0.7234771847724915] [-0.20704804360866547, 0.14415404200553894, -0.021517962217330933, 0.5829619765281677, 1.6413381099700928, 0.07800000160932541, -1.351412057876587, -1.3162139654159546]
[0.0770801305770874, -0.015536865219473839, 0.37045586109161377, 1.5884432792663574, -0.03460666537284851, 0.7236508727073669] [-0.20091204345226288, 0.14415404200553894, -0.02305196225643158, 0.5860300064086914, 1.6428720951080322, 0.07800000160932541, -1.345276117324829, -1.3070099353790283]
[0.07526998966932297, -0.015144889242947102, 0.37069788575172424, 1.5845617055892944, -0.03454401716589928, 0.729806661605835] [-0.19784404337406158, 0.14415404200553894, -0.02765396237373352, 0.5906319618225098, 1.6428720951080322, 0.07760000228881836, -1.3376060724258423, -1.299340009689331]
[0.0741720199584961, -0.015266945585608482, 0.3711738884449005, 1.5803985595703125, -0.03467268869280815, 0.7297585010528564] [-0.1947760432958603, 0.1426200419664383, -0.030721962451934814, 0.5921659469604492, 1.6444060802459717, 0.07760000228881836, -1.328402042388916, -1.2901359796524048]
[0.07256095111370087, -0.015166981145739555, 0.37159374356269836, 1.5739997625350952, -0.03405006229877472, 0.7312445044517517] [-0.19017404317855835, 0.139552041888237, -0.0368579626083374, 0.5936999917030334, 1.6459400653839111, 0.07800000160932541, -1.3176640272140503, -1.2778639793395996]
[0.07138434052467346, -0.01648223213851452, 0.3717474043369293, 1.5710896253585815, -0.03277498856186867, 0.7250051498413086] [-0.17943604290485382, 0.13188204169273376, -0.04299396276473999, 0.5952339768409729, 1.6459400653839111, 0.07800000160932541, -1.3053920269012451, -1.2655919790267944]
[0.06928302347660065, -0.01718093268573284, 0.37066200375556946, 1.5660933256149292, -0.02407977171242237, 0.7212945222854614] [-0.16409604251384735, 0.12728004157543182, -0.05219796299934387, 0.599835991859436, 1.6474740505218506, 0.07800000160932541, -1.290052056312561, -1.2517859935760498]
[0.06664424389600754, -0.016987942159175873, 0.3707202970981598, 1.5581835508346558, -0.021347520872950554, 0.7241042256355286] [-0.15335804224014282, 0.12728004157543182, -0.05986796319484711, 0.599835991859436, 1.6474740505218506, 0.07800000160932541, -1.2777800559997559, -1.2379800081253052]
[0.06462634354829788, -0.017606567591428757, 0.37120088934898376, 1.553920865058899, -0.021176589652895927, 0.7205604910850525] [-0.14415404200553894, 0.12574604153633118, -0.0660039633512497, 0.599835991859436, 1.64900803565979, 0.07800000160932541, -1.2670420408248901, -1.2241740226745605]
[0.06237281858921051, -0.017572304233908653, 0.37163224816322327, 1.5459017753601074, -0.01999250054359436, 0.7215671539306641] [-0.1364840418100357, 0.12267804145812988, -0.07520796358585358, 0.6075059771537781, 1.64900803565979, 0.07760000228881836, -1.2532360553741455, -1.2119020223617554]
[0.059434566646814346, -0.017174629494547844, 0.3718990087509155, 1.5329149961471558, -0.017206409946084023, 0.7314816117286682] [-0.13188204169273376, 0.11807604134082794, -0.08747996389865875, 0.6289819478988647, 1.64900803565979, 0.07760000228881836, -1.2455661296844482, -1.205765962600708]
[0.056210074573755264, -0.01702539436519146, 0.37201425433158875, 1.510113000869751, -0.010209537111222744, 0.743523895740509] [-0.1334160417318344, 0.113474041223526, -0.10435395687818527, 0.6443219780921936, 1.6505420207977295, 0.07800000160932541, -1.2332940101623535, -1.1919599771499634]
[0.05307647958397865, -0.017067205160856247, 0.3724654018878937, 1.4879956245422363, -0.005012337118387222, 0.7538938522338867] [-0.13188204169273376, 0.10120204091072083, -0.12276195734739304, 0.6719340085983276, 1.6505420207977295, 0.07760000228881836, -1.2240900993347168, -1.1812219619750977]
[0.05059801787137985, -0.0179460346698761, 0.3726685047149658, 1.4754440784454346, -0.0008987680776044726, 0.7617260813713074] [-0.12881404161453247, 0.08586204051971436, -0.13656796514987946, 0.6995459794998169, 1.64900803565979, 0.07760000228881836, -1.213352084159851, -1.170483946800232]
[0.0468289777636528, -0.01910371705889702, 0.37228092551231384, 1.4544938802719116, 0.010043172165751457, 0.7757154107093811] [-0.12881404161453247, 0.06592004001140594, -0.15497596561908722, 0.7332940101623535, 1.6505420207977295, 0.07800000160932541, -1.2041480541229248, -1.1628140211105347]
[0.043970830738544464, -0.02086992748081684, 0.3717793822288513, 1.4417932033538818, 0.019849320873618126, 0.7853242754936218] [-0.12881404161453247, 0.04291003942489624, -0.16878196597099304, 0.7655079960823059, 1.6505420207977295, 0.07760000228881836, -1.1949440240859985, -1.1536099910736084]
[0.04138126224279404, -0.022819479927420616, 0.3716651201248169, 1.4329689741134644, 0.028021985664963722, 0.7918274998664856] [-0.12728004157543182, 0.019900038838386536, -0.18565596640110016, 0.8023239970207214, 1.6628141403198242, 0.07800000160932541, -1.1826720237731934, -1.1398040056228638]
[0.038371361792087555, -0.024870380759239197, 0.3713306784629822, 1.4286854267120361, 0.038932107388973236, 0.7987117767333984] [-0.12728004157543182, -0.009245961904525757, -0.20559796690940857, 0.8483439683914185, 1.672018051147461, 0.07800000160932541, -1.1673320531845093, -1.1275320053100586]
[0.03440641611814499, -0.026402924209833145, 0.37102043628692627, 1.4191337823867798, 0.051298998296260834, 0.8110163807868958] [-0.12574604153633118, -0.03225596249103546, -0.22400596737861633, 0.8897619843482971, 1.6842900514602661, 0.07760000228881836, -1.1535260677337646, -1.113726019859314]
[0.02967744693160057, -0.028700076043605804, 0.37065842747688293, 1.4154999256134033, 0.0634952113032341, 0.8227173686027527] [-0.12728004157543182, -0.05679996311664581, -0.24087996780872345, 0.9296460151672363, 1.6950280666351318, 0.07800000160932541, -1.142788052558899, -1.0999200344085693]
[0.021714556962251663, -0.030010471120476723, 0.37204432487487793, 1.4082589149475098, 0.06923949718475342, 0.8385040760040283] [-0.12574604153633118, -0.08747996389865875, -0.25928795337677, 0.9771999716758728, 1.7180380821228027, 0.07800000160932541, -1.1228461265563965, -1.0815119743347168]
[0.018085317686200142, -0.032132476568222046, 0.37100914120674133, 1.421486496925354, 0.08769112825393677, 0.855458676815033] [-0.12574604153633118, -0.11202395707368851, -0.2746279835700989, 1.0262880325317383, 1.7364461421966553, 0.07760000228881836, -1.1075060367584229, -1.0661720037460327]
[0.013483312912285328, -0.03427731618285179, 0.370285302400589, 1.4253802299499512, 0.10351177304983139, 0.865195095539093] [-0.12574604153633118, -0.13963596522808075, -0.28996795415878296, 1.0615699291229248, 1.7502521276474, 0.07760000228881836, -1.0921660661697388, -1.0492980480194092]
[0.008716965094208717, -0.036899812519550323, 0.37015262246131897, 1.4261975288391113, 0.11543615162372589, 0.8720714449882507] [-0.12574604153633118, -0.1672479659318924, -0.3083759546279907, 1.1045219898223877, 1.7671260833740234, 0.07760000228881836, -1.0752921104431152, -1.0339579582214355]
[0.004700359422713518, -0.038884032517671585, 0.36925584077835083, 1.4338284730911255, 0.13069400191307068, 0.8771910071372986] [-0.12728004157543182, -0.18872396647930145, -0.3283179700374603, 1.1474740505218506, 1.784000039100647, 0.07800000160932541, -1.0599520206451416, -1.020151972770691]
[-0.0008971195784397423, -0.04069856181740761, 0.3692638576030731, 1.4378975629806519, 0.14217719435691833, 0.8857191205024719] [-0.12728004157543182, -0.2101999670267105, -0.33905595541000366, 1.1766200065612793, 1.7993401288986206, 0.07760000228881836, -1.046146035194397, -1.0063459873199463]
[-0.005041968543082476, -0.04193153977394104, 0.36936432123184204, 1.4408798217773438, 0.14875374734401703, 0.8929066061973572] [-0.12728004157543182, -0.22707396745681763, -0.3528619706630707, 1.2072999477386475, 1.8146800994873047, 0.07760000228881836, -1.0292720794677734, -0.9879379868507385]
[-0.01032358780503273, -0.042665865272283554, 0.36925992369651794, 1.4459631443023682, 0.15955252945423126, 0.9054391384124756] [-0.12728004157543182, -0.24087996780872345, -0.36206597089767456, 1.245650053024292, 1.8284860849380493, 0.07760000228881836, -1.0154660940170288, -0.9756659865379333]
[-0.0156844612210989, -0.042986705899238586, 0.369310587644577, 1.4426463842391968, 0.1675533503293991, 0.921162486076355] [-0.12728004157543182, -0.251617968082428, -0.36820197105407715, 1.2717280387878418, 1.8438260555267334, 0.07760000228881836, -1.0062620639801025, -0.9664620161056519]
[-0.019148416817188263, -0.04356178268790245, 0.3694516718387604, 1.4372916221618652, 0.17076615989208221, 0.9285258650779724] [-0.12728004157543182, -0.2623559832572937, -0.3728039860725403, 1.2916699647903442, 1.8530300855636597, 0.07800000160932541, -0.9970580339431763, -0.9557240009307861]
[-0.021787129342556, -0.0436771959066391, 0.36944887042045593, 1.4306308031082153, 0.1755163073539734, 0.9335516095161438] [-0.12728004157543182, -0.26695796847343445, -0.3804739713668823, 1.3085440397262573, 1.8530300855636597, 0.07800000160932541, -0.9878540635108948, -0.9480539560317993]
[-0.025902099907398224, -0.043193519115448, 0.3692607879638672, 1.4247353076934814, 0.18234944343566895, 0.9485759735107422] [-0.12728004157543182, -0.27002596855163574, -0.3835419714450836, 1.3300199508666992, 1.8530300855636597, 0.07760000228881836, -0.9801840782165527, -0.9419180154800415]
[-0.028224505484104156, -0.04305436834692955, 0.3693179190158844, 1.4196816682815552, 0.18477597832679749, 0.9546103477478027] [-0.12728004157543182, -0.2715599536895752, -0.38507598638534546, 1.3361560106277466, 1.8545640707015991, 0.07800000160932541, -0.977116048336029, -0.9373160004615784]
[-0.030004626139998436, -0.04305850341916084, 0.36928248405456543, 1.4175668954849243, 0.186873659491539, 0.9604009389877319] [-0.12881404161453247, -0.2746279835700989, -0.38814395666122437, 1.3545639514923096, 1.8545640707015991, 0.07800000160932541, -0.9725140333175659, -0.9342479705810547]
[-0.03327835723757744, -0.04256993904709816, 0.3690323233604431, 1.414651870727539, 0.19427625834941864, 0.9796680212020874] [-0.13188204169273376, -0.28076398372650146, -0.39121198654174805, 1.37910795211792, 1.8545640707015991, 0.07800000160932541, -0.9709800481796265, -0.9311800003051758]
[-0.034389156848192215, -0.04253685474395752, 0.3689754605293274, 1.412718653678894, 0.19593755900859833, 0.9830215573310852] [-0.1334160417318344, -0.2822979688644409, -0.39121198654174805, 1.37910795211792, 1.8545640707015991, 0.07800000160932541, -0.9709800481796265, -0.9296460151672363]
[-0.03458923473954201, -0.0427202470600605, 0.3690595030784607, 1.4109160900115967, 0.19623073935508728, 0.980791449546814] [-0.13188204169273376, -0.2822979688644409, -0.3927459716796875, 1.37910795211792, 1.8545640707015991, 0.07800000160932541, -0.9709800481796265, -0.9311800003051758]
[-0.03383549675345421, -0.04327259957790375, 0.3692816197872162, 1.4107412099838257, 0.1933741569519043, 0.9734534025192261] [-0.13188204169273376, -0.2853659689426422, -0.3927459716796875, 1.3699040412902832, 1.8560980558395386, 0.07760000228881836, -0.977116048336029, -0.9373160004615784]
[-0.032703232020139694, -0.04375609755516052, 0.36994966864585876, 1.4099150896072388, 0.18882179260253906, 0.9656292200088501] [-0.13495004177093506, -0.28689998388290405, -0.39121198654174805, 1.356097936630249, 1.8560980558395386, 0.07760000228881836, -0.9847860336303711, -0.943452000617981]
[-0.03015027567744255, -0.0443853959441185, 0.3703046143054962, 1.4104758501052856, 0.185108944773674, 0.9519339799880981] [-0.1364840418100357, -0.28689998388290405, -0.3927459716796875, 1.3499619960784912, 1.8545640707015991, 0.07760000228881836, -0.9909220933914185, -0.9495880007743835]
[-0.02838747575879097, -0.04478297010064125, 0.3701634109020233, 1.4116640090942383, 0.1857256293296814, 0.9447839856147766] [-0.139552041888237, -0.2915019690990448, -0.39427995681762695, 1.3453600406646729, 1.8560980558395386, 0.07760000228881836, -1.0001261234283447, -0.9603259563446045]
[-0.025797566398978233, -0.047013115137815475, 0.36971762776374817, 1.4193559885025024, 0.18564851582050323, 0.9298458695411682] [-0.1426200419664383, -0.30377396941185, -0.39427995681762695, 1.3422919511795044, 1.8560980558395386, 0.07760000228881836, -1.0123980045318604, -0.9741320013999939]
[-0.02326256036758423, -0.047729894518852234, 0.36972910165786743, 1.4232927560806274, 0.1861235797405243, 0.9236387610435486] [-0.14875604212284088, -0.3083759546279907, -0.3927459716796875, 1.3346220254898071, 1.8560980558395386, 0.07760000228881836, -1.0262041091918945, -0.989471971988678]
[-0.019908664748072624, -0.048311974853277206, 0.3694678843021393, 1.4289294481277466, 0.1852773129940033, 0.9139809608459473] [-0.15335804224014282, -0.30684196949005127, -0.3927459716796875, 1.322350025177002, 1.8560980558395386, 0.07760000228881836, -1.0400100946426392, -1.001744031906128]
[-0.0167667418718338, -0.0486389584839344, 0.369374543428421, 1.432075023651123, 0.18565990030765533, 0.9062962532043457] [-0.15796004235744476, -0.3083759546279907, -0.3927459716796875, 1.3146799802780151, 1.8545640707015991, 0.07760000228881836, -1.0522820949554443, -1.0094139575958252]
[-0.012977552600204945, -0.04961778223514557, 0.3687605559825897, 1.4388924837112427, 0.18661698698997498, 0.89621502161026] [-0.16102804243564606, -0.3083759546279907, -0.3927459716796875, 1.299340009689331, 1.8545640707015991, 0.07760000228881836, -1.061486005783081, -1.0216859579086304]
[-0.009862356819212437, -0.05034305155277252, 0.3687346577644348, 1.440693736076355, 0.184814915060997, 0.882611870765686] [-0.165630042552948, -0.3083759546279907, -0.3927459716796875, 1.2763299942016602, 1.8514961004257202, 0.07760000228881836, -1.0737581253051758, -1.0339579582214355]
[-0.005306515842676163, -0.051717184484004974, 0.36924028396606445, 1.440474033355713, 0.17836794257164001, 0.857559084892273] [-0.17023204267024994, -0.3083759546279907, -0.3927459716796875, 1.2548539638519287, 1.8514961004257202, 0.07760000228881836, -1.0860300064086914, -1.0477639436721802]
[-0.001030591083690524, -0.0528951920568943, 0.3696925640106201, 1.4405044317245483, 0.17348599433898926, 0.8378699421882629] [-0.17636804282665253, -0.30684196949005127, -0.3927459716796875, 1.2272419929504395, 1.8514961004257202, 0.07760000228881836, -1.1029040813446045, -1.0646380186080933]
[0.004609076771885157, -0.054867591708898544, 0.36994874477386475, 1.4419270753860474, 0.1666465550661087, 0.8088420629501343] [-0.18250404298305511, -0.30684196949005127, -0.3927459716796875, 1.1996300220489502, 1.8499621152877808, 0.07760000228881836, -1.1182440519332886, -1.0815119743347168]
[0.010227509774267673, -0.05645913630723953, 0.37044331431388855, 1.4419851303100586, 0.1610126495361328, 0.7834005355834961] [-0.19324204325675964, -0.3083759546279907, -0.39121198654174805, 1.167415976524353, 1.8484281301498413, 0.07760000228881836, -1.1381860971450806, -1.0983860492706299]
[0.01655191369354725, -0.0585896372795105, 0.370476096868515, 1.4453285932540894, 0.15445542335510254, 0.7523752450942993] [-0.20091204345226288, -0.3083759546279907, -0.3927459716796875, 1.1336679458618164, 1.8484281301498413, 0.07760000228881836, -1.155060052871704, -1.1183279752731323]
[0.02251611277461052, -0.060863904654979706, 0.37040776014328003, 1.4475741386413574, 0.14894142746925354, 0.7234461903572083] [-0.2085820436477661, -0.3083759546279907, -0.39121198654174805, 1.0999200344085693, 1.8484281301498413, 0.07760000228881836, -1.1734681129455566, -1.1352019309997559]
[0.029942573979496956, -0.06389499455690384, 0.37028613686561584, 1.44942307472229, 0.14210617542266846, 0.682820200920105] [-0.2147180438041687, -0.30684196949005127, -0.39121198654174805, 1.0631040334701538, 1.8484281301498413, 0.07760000228881836, -1.1888080835342407, -1.14900803565979]
[0.034658584743738174, -0.06561201810836792, 0.3695780038833618, 1.4542962312698364, 0.14055055379867554, 0.6625799536705017] [-0.2208540439605713, -0.3083759546279907, -0.38814395666122437, 1.035491943359375, 1.8468940258026123, 0.07760000228881836, -1.2026140689849854, -1.1658819913864136]
[0.03936875984072685, -0.06732125580310822, 0.3695528209209442, 1.4560459852218628, 0.13544732332229614, 0.6392992734909058] [-0.23005804419517517, -0.3083759546279907, -0.38814395666122437, 1.0032780170440674, 1.8468940258026123, 0.07760000228881836, -1.221022129058838, -1.1858240365982056]
[0.04514607787132263, -0.07011641561985016, 0.36993467807769775, 1.4559065103530884, 0.12720228731632233, 0.6094890832901001] [-0.2407960444688797, -0.3083759546279907, -0.3866099715232849, 0.9741320013999939, 1.8468940258026123, 0.07760000228881836, -1.2394300699234009, -1.1996300220489502]
[0.04963303729891777, -0.0718175545334816, 0.3698357343673706, 1.4561386108398438, 0.12377028912305832, 0.5882730484008789] [-0.2500000596046448, -0.30684196949005127, -0.3866099715232849, 0.951121985912323, 1.8468940258026123, 0.07760000228881836, -1.251702070236206, -1.2134360074996948]
[0.05483036860823631, -0.07410930097103119, 0.3690963089466095, 1.458187222480774, 0.12095122784376144, 0.5626261234283447] [-0.2576700448989868, -0.3083759546279907, -0.3866099715232849, 0.9296460151672363, 1.8453600406646729, 0.07760000228881836, -1.2639740705490112, -1.228775978088379]
[0.05857522040605545, -0.07596531510353088, 0.3693712055683136, 1.4591015577316284, 0.11478932946920395, 0.5445383787155151] [-0.26840806007385254, -0.30684196949005127, -0.3866099715232849, 0.9158399701118469, 1.8468940258026123, 0.07760000228881836, -1.2793140411376953, -1.244115948677063]
[0.06207873672246933, -0.07696492224931717, 0.36969244480133057, 1.4582197666168213, 0.1101619228720665, 0.5347241163253784] [-0.28528204560279846, -0.30684196949005127, -0.3866099715232849, 0.8958979845046997, 1.8468940258026123, 0.07760000228881836, -1.3038580417633057, -1.2655919790267944]
[0.06830640882253647, -0.07965999841690063, 0.37035393714904785, 1.4560132026672363, 0.10021377354860306, 0.5047967433929443] [-0.3036900460720062, -0.30684196949005127, -0.3866099715232849, 0.8698199987411499, 1.8468940258026123, 0.07760000228881836, -1.3222661018371582, -1.2870680093765259]
[0.07289858907461166, -0.08089368045330048, 0.3699762225151062, 1.4559975862503052, 0.09784284234046936, 0.48922133445739746] [-0.3190300464630127, -0.3083759546279907, -0.38507598638534546, 0.8437420129776001, 1.8453600406646729, 0.07760000228881836, -1.3391400575637817, -1.3039419651031494]
[0.07724874466657639, -0.08293293416500092, 0.36981940269470215, 1.455864667892456, 0.0933556780219078, 0.4679337441921234] [-0.3297680616378784, -0.3083759546279907, -0.3835419714450836, 0.8253339529037476, 1.8453600406646729, 0.07760000228881836, -1.3529460430145264, -1.3162139654159546]
[0.08169718086719513, -0.08481761068105698, 0.3687768280506134, 1.4605358839035034, 0.0917205661535263, 0.44885116815567017] [-0.335904061794281, -0.3083759546279907, -0.3835419714450836, 0.808459997177124, 1.8468940258026123, 0.07720000296831131, -1.3544800281524658, -1.317747950553894]
[0.08396852016448975, -0.08649115264415741, 0.36794689297676086, 1.4623596668243408, 0.09161203354597092, 0.43310442566871643] [-0.335904061794281, -0.3083759546279907, -0.3835419714450836, 0.7869839668273926, 1.8468940258026123, 0.07760000228881836, -1.3544800281524658, -1.319282054901123]
[0.08607696741819382, -0.08872360736131668, 0.367559552192688, 1.4616718292236328, 0.08973276615142822, 0.409882128238678] [-0.3328360319137573, -0.3083759546279907, -0.38507598638534546, 0.7624399662017822, 1.8453600406646729, 0.07760000228881836, -1.3544800281524658, -1.319282054901123]
[0.08727622777223587, -0.09046107530593872, 0.3675781488418579, 1.461869478225708, 0.08621199429035187, 0.39403674006462097] [-0.3328360319137573, -0.3083759546279907, -0.3835419714450836, 0.7547699809074402, 1.8468940258026123, 0.07760000228881836, -1.3544800281524658, -1.319282054901123]
[0.08742611110210419, -0.09069906920194626, 0.36789077520370483, 1.462851643562317, 0.08356315642595291, 0.39290764927864075] [-0.3328360319137573, -0.3083759546279907, -0.3820079565048218, 0.7517019510269165, 1.8468940258026123, 0.07760000228881836, -1.3544800281524658, -1.319282054901123]
[0.0878310278058052, -0.09223496913909912, 0.3706762492656708, 1.4734759330749512, 0.06361240148544312, 0.38075268268585205] [-0.33743804693222046, -0.317579984664917, -0.35132795572280884, 0.7317599654197693, 1.8468940258026123, 0.07760000228881836, -1.3544800281524658, -1.317747950553894]
[0.08884390443563461, -0.09999305754899979, 0.3750016689300537, 1.5139154195785522, 0.02573630027472973, 0.33479413390159607] [-0.335904061794281, -0.3528619706630707, -0.30684196949005127, 0.7087500095367432, 1.8468940258026123, 0.07760000228881836, -1.3544800281524658, -1.319282054901123]
[0.08914974331855774, -0.11422252655029297, 0.37974682450294495, 1.5643879175186157, -0.016384460031986237, 0.2556842267513275] [-0.335904061794281, -0.42035797238349915, -0.2546859681606293, 0.6811379790306091, 1.8468940258026123, 0.07760000228881836, -1.3544800281524658, -1.319282054901123]
[0.08765769004821777, -0.12929761409759521, 0.38329562544822693, 1.6143321990966797, -0.04975605383515358, 0.1778019815683365] [-0.33437004685401917, -0.5446119904518127, -0.1963939666748047, 0.6811379790306091, 1.8607001304626465, 0.07720000296831131, -1.3544800281524658, -1.319282054901123]
[0.08049014955759048, -0.15790458023548126, 0.3873128592967987, 1.7040678262710571, -0.0966447964310646, 0.032841455191373825] [-0.32363206148147583, -0.6888079643249512, -0.021517962217330933, 0.6734679937362671, 1.8607001304626465, 0.07760000228881836, -1.3560140132904053, -1.3208160400390625]
[0.06766839325428009, -0.18826493620872498, 0.4100096523761749, 2.023808240890503, -0.2899414002895355, -0.1650829166173935] [-0.32056403160095215, -0.7455660104751587, 0.32670003175735474, 0.5154659748077393, 1.8607001304626465, 0.07760000228881836, -1.3544800281524658, -1.3208160400390625]
[0.057886555790901184, -0.21205028891563416, 0.42284920811653137, 2.3846001625061035, -0.3809107840061188, -0.3854469060897827] [-0.31749606132507324, -0.7440319657325745, 0.6473060846328735, 0.3605319857597351, 1.8607001304626465, 0.07760000228881836, -1.3544800281524658, -1.3208160400390625]
[0.049017470329999924, -0.23334470391273499, 0.4216970205307007, 2.7157163619995117, -0.35111233592033386, -0.5769779682159424] [-0.3159620463848114, -0.7440319657325745, 0.9096200466156006, 0.20559796690940857, 1.8607001304626465, 0.07720000296831131, -1.3544800281524658, -1.3208160400390625]
[0.042953718453645706, -0.2499680519104004, 0.41087767481803894, 2.9938247203826904, -0.24046078324317932, -0.7062773108482361] [-0.3159620463848114, -0.7440319657325745, 1.1519920825958252, 0.04145996272563934, 1.8607001304626465, 0.07760000228881836, -1.3544800281524658, -1.322350025177002]
[0.04052374139428139, -0.25731170177459717, 0.40079590678215027, -3.0911059379577637, -0.15294349193572998, -0.7486295700073242] [-0.3036900460720062, -0.7455660104751587, 1.331470012664795, 0.03225596249103546, 1.8607001304626465, 0.07760000228881836, -1.3544800281524658, -1.3238840103149414]
[0.03967847302556038, -0.2586532235145569, 0.3993014693260193, -2.9906272888183594, -0.1467055380344391, -0.7513484358787537] [-0.2960200309753418, -0.7440319657325745, 1.3759560585021973, 0.030721962451934814, 1.8607001304626465, 0.07760000228881836, -1.3544800281524658, -1.3254179954528809]
[0.03993760049343109, -0.25874486565589905, 0.39855459332466125, -2.9677300453186035, -0.14331096410751343, -0.7500141859054565] [-0.2929520606994629, -0.7440319657325745, 1.4143060445785522, 0.029187962412834167, 1.862234115600586, 0.07760000228881836, -1.3544800281524658, -1.3254179954528809]
[0.03914704546332359, -0.2595716714859009, 0.3981945216655731, -2.9207100868225098, -0.14223778247833252, -0.7532413601875305] [-0.28835004568099976, -0.7455660104751587, 1.4541900157928467, 0.02765396237373352, 1.862234115600586, 0.07760000228881836, -1.3544800281524658, -1.3269519805908203]
[0.03974848985671997, -0.2597932815551758, 0.3954044282436371, -2.896778106689453, -0.12864254415035248, -0.751273512840271] [-0.2638060450553894, -0.7440319657325745, 1.4925401210784912, 0.02765396237373352, 1.8637681007385254, 0.07760000228881836, -1.3560140132904053, -1.3269519805908203]
[0.04104302451014519, -0.26036569476127625, 0.38767483830451965, -2.8891313076019287, -0.09062186628580093, -0.7492475509643555] [-0.21625204384326935, -0.7440319657325745, 1.5247540473937988, 0.026119962334632874, 1.862234115600586, 0.07760000228881836, -1.3560140132904053, -1.3269519805908203]
[0.04238096624612808, -0.2606103718280792, 0.378447026014328, -2.9113411903381348, -0.04491772875189781, -0.7470738291740417] [-0.14875604212284088, -0.7440319657325745, 1.5400941371917725, 0.026119962334632874, 1.862234115600586, 0.07760000228881836, -1.3560140132904053, -1.3269519805908203]
[0.04284631088376045, -0.2607521712779999, 0.3720327317714691, -2.924863815307617, -0.013493422418832779, -0.7465028166770935] [-0.09966804087162018, -0.7394299507141113, 1.5554341077804565, 0.024585962295532227, 1.862234115600586, 0.07760000228881836, -1.3544800281524658, -1.3269519805908203]
[0.045801565051078796, -0.25828564167022705, 0.35470670461654663, -2.9923009872436523, 0.07158790528774261, -0.731868326663971] [0.01844996213912964, -0.7194879651069641, 1.5631040334701538, 0.026119962334632874, 1.862234115600586, 0.07760000228881836, -1.3560140132904053, -1.3269519805908203]
[0.04643357917666435, -0.25542178750038147, 0.33376380801200867, -3.057979106903076, 0.17377908527851105, -0.7231367230415344] [0.1841219663619995, -0.6949439644813538, 1.6029881238937378, 0.02765396237373352, 1.862234115600586, 0.07760000228881836, -1.3544800281524658, -1.3254179954528809]
[0.045272961258888245, -0.2535959780216217, 0.3199407756328583, -3.063265085220337, 0.24116306006908417, -0.7211887240409851] [0.21480196714401245, -0.6903419494628906, 1.6352020502090454, 0.02765396237373352, 1.862234115600586, 0.07760000228881836, -1.3560140132904053, -1.3269519805908203]
[0.045531339943408966, -0.25277820229530334, 0.3174342215061188, -3.063112258911133, 0.2532311677932739, -0.717573344707489] [0.23167596757411957, -0.6857399940490723, 1.6352020502090454, 0.02765396237373352, 1.862234115600586, 0.07760000228881836, -1.3560140132904053, -1.3269519805908203]
[0.0447787269949913, -0.25273922085762024, 0.3148975372314453, -3.0747358798980713, 0.2658877372741699, -0.7204916477203369] [0.2546859681606293, -0.6857399940490723, 1.6352020502090454, 0.026119962334632874, 1.8607001304626465, 0.07760000228881836, -1.3560140132904053, -1.3269519805908203]
[0.04330828785896301, -0.25265181064605713, 0.3098492920398712, -3.099494218826294, 0.29133138060569763, -0.7264726758003235] [0.2822979688644409, -0.6857399940490723, 1.6229300498962402, 0.02765396237373352, 1.857632040977478, 0.07760000228881836, -1.3560140132904053, -1.3269519805908203]
[0.04288611561059952, -0.2525734007358551, 0.30810654163360596, -3.1193673610687256, 0.3000049889087677, -0.7285879254341125] [0.28996795415878296, -0.6857399940490723, 1.6213960647583008, 0.02765396237373352, 1.859166145324707, 0.07760000228881836, -1.3560140132904053, -1.3254179954528809]
[0.042815133929252625, -0.2525692284107208, 0.30812469124794006, -3.1194450855255127, 0.2998639643192291, -0.7287075519561768] [0.28996795415878296, -0.6857399940490723, 1.6198620796203613, 0.02765396237373352, 1.859166145324707, 0.07760000228881836, -1.3560140132904053, -1.3254179954528809]
[0.042798224836587906, -0.2526014745235443, 0.307799756526947, -3.1202473640441895, 0.30130016803741455, -0.7288413047790527] [0.2915019690990448, -0.6857399940490723, 1.6213960647583008, 0.02765396237373352, 1.859166145324707, 0.07760000228881836, -1.3560140132904053, -1.3254179954528809]
[0.042704589664936066, -0.2526509761810303, 0.30773666501045227, -3.1200814247131348, 0.30134618282318115, -0.728972852230072] [0.2915019690990448, -0.6857399940490723, 1.6213960647583008, 0.02765396237373352, 1.859166145324707, 0.07760000228881836, -1.3560140132904053, -1.3254179954528809]
[0.04274652898311615, -0.2526993155479431, 0.3076161742210388, -3.1215195655822754, 0.30178144574165344, -0.7290188670158386] [0.2915019690990448, -0.6857399940490723, 1.6213960647583008, 0.02765396237373352, 1.859166145324707, 0.07760000228881836, -1.3560140132904053, -1.3254179954528809]
[0.0427364744246006, -0.25269150733947754, 0.30759841203689575, -3.1191818714141846, 0.30147844552993774, -0.7283947467803955] [0.2915019690990448, -0.6857399940490723, 1.6213960647583008, 0.02765396237373352, 1.857632040977478, 0.07760000228881836, -1.3560140132904053, -1.3254179954528809]
[0.0426504947245121, -0.2527621388435364, 0.30752038955688477, -3.119274854660034, 0.30170679092407227, -0.7287663221359253] [0.2915019690990448, -0.6857399940490723, 1.6213960647583008, 0.02765396237373352, 1.857632040977478, 0.07760000228881836, -1.3560140132904053, -1.3254179954528809]
[0.042770422995090485, -0.2526986300945282, 0.3075656294822693, -3.119628429412842, 0.3018460273742676, -0.7287985682487488] [0.2915019690990448, -0.6857399940490723, 1.6213960647583008, 0.02765396237373352, 1.859166145324707, 0.07760000228881836, -1.3560140132904053, -1.3254179954528809]
[0.04276809096336365, -0.25274744629859924, 0.3075089454650879, -3.1195480823516846, 0.3020043969154358, -0.7288217544555664] [0.2915019690990448, -0.6857399940490723, 1.6213960647583008, 0.02765396237373352, 1.859166145324707, 0.07760000228881836, -1.3560140132904053, -1.3254179954528809]
[0.04263794794678688, -0.252783864736557, 0.30752071738243103, -3.1192948818206787, 0.3017696440219879, -0.7289026975631714] [0.2915019690990448, -0.6857399940490723, 1.6213960647583008, 0.02765396237373352, 1.859166145324707, 0.07760000228881836, -1.3560140132904053, -1.3254179954528809]
[0.04263920709490776, -0.252773255109787, 0.30751165747642517, -3.11918044090271, 0.3017120659351349, -0.7287613749504089] [0.2915019690990448, -0.6857399940490723, 1.6213960647583008, 0.02765396237373352, 1.859166145324707, 0.07760000228881836, -1.3560140132904053, -1.3254179954528809]
[0.042702168226242065, -0.25278139114379883, 0.30745917558670044, -3.1189937591552734, 0.30187150835990906, -0.7285618782043457] [0.2915019690990448, -0.6857399940490723, 1.6213960647583008, 0.02765396237373352, 1.859166145324707, 0.07760000228881836, -1.3560140132904053, -1.3254179954528809]
