[0.05279555916786194, -0.23107248544692993, 0.3124537169933319, -2.5992157459259033, 0.20755209028720856, -0.5916213989257812] [0.3344539701938629, -0.4939899742603302, 2.123013973236084, 0.17645196616649628, 1.862234115600586, 0.9971999526023865, -1.3053920269012451, -1.3008739948272705]
[0.052953749895095825, -0.23116689920425415, 0.3120456337928772, -2.599677801132202, 0.2089279741048813, -0.5917151570320129] [0.3344539701938629, -0.4939899742603302, 2.123013973236084, 0.17645196616649628, 1.862234115600586, 0.9971999526023865, -1.328402042388916, -1.30240797996521]
[0.05419158563017845, -0.2317119836807251, 0.31005948781967163, -2.606971025466919, 0.21592439711093903, -0.5961331725120544] [0.3344539701938629, -0.49552398920059204, 2.119946002960205, 0.1871899664402008, 1.857632040977478, 0.9971999526023865, -1.3468101024627686, -1.3162139654159546]
[0.056300822645425797, -0.23223863542079926, 0.30799078941345215, -2.6164464950561523, 0.21969904005527496, -0.6013189554214478] [0.3344539701938629, -0.49552398920059204, 2.119946002960205, 0.1902579665184021, 1.857632040977478, 0.9971999526023865, -1.3468101024627686, -1.3162139654159546]
[0.0572357103228569, -0.23230770230293274, 0.30652040243148804, -2.6203811168670654, 0.22589045763015747, -0.6023004651069641] [0.3344539701938629, -0.49552398920059204, 2.119946002960205, 0.1902579665184021, 1.857632040977478, 0.9971999526023865, -1.348344087600708, -1.3162139654159546]
[0.057639166712760925, -0.2324579805135727, 0.3057018518447876, -2.621760845184326, 0.22893567383289337, -0.6026564240455627] [0.3344539701938629, -0.49552398920059204, 2.119946002960205, 0.1902579665184021, 1.857632040977478, 0.9971999526023865, -1.348344087600708, -1.3162139654159546]
[0.057938095182180405, -0.23246750235557556, 0.3053967356681824, -2.6223373413085938, 0.2303093820810318, -0.6024828553199768] [0.3344539701938629, -0.49552398920059204, 2.119946002960205, 0.1902579665184021, 1.857632040977478, 0.9971999526023865, -1.348344087600708, -1.3162139654159546]
[0.058020200580358505, -0.23243874311447144, 0.30536559224128723, -2.6222126483917236, 0.2303651124238968, -0.6021586656570435] [0.3344539701938629, -0.49552398920059204, 2.119946002960205, 0.1902579665184021, 1.857632040977478, 0.9968000054359436, -1.3468101024627686, -1.3162139654159546]
[0.05812644213438034, -0.23241621255874634, 0.30541548132896423, -2.622098684310913, 0.2303268015384674, -0.6019266843795776] [0.3344539701938629, -0.4939899742603302, 2.119946002960205, 0.1902579665184021, 1.857632040977478, 0.9971999526023865, -1.3468101024627686, -1.3146799802780151]
[0.05808405578136444, -0.23239251971244812, 0.3055620491504669, -2.6216938495635986, 0.22975806891918182, -0.6016982197761536] [0.3344539701938629, -0.49552398920059204, 2.119946002960205, 0.1902579665184021, 1.857632040977478, 0.9971999526023865, -1.345276117324829, -1.3146799802780151]
[0.05810444429516792, -0.23238611221313477, 0.30565428733825684, -2.621541976928711, 0.22954224050045013, -0.6016176342964172] [0.3344539701938629, -0.49552398920059204, 2.119946002960205, 0.1902579665184021, 1.857632040977478, 0.9971999526023865, -1.345276117324829, -1.3146799802780151]
[0.058207593858242035, -0.23262257874011993, 0.3054218888282776, -2.6209144592285156, 0.23029007017612457, -0.6014457941055298] [0.3344539701938629, -0.49552398920059204, 2.119946002960205, 0.1902579665184021, 1.857632040977478, 0.9971999526023865, -1.345276117324829, -1.3146799802780151]
[0.057688601315021515, -0.23499977588653564, 0.31740033626556396, -2.7532341480255127, 0.170154869556427, -0.6195472478866577] [0.2915019690990448, -0.5154659748077393, 2.092334032058716, 0.20559796690940857, 1.6290661096572876, 0.14319999516010284, -1.3376060724258423, -1.3039419651031494]
[0.058713335543870926, -0.23413978517055511, 0.3208732306957245, -2.830233573913574, 0.15435253083705902, -0.6175143122673035] [0.2746279835700989, -0.5154659748077393, 2.072391986846924, 0.20866596698760986, 1.5769100189208984, 0.08840000629425049, -1.3360720872879028, -1.3008739948272705]
[0.05985631048679352, -0.23357510566711426, 0.3249557614326477, -2.8603031635284424, 0.1335274875164032, -0.6131092309951782] [0.2454819679260254, -0.5154659748077393, 2.0371100902557373, 0.21173396706581116, 1.5032780170440674, 0.24120000004768372, -1.3345381021499634, -1.2978060245513916]
[0.0625266507267952, -0.2313472181558609, 0.335074245929718, -2.965471029281616, 0.0826331228017807, -0.5996184945106506] [0.19792796671390533, -0.5154659748077393, 1.9849541187286377, 0.2194039672613144, 1.4772000312805176, 0.08880000561475754, -1.333004117012024, -1.2947380542755127]
[0.06463264673948288, -0.2293463498353958, 0.346660315990448, -3.024521827697754, 0.023250408470630646, -0.5865471959114075] [0.1350339651107788, -0.5154659748077393, 1.7993401288986206, 0.26082196831703186, 1.4572581052780151, 0.08880000561475754, -1.333004117012024, -1.2932039499282837]
[0.07010897994041443, -0.21595236659049988, 0.3668668270111084, 2.933899164199829, -0.12851767241954803, -0.4982629716396332] [0.10588795691728592, -0.5154659748077393, 1.4357820749282837, 0.4280279874801636, 1.4664621353149414, 0.08880000561475754, -1.331470012664795, -1.2932039499282837]
[0.07402469962835312, -0.18970759212970734, 0.38865938782691956, 2.585986852645874, -0.31150123476982117, -0.29888781905174255] [0.05679996311664581, -0.5139319896697998, 1.0768260955810547, 0.6412539482116699, 1.4664621353149414, 0.08880000561475754, -1.331470012664795, -1.2870680093765259]
[0.07479050010442734, -0.16268989443778992, 0.3987477719783783, 2.2821273803710938, -0.3928890526294708, -0.06824775785207748] [0.006177961826324463, -0.49859195947647095, 0.8007060289382935, 0.7056819796562195, 1.4664621353149414, 0.08880000561475754, -1.3191981315612793, -1.2747960090637207]
[0.07666659355163574, -0.14463503658771515, 0.39882326126098633, 2.0617640018463135, -0.3601197302341461, 0.07414163649082184] [-0.050580039620399475, -0.48631995916366577, 0.6795200705528259, 0.7179539799690247, 1.463394045829773, 0.08880000561475754, -1.309994101524353, -1.2625240087509155]
[0.0713907852768898, -0.137728750705719, 0.40881630778312683, 2.013096332550049, -0.40767014026641846, 0.12241221219301224] [-0.09353204071521759, -0.4648439884185791, 0.6718500852584839, 0.7317599654197693, 1.4618600606918335, 0.08880000561475754, -1.2992560863494873, -1.2502520084381104]
[0.06294278800487518, -0.12344449758529663, 0.42599019408226013, 1.9642630815505981, -0.49408045411109924, 0.21175317466259003] [-0.14875604212284088, -0.40655195713043213, 0.6473060846328735, 0.7440319657325745, 1.4572581052780151, 0.08880000561475754, -1.2823820114135742, -1.2318439483642578]
[0.0572647750377655, -0.10951274633407593, 0.43315258622169495, 1.9053493738174438, -0.5259844660758972, 0.308010995388031] [-0.17483404278755188, -0.3375219702720642, 0.6166260242462158, 0.7716439962387085, 1.4572581052780151, 0.08880000561475754, -1.2624400854110718, -1.2119020223617554]
[0.051604583859443665, -0.09428687393665314, 0.4358261525630951, 1.8412646055221558, -0.5327473282814026, 0.4172268211841583] [-0.17636804282665253, -0.28076398372650146, 0.5767420530319214, 0.7977219820022583, 1.4572581052780151, 0.08880000561475754, -1.2486340999603271, -1.1965620517730713]
[0.04472691938281059, -0.07845581322908401, 0.4376087188720703, 1.7707771062850952, -0.5308448672294617, 0.5319520831108093] [-0.18097004294395447, -0.22400596737861633, 0.5414600372314453, 0.8253339529037476, 1.4572581052780151, 0.08880000561475754, -1.2302260398864746, -1.1796879768371582]
[0.03639280050992966, -0.06263487786054611, 0.4384988248348236, 1.6940360069274902, -0.5217278599739075, 0.653477668762207] [-0.1855720430612564, -0.16878196597099304, 0.4985080361366272, 0.8560140132904053, 1.4572581052780151, 0.08880000561475754, -1.213352084159851, -1.1628140211105347]
[0.02678651176393032, -0.043728042393922806, 0.4375070333480835, 1.6234339475631714, -0.4978131651878357, 0.7870760560035706] [-0.1855720430612564, -0.05679996311664581, 0.4570900499820709, 0.8744219541549683, 1.4572581052780151, 0.08920000493526459, -1.1964781284332275, -1.1505420207977295]
[0.013672403991222382, -0.017931818962097168, 0.434731662273407, 1.5630854368209839, -0.4576822519302368, 0.9483575224876404] [-0.18403804302215576, 0.06898804008960724, 0.4233420491218567, 0.8744219541549683, 1.4572581052780151, 0.08880000561475754, -1.1842060089111328, -1.1382700204849243]
[0.0027896466199308634, -0.0009718498331494629, 0.43173155188560486, 1.523262858390808, -0.42351558804512024, 1.0567785501480103] [-0.18250404298305511, 0.1855720430612564, 0.3803900480270386, 0.8759559988975525, 1.4572581052780151, 0.08880000561475754, -1.1765360832214355, -1.1305999755859375]
[-0.004329495597630739, 0.008864584378898144, 0.426195353269577, 1.4626429080963135, -0.3682713210582733, 1.1175968647003174] [-0.18250404298305511, 0.20091204345226288, 0.28528204560279846, 0.8958979845046997, 1.4572581052780151, 0.08880000561475754, -1.162730097770691, -1.1198619604110718]
[-0.013262622058391571, 0.015289424918591976, 0.409026175737381, 1.3563123941421509, -0.23473061621189117, 1.2006943225860596] [-0.15335804224014282, 0.19631004333496094, 0.1686980426311493, 0.9910060167312622, 1.460326075553894, 0.08880000561475754, -1.1519920825958252, -1.1075899600982666]
[-0.017902549356222153, 0.016562359407544136, 0.4063110947608948, 1.365297555923462, -0.21832318603992462, 1.2259619235992432] [-0.13495004177093506, 0.19784404337406158, 0.1686980426311493, 1.0063459873199463, 1.4940741062164307, 0.0860000029206276, -1.1412540674209595, -1.0953179597854614]
[-0.022656120359897614, 0.017242373898625374, 0.4055251181125641, 1.4035301208496094, -0.21349184215068817, 1.2512989044189453] [-0.11500804126262665, 0.19784404337406158, 0.1686980426311493, 1.0370259284973145, 1.5308901071548462, 0.0860000029206276, -1.124380111694336, -1.0769100189208984]
[-0.027072055265307426, 0.017817310988903046, 0.40202221274375916, 1.4541221857070923, -0.20316778123378754, 1.2726163864135742] [-0.05978403985500336, 0.19937804341316223, 0.1686980426311493, 1.0723079442977905, 1.5769100189208984, 0.0860000029206276, -1.104438066482544, -1.058501958847046]
[-0.032984428107738495, 0.018619529902935028, 0.39639580249786377, 1.5406204462051392, -0.18847712874412537, 1.3032827377319336] [-0.00762803852558136, 0.19784404337406158, 0.1686980426311493, 1.1014540195465088, 1.6198620796203613, 0.0860000029206276, -1.0860300064086914, -1.0416280031204224]
[-0.039180342108011246, 0.018842007964849472, 0.39417099952697754, 1.6057344675064087, -0.18316017091274261, 1.3280664682388306] [0.024585962295532227, 0.19937804341316223, 0.1686980426311493, 1.129065990447998, 1.6704840660095215, 0.08320000022649765, -1.0676220655441284, -1.0262880325317383]
[-0.04326655715703964, 0.018601715564727783, 0.3920828104019165, 1.6512749195098877, -0.17925065755844116, 1.3377469778060913] [0.05986796319484711, 0.19324204325675964, 0.16716404259204865, 1.132133960723877, 1.6796880960464478, 0.08320000022649765, -1.0568840503692627, -1.012481927871704]
[-0.043530575931072235, 0.01692022942006588, 0.3908821642398834, 1.6558527946472168, -0.17510676383972168, 1.3215157985687256] [0.07520796358585358, 0.17483404278755188, 0.15796004235744476, 1.1305999755859375, 1.6796880960464478, 0.08320000022649765, -1.0492141246795654, -1.0063459873199463]
[-0.044180165976285934, 0.016152463853359222, 0.38766157627105713, 1.652708649635315, -0.1550508588552475, 1.3108874559402466] [0.09054796397686005, 0.17176604270935059, 0.1364840418100357, 1.1305999755859375, 1.6796880960464478, 0.08320000022649765, -1.043078064918518, -1.001744031906128]
[-0.04491118714213371, 0.016613399609923363, 0.3840499520301819, 1.6564812660217285, -0.13488097488880157, 1.3088451623916626] [0.11048995703458786, 0.17176604270935059, 0.11961004137992859, 1.1305999755859375, 1.6796880960464478, 0.08320000022649765, -1.0400100946426392, -0.9986760020256042]
[-0.04560927674174309, 0.01668846793472767, 0.38188061118125916, 1.6590338945388794, -0.12358689308166504, 1.307755470275879] [0.1181599572300911, 0.17176604270935059, 0.10887204110622406, 1.1305999755859375, 1.6796880960464478, 0.08320000022649765, -1.0400100946426392, -0.9986760020256042]
[-0.04517507553100586, 0.016347629949450493, 0.38048362731933594, 1.6587620973587036, -0.11476357281208038, 1.302579402923584] [0.12276195734739304, 0.1686980426311493, 0.10273604094982147, 1.129065990447998, 1.6796880960464478, 0.08320000022649765, -1.0400100946426392, -0.9986760020256042]
[-0.04525534808635712, 0.016399919986724854, 0.3796910047531128, 1.657050609588623, -0.10905521363019943, 1.302362322807312] [0.12429595738649368, 0.1686980426311493, 0.09506604075431824, 1.129065990447998, 1.6796880960464478, 0.08320000022649765, -1.0400100946426392, -0.9986760020256042]
[-0.04473738372325897, 0.01649724692106247, 0.37694308161735535, 1.6573915481567383, -0.09199900925159454, 1.298231601715088] [0.13349996507167816, 0.1686980426311493, 0.08126004040241241, 1.1259980201721191, 1.6796880960464478, 0.08320000022649765, -1.0400100946426392, -0.9986760020256042]
[-0.04438966140151024, 0.01630380004644394, 0.3765648603439331, 1.6584174633026123, -0.09026487171649933, 1.2949920892715454] [0.13349996507167816, 0.16716404259204865, 0.08126004040241241, 1.1229300498962402, 1.6796880960464478, 0.08320000022649765, -1.0415440797805786, -1.0002100467681885]
[-0.04386167600750923, 0.016379816457629204, 0.3765237033367157, 1.659164547920227, -0.09023743122816086, 1.2903467416763306] [0.13349996507167816, 0.16716404259204865, 0.08126004040241241, 1.1121920347213745, 1.6796880960464478, 0.08320000022649765, -1.0415440797805786, -1.001744031906128]
[-0.03911798819899559, 0.01566886343061924, 0.375509649515152, 1.6705262660980225, -0.08626896142959595, 1.273362159729004] [0.13349996507167816, 0.165630042552948, 0.07972604036331177, 1.1060559749603271, 1.6796880960464478, 0.08320000022649765, -1.0476800203323364, -1.0063459873199463]
[-0.03565655276179314, 0.015200861729681492, 0.3745249807834625, 1.6803334951400757, -0.08264970034360886, 1.266249179840088] [0.13349996507167816, 0.165630042552948, 0.07972604036331177, 1.1014540195465088, 1.6796880960464478, 0.08320000022649765, -1.0522820949554443, -1.0109479427337646]
[-0.03355039656162262, 0.014356907457113266, 0.37396806478500366, 1.6851726770401, -0.08069916069507599, 1.2560139894485474] [0.13196596503257751, 0.15642604231834412, 0.07972604036331177, 1.0999200344085693, 1.6796880960464478, 0.08320000022649765, -1.0538160800933838, -1.014016032218933]
[-0.030575470998883247, 0.01249309815466404, 0.3740043640136719, 1.6804879903793335, -0.08020272850990295, 1.2372065782546997] [0.12736396491527557, 0.1426200419664383, 0.07819204032421112, 1.0953179597854614, 1.6674160957336426, 0.08320000022649765, -1.0599520206451416, -1.0216859579086304]
[-0.028214210644364357, 0.011224423535168171, 0.3737039864063263, 1.674073576927185, -0.07785860449075699, 1.224676251411438] [0.12582996487617493, 0.13495004177093506, 0.07665804028511047, 1.093783974647522, 1.6643481254577637, 0.08320000022649765, -1.0722240209579468, -1.032423973083496]
[-0.026555636897683144, 0.011305979453027248, 0.3734418749809265, 1.6722514629364014, -0.07673583179712296, 1.2245784997940063] [0.11969395726919174, 0.13495004177093506, 0.07819204032421112, 1.093783974647522, 1.6612800359725952, 0.08320000022649765, -1.0829620361328125, -1.0446959733963013]
[-0.02453514374792576, 0.01129064615815878, 0.3725585341453552, 1.6800893545150757, -0.0739692896604538, 1.2223315238952637] [0.1181599572300911, 0.13495004177093506, 0.07819204032421112, 1.090716004371643, 1.6612800359725952, 0.08320000022649765, -1.0937000513076782, -1.055433988571167]
[-0.02160685695707798, 0.011053464375436306, 0.37157976627349854, 1.6892918348312378, -0.07088896632194519, 1.214267611503601] [0.11662595719099045, 0.13495004177093506, 0.07972604036331177, 1.0799779891967773, 1.6612800359725952, 0.08320000022649765, -1.1075060367584229, -1.0692399740219116]
[-0.018515843898057938, 0.01076127402484417, 0.37079960107803345, 1.699198603630066, -0.07011997699737549, 1.2059755325317383] [0.1150919571518898, 0.13495004177093506, 0.08279404044151306, 1.0738420486450195, 1.6597460508346558, 0.08320000022649765, -1.119778037071228, -1.0815119743347168]
[-0.01593223586678505, 0.010704892687499523, 0.3705497682094574, 1.707851767539978, -0.07043030858039856, 1.2025448083877563] [0.10895595699548721, 0.13495004177093506, 0.08432804048061371, 1.070773959159851, 1.6612800359725952, 0.08320000022649765, -1.135118007659912, -1.0953179597854614]
[-0.012916424311697483, 0.010568639263510704, 0.37019655108451843, 1.7105834484100342, -0.06882240623235703, 1.1978470087051392] [0.09668396413326263, 0.13495004177093506, 0.08432804048061371, 1.0692399740219116, 1.6597460508346558, 0.08320000022649765, -1.1489241123199463, -1.1106579303741455]
[-0.010239452123641968, 0.010441407561302185, 0.3704681694507599, 1.708395004272461, -0.06937962025403976, 1.1951253414154053] [0.08134396374225616, 0.13495004177093506, 0.08432804048061371, 1.0631040334701538, 1.6520761251449585, 0.08320000022649765, -1.1657980680465698, -1.1244640350341797]
[-0.006193993613123894, 0.010140376165509224, 0.3706701695919037, 1.7004913091659546, -0.06973874568939209, 1.1875873804092407] [0.0629359632730484, 0.1334160417318344, 0.08432804048061371, 1.052366018295288, 1.6444060802459717, 0.08320000022649765, -1.1826720237731934, -1.1413379907608032]
[-0.0019757174886763096, 0.009534706361591816, 0.3712773025035858, 1.6860288381576538, -0.07126341760158539, 1.174551010131836] [0.04299396276473999, 0.13495004177093506, 0.08432804048061371, 1.0385600328445435, 1.6367360353469849, 0.08320000022649765, -1.1995460987091064, -1.1582119464874268]
[0.00213826447725296, 0.009417952038347721, 0.3714093267917633, 1.6797842979431152, -0.07092630118131638, 1.1640501022338867] [0.02765396237373352, 0.13495004177093506, 0.08432804048061371, 1.0293560028076172, 1.630600094795227, 0.08320000022649765, -1.21642005443573, -1.1750860214233398]
[0.006236898712813854, 0.009093762375414371, 0.37173593044281006, 1.6688731908798218, -0.0713886022567749, 1.1535534858703613] [0.00771196186542511, 0.13495004177093506, 0.08432804048061371, 1.017084002494812, 1.6121920347213745, 0.08320000022649765, -1.2302260398864746, -1.1888920068740845]
[0.010100331157445908, 0.008540970273315907, 0.3723611831665039, 1.6453001499176025, -0.07367014139890671, 1.1432729959487915] [-0.01683203876018524, 0.13495004177093506, 0.08432804048061371, 1.0109479427337646, 1.6014540195465088, 0.08320000022649765, -1.2455661296844482, -1.2042319774627686]
[0.014112114906311035, 0.008483011275529861, 0.37267443537712097, 1.6364556550979614, -0.07411468029022217, 1.1374372243881226] [-0.03217203915119171, 0.1334160417318344, 0.08432804048061371, 1.0063459873199463, 1.595318078994751, 0.08320000022649765, -1.2593721151351929, -1.2180379629135132]
[0.01773328334093094, 0.008277060464024544, 0.3727908730506897, 1.624373197555542, -0.07425534725189209, 1.1297961473464966] [-0.05211403965950012, 0.1334160417318344, 0.08279404044151306, 0.9940739870071411, 1.5876480340957642, 0.08320000022649765, -1.2777800559997559, -1.2349120378494263]
[0.021644819527864456, 0.007955437526106834, 0.37269067764282227, 1.618208408355713, -0.07349575310945511, 1.1188331842422485] [-0.07052204012870789, 0.13495004177093506, 0.08432804048061371, 0.9818019866943359, 1.579978108406067, 0.08320000022649765, -1.2915860414505005, -1.2517859935760498]
[0.02517859824001789, 0.0077429660595953465, 0.37276649475097656, 1.6125884056091309, -0.0746636763215065, 1.1116206645965576] [-0.08586204051971436, 0.1334160417318344, 0.08279404044151306, 0.9741320013999939, 1.5707740783691406, 0.08320000022649765, -1.3053920269012451, -1.2655919790267944]
[0.029763752594590187, 0.007035253569483757, 0.3730391561985016, 1.5921021699905396, -0.0769069492816925, 1.0997059345245361] [-0.10427004098892212, 0.13495004177093506, 0.08432804048061371, 0.9664620161056519, 1.556968092918396, 0.08320000022649765, -1.3191981315612793, -1.2809319496154785]
[0.03312591090798378, 0.006938247010111809, 0.3727043867111206, 1.5813872814178467, -0.0757480040192604, 1.0920056104660034] [-0.12114404141902924, 0.13495004177093506, 0.08279404044151306, 0.9541900157928467, 1.5477640628814697, 0.08320000022649765, -1.3345381021499634, -1.2932039499282837]
[0.03675182908773422, 0.00641991151496768, 0.37258294224739075, 1.567976951599121, -0.07665429264307022, 1.080137848854065] [-0.139552041888237, 0.13495004177093506, 0.08279404044151306, 0.9373160004615784, 1.5308901071548462, 0.08320000022649765, -1.3468101024627686, -1.3054759502410889]
[0.041842274367809296, 0.005483608692884445, 0.372437983751297, 1.548154354095459, -0.0776248350739479, 1.0575127601623535] [-0.15335804224014282, 0.13495004177093506, 0.08279404044151306, 0.9158399701118469, 1.518618106842041, 0.08320000022649765, -1.3560140132904053, -1.3146799802780151]
[0.046833571046590805, 0.004158685449510813, 0.3708776533603668, 1.5457254648208618, -0.0729924663901329, 1.0279350280761719] [-0.15489204227924347, 0.13495004177093506, 0.08279404044151306, 0.8820919990539551, 1.5032780170440674, 0.08320000022649765, -1.3560140132904053, -1.3146799802780151]
[0.05075392872095108, 0.0023242756724357605, 0.3699398338794708, 1.5410740375518799, -0.07072529941797256, 0.9966763257980347] [-0.15489204227924347, 0.13495004177093506, 0.08279404044151306, 0.854479968547821, 1.5002100467681885, 0.08320000022649765, -1.3560140132904053, -1.3146799802780151]
[0.053677208721637726, 0.0008493337663821876, 0.3695857524871826, 1.5442448854446411, -0.06923338770866394, 0.9704668521881104] [-0.15642604231834412, 0.13495004177093506, 0.08279404044151306, 0.8284019827842712, 1.4971420764923096, 0.08320000022649765, -1.3560140132904053, -1.3162139654159546]
[0.056978385895490646, -0.0006684667896479368, 0.3692476749420166, 1.5441888570785522, -0.06663517653942108, 0.9409959316253662] [-0.15489204227924347, 0.13495004177093506, 0.08279404044151306, 0.8007899522781372, 1.4971420764923096, 0.08320000022649765, -1.3575481176376343, -1.317747950553894]
[0.05957113951444626, -0.0020167857874184847, 0.36901408433914185, 1.548388123512268, -0.06607788056135178, 0.9176191091537476] [-0.15489204227924347, 0.1364840418100357, 0.08432804048061371, 0.773177981376648, 1.4971420764923096, 0.08320000022649765, -1.3575481176376343, -1.319282054901123]
[0.061924487352371216, -0.0030570535454899073, 0.3688696324825287, 1.5482094287872314, -0.06412743031978607, 0.894910991191864] [-0.15489204227924347, 0.139552041888237, 0.08432804048061371, 0.7409639954566956, 1.4971420764923096, 0.08320000022649765, -1.3590821027755737, -1.319282054901123]
[0.0661006048321724, -0.004961177706718445, 0.3681997060775757, 1.5530258417129517, -0.06066661700606346, 0.8545253276824951] [-0.15642604231834412, 0.14722204208374023, 0.08279404044151306, 0.6995459794998169, 1.4971420764923096, 0.08320000022649765, -1.3606160879135132, -1.3208160400390625]
[0.06808897107839584, -0.005622397176921368, 0.3680213987827301, 1.5563308000564575, -0.059697382152080536, 0.8345186114311218] [-0.15642604231834412, 0.16102804243564606, 0.08279404044151306, 0.6657979488372803, 1.4971420764923096, 0.08320000022649765, -1.3621500730514526, -1.322350025177002]
[0.0713188424706459, -0.006348856259137392, 0.3673350512981415, 1.558627963066101, -0.05476122722029686, 0.8022513389587402] [-0.15642604231834412, 0.16716404259204865, 0.08279404044151306, 0.6320499777793884, 1.4956080913543701, 0.08320000022649765, -1.3621500730514526, -1.322350025177002]
[0.07378706336021423, -0.008290561847388744, 0.36727485060691833, 1.5581769943237305, -0.05396319180727005, 0.7761128544807434] [-0.15642604231834412, 0.16716404259204865, 0.08279404044151306, 0.599835991859436, 1.4971420764923096, 0.08320000022649765, -1.3621500730514526, -1.322350025177002]
[0.07599145919084549, -0.010084869340062141, 0.3666665852069855, 1.5613501071929932, -0.051018767058849335, 0.7529613971710205] [-0.15796004235744476, 0.16716404259204865, 0.08279404044151306, 0.5752919912338257, 1.4956080913543701, 0.08320000022649765, -1.3621500730514526, -1.322350025177002]
[0.07770529389381409, -0.011573804542422295, 0.3668295443058014, 1.5628628730773926, -0.050810106098651886, 0.7330647706985474] [-0.15642604231834412, 0.16716404259204865, 0.08432804048061371, 0.5706899762153625, 1.4956080913543701, 0.08320000022649765, -1.3621500730514526, -1.322350025177002]
[0.07767613977193832, -0.011582336388528347, 0.36668211221694946, 1.5636380910873413, -0.050843458622694016, 0.7331271767616272] [-0.15796004235744476, 0.16716404259204865, 0.08586204051971436, 0.5706899762153625, 1.4956080913543701, 0.08320000022649765, -1.3606160879135132, -1.319282054901123]
[0.07728298008441925, -0.01116275042295456, 0.3672390580177307, 1.5650198459625244, -0.053602542728185654, 0.736562192440033] [-0.15796004235744476, 0.1686980426311493, 0.08432804048061371, 0.5737580060958862, 1.4971420764923096, 0.08320000022649765, -1.3606160879135132, -1.3162139654159546]
[0.07590743899345398, -0.010483399033546448, 0.36765894293785095, 1.5599700212478638, -0.0556831955909729, 0.7474176287651062] [-0.1594940423965454, 0.1686980426311493, 0.08126004040241241, 0.5936999917030334, 1.4971420764923096, 0.08320000022649765, -1.3590821027755737, -1.3162139654159546]
[0.07297495752573013, -0.008978288620710373, 0.3691239655017853, 1.5489416122436523, -0.059292275458574295, 0.7583686709403992] [-0.16102804243564606, 0.1686980426311493, 0.07972604036331177, 0.5921659469604492, 1.4956080913543701, 0.08320000022649765, -1.3575481176376343, -1.3146799802780151]
[0.07049014419317245, -0.008047126233577728, 0.371084064245224, 1.5379704236984253, -0.06487312912940979, 0.761635959148407] [-0.16102804243564606, 0.1686980426311493, 0.07819204032421112, 0.5967679619789124, 1.4940741062164307, 0.08320000022649765, -1.3575481176376343, -1.3146799802780151]
[0.0688658356666565, -0.007563463877886534, 0.3726201057434082, 1.5334290266036987, -0.0706135630607605, 0.7655794024467468] [-0.16409604251384735, 0.165630042552948, 0.07819204032421112, 0.5967679619789124, 1.4956080913543701, 0.08320000022649765, -1.3560140132904053, -1.3116120100021362]
[0.06834358721971512, -0.0076319193467497826, 0.3732164800167084, 1.5311211347579956, -0.0723661258816719, 0.764440655708313] [-0.16409604251384735, 0.165630042552948, 0.07665804028511047, 0.599835991859436, 1.4956080913543701, 0.08320000022649765, -1.348344087600708, -1.3039419651031494]
[0.06749140471220016, -0.008377538062632084, 0.37404656410217285, 1.527052402496338, -0.07490037381649017, 0.7632107734680176] [-0.1625620424747467, 0.1594940423965454, 0.07205604016780853, 0.6013699769973755, 1.5002100467681885, 0.08320000022649765, -1.3376060724258423, -1.2932039499282837]
[0.06655368208885193, -0.010768690146505833, 0.3744013011455536, 1.5200324058532715, -0.07363425195217133, 0.7512415051460266] [-0.15642604231834412, 0.14875604212284088, 0.06285203993320465, 0.6029039621353149, 1.5002100467681885, 0.08320000022649765, -1.325334072113037, -1.279397964477539]
[0.0643514096736908, -0.010756726376712322, 0.3743821978569031, 1.51258385181427, -0.07112561911344528, 0.7528765797615051] [-0.14722204208374023, 0.14875604212284088, 0.055182039737701416, 0.6044379472732544, 1.5002100467681885, 0.08320000022649765, -1.313062071800232, -1.2671259641647339]
[0.06263604015111923, -0.010715964250266552, 0.37428656220436096, 1.5069786310195923, -0.0686182752251625, 0.7544545531272888] [-0.139552041888237, 0.14875604212284088, 0.04904603958129883, 0.6044379472732544, 1.5002100467681885, 0.08320000022649765, -1.3023240566253662, -1.2563879489898682]
[0.060355301946401596, -0.010745677165687084, 0.37483835220336914, 1.5005688667297363, -0.06859331578016281, 0.7546147704124451] [-0.13034804165363312, 0.14722204208374023, 0.04444403946399689, 0.6044379472732544, 1.501744031906128, 0.08320000022649765, -1.290052056312561, -1.244115948677063]
[0.05826118588447571, -0.011143521405756474, 0.37494775652885437, 1.4961678981781006, -0.06743015348911285, 0.7530854940414429] [-0.12114404141902924, 0.14722204208374023, 0.04137603938579559, 0.6044379472732544, 1.501744031906128, 0.08320000022649765, -1.2762460708618164, -1.2318439483642578]
[0.05574684217572212, -0.011196952313184738, 0.37501126527786255, 1.4930851459503174, -0.06658689677715302, 0.7531018257141113] [-0.10733804106712341, 0.14722204208374023, 0.03677403926849365, 0.6044379472732544, 1.501744031906128, 0.08320000022649765, -1.2609061002731323, -1.2149699926376343]
[0.053553905338048935, -0.012097975239157677, 0.37492015957832336, 1.4943774938583374, -0.06600120663642883, 0.7484186291694641] [-0.09353204071521759, 0.1426200419664383, 0.03677403926849365, 0.6044379472732544, 1.501744031906128, 0.08320000022649765, -1.2471001148223877, -1.202697992324829]
[0.05097745731472969, -0.01246725209057331, 0.3744644820690155, 1.4935137033462524, -0.06320587545633316, 0.7467551827430725] [-0.07665804028511047, 0.139552041888237, 0.035240039229393005, 0.6044379472732544, 1.501744031906128, 0.08320000022649765, -1.2271580696105957, -1.182755947113037]
[0.04792703688144684, -0.012749649584293365, 0.37471893429756165, 1.494277000427246, -0.06430171430110931, 0.7452723979949951] [-0.05825003981590271, 0.139552041888237, 0.035240039229393005, 0.6044379472732544, 1.5032780170440674, 0.08320000022649765, -1.2102841138839722, -1.1643480062484741]
[0.045084331184625626, -0.013041959144175053, 0.3746839761734009, 1.4932700395584106, -0.06406093388795853, 0.7437165975570679] [-0.04137603938579559, 0.13801804184913635, 0.03370603919029236, 0.6044379472732544, 1.5032780170440674, 0.08320000022649765, -1.193410038948059, -1.14900803565979]
[0.042194902896881104, -0.013664446771144867, 0.37481290102005005, 1.4929020404815674, -0.06463545560836792, 0.74069744348526] [-0.02757003903388977, 0.1334160417318344, 0.03370603919029236, 0.6044379472732544, 1.5032780170440674, 0.08320000022649765, -1.178070068359375, -1.1336679458618164]
[0.03951890394091606, -0.014466006308794022, 0.3750931918621063, 1.4935708045959473, -0.06653925776481628, 0.7361708879470825] [-0.0122300386428833, 0.13034804165363312, 0.03370603919029236, 0.6044379472732544, 1.5032780170440674, 0.08320000022649765, -1.1611961126327515, -1.1183279752731323]
[0.036838315427303314, -0.015102558769285679, 0.3749591112136841, 1.4939484596252441, -0.06649598479270935, 0.7331240177154541] [0.001575961709022522, 0.12421204149723053, 0.03370603919029236, 0.6044379472732544, 1.5048121213912964, 0.08320000022649765, -1.1504580974578857, -1.1075899600982666]
[0.03465958684682846, -0.017340250313282013, 0.3753648102283478, 1.4940110445022583, -0.06951986253261566, 0.7240663170814514] [0.013847962021827698, 0.10733804106712341, 0.03370603919029236, 0.6136419773101807, 1.5078800916671753, 0.08320000022649765, -1.1366521120071411, -1.0922499895095825]
[0.03335358202457428, -0.02114262618124485, 0.37524399161338806, 1.498001217842102, -0.07022945582866669, 0.7087331414222717] [0.02765396237373352, 0.08432804048061371, 0.03370603919029236, 0.6243799924850464, 1.5094140768051147, 0.08320000022649765, -1.1213120222091675, -1.078444004058838]
[0.030920516699552536, -0.023193275555968285, 0.3753499686717987, 1.4969419240951538, -0.07211914658546448, 0.7057811617851257] [0.04145996272563934, 0.06745404005050659, 0.03370603919029236, 0.6397199630737305, 1.5094140768051147, 0.08320000022649765, -1.1075060367584229, -1.0631040334701538]
[0.028695574030280113, -0.025904672220349312, 0.3752049207687378, 1.49668288230896, -0.07277930527925491, 0.6996874809265137] [0.055265963077545166, 0.045978039503097534, 0.03370603919029236, 0.6535259485244751, 1.5109480619430542, 0.08320000022649765, -1.0937000513076782, -1.0477639436721802]
[0.02628454566001892, -0.02802809700369835, 0.37473124265670776, 1.4988667964935303, -0.07236535102128983, 0.6950754523277283] [0.07060596346855164, 0.02757003903388977, 0.03370603919029236, 0.6673319935798645, 1.5094140768051147, 0.08320000022649765, -1.0768260955810547, -1.032423973083496]
[0.023195916786789894, -0.029426781460642815, 0.37474218010902405, 1.4955974817276, -0.07478705793619156, 0.6967787146568298] [0.08287796378135681, 0.013764038681983948, 0.03370603919029236, 0.6842060089111328, 1.5109480619430542, 0.08320000022649765, -1.06302011013031, -1.0186179876327515]
[0.02038409560918808, -0.03126586973667145, 0.3746764659881592, 1.4960322380065918, -0.0766393318772316, 0.6969183683395386] [0.09361596405506134, -0.001575961709022522, 0.03217203915119171, 0.70414799451828, 1.514016032218933, 0.08320000022649765, -1.0507481098175049, -1.0063459873199463]
[0.019872218370437622, -0.0332360602915287, 0.3736279308795929, 1.4983007907867432, -0.07028009742498398, 0.6965387463569641] [0.10281995683908463, -0.01844996213912964, 0.02296803891658783, 0.7240899801254272, 1.5201520919799805, 0.08320000022649765, -1.0369420051574707, -0.9940739870071411]
[0.019036903977394104, -0.034187112003564835, 0.3723357915878296, 1.4961204528808594, -0.060983240604400635, 0.7022665739059448] [0.10895595699548721, -0.03225596249103546, 0.010696038603782654, 0.7409639954566956, 1.5278220176696777, 0.08320000022649765, -1.023136019706726, -0.9802680015563965]
[0.01755521446466446, -0.03641430288553238, 0.3716285526752472, 1.4923738241195679, -0.055738531053066254, 0.6982682943344116] [0.11662595719099045, -0.05219796299934387, 0.004560038447380066, 0.7563039660453796, 1.5324240922927856, 0.08320000022649765, -1.0093300342559814, -0.9679960012435913]
[0.014401430264115334, -0.0389411598443985, 0.37112870812416077, 1.487236499786377, -0.05141861364245415, 0.697766125202179] [0.12582996487617493, -0.07674196362495422, -0.00771196186542511, 0.7869839668273926, 1.5385600328445435, 0.08320000022649765, -0.9878540635108948, -0.9480539560317993]
[0.010074164718389511, -0.041301701217889786, 0.37092697620391846, 1.4771194458007812, -0.04628530144691467, 0.7004413604736328] [0.13349996507167816, -0.10435395687818527, -0.02765396237373352, 0.808459997177124, 1.5492980480194092, 0.08320000022649765, -0.969446063041687, -0.9265779852867126]
[0.0065210917964577675, -0.043423477560281754, 0.3706815242767334, 1.4694979190826416, -0.04230678826570511, 0.7000430226325989] [0.14270396530628204, -0.12889796495437622, -0.039925962686538696, 0.8422079682350159, 1.553900122642517, 0.08320000022649765, -0.9449020624160767, -0.9066359996795654]
[-0.003990571945905685, -0.04525837302207947, 0.37231382727622986, 1.454398512840271, -0.05466686934232712, 0.7127756476402283] [0.15497596561908722, -0.15037396550178528, -0.050663962960243225, 0.8698199987411499, 1.5646381378173828, 0.08320000022649765, -0.9264940619468689, -0.8882279992103577]
[-0.009092897176742554, -0.0460401326417923, 0.3724310100078583, 1.4490071535110474, -0.05414437875151634, 0.7220439910888672] [0.15957796573638916, -0.16264596581459045, -0.0660039633512497, 0.8882279992103577, 1.5784441232681274, 0.08320000022649765, -0.9065520763397217, -0.8682860136032104]
[-0.014923341572284698, -0.04749017208814621, 0.37291207909584045, 1.4384305477142334, -0.054186951369047165, 0.7225812673568726] [0.1672479659318924, -0.17645196616649628, -0.08134396374225616, 0.9004999995231628, 1.5891821384429932, 0.08320000022649765, -0.8896780610084534, -0.8498779535293579]
[-0.018048055469989777, -0.04796470329165459, 0.3727709949016571, 1.4362468719482422, -0.05389856919646263, 0.7250646948814392] [0.17338396608829498, -0.1841219663619995, -0.09054796397686005, 0.9189079999923706, 1.5983860492706299, 0.08320000022649765, -0.8774060606956482, -0.8376059532165527]
[-0.022220708429813385, -0.04840594530105591, 0.37249162793159485, 1.4308021068572998, -0.04945006221532822, 0.7390108704566956] [0.17338396608829498, -0.20406396687030792, -0.10435395687818527, 0.9480539560317993, 1.610658049583435, 0.08320000022649765, -0.8620660305023193, -0.8253339529037476]
[-0.026206951588392258, -0.05029242858290672, 0.37270423769950867, 1.426099419593811, -0.04777783155441284, 0.74191814661026] [0.17338396608829498, -0.2194039672613144, -0.11662595719099045, 0.978734016418457, 1.6198620796203613, 0.08320000022649765, -0.8482600450515747, -0.8130619525909424]
[-0.02798617258667946, -0.050871022045612335, 0.37209203839302063, 1.423924446105957, -0.03751255199313164, 0.7503928542137146] [0.17338396608829498, -0.23781196773052216, -0.12736396491527557, 1.014016032218933, 1.633668065071106, 0.08320000022649765, -0.8344540596008301, -0.7977219820022583]
[-0.03005140647292137, -0.05198216810822487, 0.3712974786758423, 1.4244043827056885, -0.023067347705364227, 0.7561191320419312] [0.17338396608829498, -0.2623559832572937, -0.1411699652671814, 1.040094017982483, 1.6428720951080322, 0.08320000022649765, -0.8237160444259644, -0.788517951965332]
[-0.03346095234155655, -0.05295626074075699, 0.37064066529273987, 1.4200153350830078, -0.013021251186728477, 0.7625865340232849] [0.17338396608829498, -0.2776959538459778, -0.15344196557998657, 1.0677059888839722, 1.6520761251449585, 0.08320000022649765, -0.8099100589752197, -0.7777799963951111]
[-0.036916837096214294, -0.05340754985809326, 0.3704758882522583, 1.4179086685180664, -0.009338687174022198, 0.772557258605957] [0.17338396608829498, -0.2945699691772461, -0.16264596581459045, 1.093783974647522, 1.6597460508346558, 0.08320000022649765, -0.7945700883865356, -0.7624399662017822]
[-0.04104052856564522, -0.054152995347976685, 0.3702380061149597, 1.4143059253692627, -0.004547785967588425, 0.7783135175704956] [0.17338396608829498, -0.3053079843521118, -0.17645196616649628, 1.1167939901351929, 1.668950080871582, 0.08320000022649765, -0.7807640433311462, -0.7486339807510376]
[-0.0449860580265522, -0.053646814078092575, 0.3697877526283264, 1.4057461023330688, 0.0011068148305639625, 0.7920717000961304] [0.17338396608829498, -0.30990996956825256, -0.1871899664402008, 1.1352019309997559, 1.672018051147461, 0.08320000022649765, -0.7684920430183411, -0.7378959655761719]
[-0.050416044890880585, -0.05377766489982605, 0.3700840473175049, 1.393725872039795, -0.008564669638872147, 0.8043818473815918] [0.17338396608829498, -0.30990996956825256, -0.19179196655750275, 1.1428719758987427, 1.6735520362854004, 0.08320000022649765, -0.7638900279998779, -0.734827995300293]
[-0.05336408317089081, -0.05423637852072716, 0.37083497643470764, 1.3912733793258667, -0.019071059301495552, 0.8062648773193359] [0.17338396608829498, -0.3145119547843933, -0.19179196655750275, 1.1413379907608032, 1.6904261112213135, 0.08320000022649765, -0.7654240727424622, -0.7363619804382324]
[-0.05156219005584717, -0.056335486471652985, 0.37126290798187256, 1.4113879203796387, -0.016232606023550034, 0.7872599363327026] [0.17338396608829498, -0.3329199552536011, -0.1902579665184021, 1.1413379907608032, 1.7011641263961792, 0.08320000022649765, -0.7684920430183411, -0.7394299507141113]
[-0.04988441243767738, -0.05748840048909187, 0.37152475118637085, 1.4264423847198486, -0.012695186771452427, 0.7748307585716248] [0.17184996604919434, -0.3405899703502655, -0.18872396647930145, 1.1413379907608032, 1.7088340520858765, 0.08320000022649765, -0.7700260877609253, -0.742497980594635]
[-0.048865869641304016, -0.05783708393573761, 0.37172916531562805, 1.429692029953003, -0.012531982734799385, 0.7684782147407532] [0.17338396608829498, -0.3405899703502655, -0.18565596640110016, 1.1352019309997559, 1.7088340520858765, 0.08320000022649765, -0.7776960730552673, -0.7486339807510376]
[-0.04700319841504097, -0.05837579444050789, 0.37275707721710205, 1.4349920749664307, -0.01905328966677189, 0.7580933570861816] [0.17338396608829498, -0.3405899703502655, -0.17951996624469757, 1.1183279752731323, 1.7088340520858765, 0.08320000022649765, -0.7838320732116699, -0.7547699809074402]
[-0.04556979238986969, -0.05869908258318901, 0.37292715907096863, 1.4406194686889648, -0.020512083545327187, 0.7529866099357605] [0.17184996604919434, -0.3405899703502655, -0.17645196616649628, 1.1167939901351929, 1.7088340520858765, 0.08320000022649765, -0.7930360436439514, -0.7655079960823059]
[-0.043678659945726395, -0.05896015092730522, 0.3734368681907654, 1.441992163658142, -0.020069610327482224, 0.7485052943229675] [0.1641799658536911, -0.3405899703502655, -0.17645196616649628, 1.1121920347213745, 1.7088340520858765, 0.08320000022649765, -0.8037740588188171, -0.7777799963951111]
[-0.04162919893860817, -0.059485577046871185, 0.3733404576778412, 1.4459749460220337, -0.017501121386885643, 0.7439479827880859] [0.15957796573638916, -0.34212398529052734, -0.17645196616649628, 1.109123945236206, 1.7088340520858765, 0.08320000022649765, -0.8221820592880249, -0.7961879968643188]
[-0.03880731016397476, -0.059954434633255005, 0.3729259669780731, 1.4533711671829224, -0.01326996274292469, 0.7380663752555847] [0.15650996565818787, -0.34212398529052734, -0.17491796612739563, 1.0968519449234009, 1.7088340520858765, 0.08320000022649765, -0.837522029876709, -0.808459997177124]
[-0.03520810231566429, -0.06079883128404617, 0.3728715181350708, 1.4604346752166748, -0.010826612822711468, 0.7267385125160217] [0.15344196557998657, -0.34212398529052734, -0.17338396608829498, 1.0815119743347168, 1.7088340520858765, 0.08320000022649765, -0.8482600450515747, -0.8191980123519897]
[-0.03157602995634079, -0.06193174794316292, 0.3725198209285736, 1.4668878316879272, -0.007330447435379028, 0.7119178771972656] [0.15037396550178528, -0.34212398529052734, -0.17338396608829498, 1.0677059888839722, 1.7088340520858765, 0.08320000022649765, -0.8605320453643799, -0.8314700126647949]
[-0.027655497193336487, -0.06299703568220139, 0.37251901626586914, 1.4721873998641968, -0.004672999493777752, 0.6972805857658386] [0.1442379653453827, -0.34212398529052734, -0.17338396608829498, 1.0600359439849854, 1.7088340520858765, 0.08320000022649765, -0.8743380308151245, -0.8483439683914185]
[-0.024612735956907272, -0.06377128511667252, 0.3727916181087494, 1.4754867553710938, -0.0037755027879029512, 0.6899868845939636] [0.1350339651107788, -0.34212398529052734, -0.17338396608829498, 1.0477639436721802, 1.7088340520858765, 0.08320000022649765, -0.8942800760269165, -0.8667519688606262]
[-0.02061207965016365, -0.0647420585155487, 0.37331482768058777, 1.476872444152832, -0.002705525839701295, 0.6765653491020203] [0.12122795730829239, -0.34212398529052734, -0.17338396608829498, 1.0293560028076172, 1.707300066947937, 0.08320000022649765, -0.9157560467720032, -0.8866939544677734]
[-0.014787130057811737, -0.0665886327624321, 0.37358206510543823, 1.4811437129974365, -0.00047269847709685564, 0.6543025970458984] [0.10895595699548721, -0.34212398529052734, -0.17338396608829498, 1.014016032218933, 1.707300066947937, 0.08320000022649765, -0.9356980323791504, -0.905102014541626]
[-0.010673817247152328, -0.06712518632411957, 0.374076247215271, 1.485253930091858, 0.0006477257120423019, 0.6474682688713074] [0.09668396413326263, -0.34212398529052734, -0.17491796612739563, 1.0078799724578857, 1.707300066947937, 0.08320000022649765, -0.9556400775909424, -0.9250440001487732]
[-0.006413592956960201, -0.06786806136369705, 0.3741045296192169, 1.484644889831543, 0.0043484363704919815, 0.6383110880851746] [0.08134396374225616, -0.34212398529052734, -0.17491796612739563, 0.9940739870071411, 1.704232096672058, 0.08320000022649765, -0.9755820631980896, -0.9465199708938599]
[-0.0014338491018861532, -0.06946767121553421, 0.37391629815101624, 1.4883782863616943, 0.006926348898559809, 0.6204549670219421] [0.06907196342945099, -0.34212398529052734, -0.17491796612739563, 0.9756659865379333, 1.7026981115341187, 0.08320000022649765, -0.9985920786857605, -0.9679960012435913]
[0.003377007320523262, -0.07066693156957626, 0.37431085109710693, 1.4912489652633667, 0.00760809239000082, 0.6073951721191406] [0.05373196303844452, -0.34212398529052734, -0.17491796612739563, 0.9633939862251282, 1.7026981115341187, 0.08320000022649765, -1.0154660940170288, -0.9879379868507385]
[0.007908984087407589, -0.07183930277824402, 0.3744044303894043, 1.4947738647460938, 0.008911675773561, 0.5969406962394714] [0.03839196264743805, -0.34212398529052734, -0.17491796612739563, 0.951121985912323, 1.7026981115341187, 0.08320000022649765, -1.0415440797805786, -1.0109479427337646]
[0.012746338732540607, -0.07289118319749832, 0.3747415244579315, 1.4971320629119873, 0.009944621473550797, 0.5848595499992371] [0.021517962217330933, -0.34212398529052734, -0.17491796612739563, 0.9373160004615784, 1.7011641263961792, 0.08320000022649765, -1.0584180355072021, -1.0308899879455566]
[0.01766960881650448, -0.0742235779762268, 0.3748990595340729, 1.4981122016906738, 0.011604643426835537, 0.5683965682983398] [0.006177961826324463, -0.34212398529052734, -0.17645196616649628, 0.923509955406189, 1.7026981115341187, 0.08320000022649765, -1.0783600807189941, -1.0462299585342407]
[0.021440161392092705, -0.07490238547325134, 0.374746173620224, 1.4988080263137817, 0.013222597539424896, 0.5611085295677185] [-0.009162038564682007, -0.34212398529052734, -0.17645196616649628, 0.9173740148544312, 1.7011641263961792, 0.08320000022649765, -1.0998361110687256, -1.0677059888839722]
[0.025638554245233536, -0.07560408115386963, 0.37473639845848083, 1.5010854005813599, 0.01444975845515728, 0.554985523223877] [-0.029104039072990417, -0.34212398529052734, -0.17645196616649628, 0.9097039699554443, 1.7011641263961792, 0.08320000022649765, -1.1228461265563965, -1.090716004371643]
[0.030316205695271492, -0.07658721506595612, 0.37506961822509766, 1.5025488138198853, 0.013573710806667805, 0.5460376143455505] [-0.04751203954219818, -0.34212398529052734, -0.17645196616649628, 0.8912959694862366, 1.6996300220489502, 0.08320000022649765, -1.1458560228347778, -1.1152600049972534]
[0.03734937310218811, -0.07889717072248459, 0.3749431073665619, 1.5040345191955566, 0.0138927660882473, 0.5209015011787415] [-0.06898804008960724, -0.34212398529052734, -0.17645196616649628, 0.8744219541549683, 1.6996300220489502, 0.08320000022649765, -1.1704000234603882, -1.1413379907608032]
[0.04210996255278587, -0.07955833524465561, 0.3749461770057678, 1.5051965713500977, 0.014773095957934856, 0.5135719776153564] [-0.087396040558815, -0.34212398529052734, -0.17645196616649628, 0.8667519688606262, 1.6996300220489502, 0.08320000022649765, -1.1918760538101196, -1.1612800359725952]
[0.04661136493086815, -0.08014471083879471, 0.3748874366283417, 1.5062954425811768, 0.015262329019606113, 0.5077068209648132] [-0.10887204110622406, -0.34212398529052734, -0.17645196616649628, 0.8590819835662842, 1.6996300220489502, 0.08320000022649765, -1.2148860692977905, -1.1842899322509766]
[0.052317582070827484, -0.08189713954925537, 0.3743321895599365, 1.5092060565948486, 0.015871046110987663, 0.49269309639930725] [-0.12728004157543182, -0.34212398529052734, -0.17645196616649628, 0.8452759981155396, 1.6996300220489502, 0.08320000022649765, -1.2332940101623535, -1.2042319774627686]
[0.05680445209145546, -0.08292573690414429, 0.3739100396633148, 1.511014461517334, 0.016005447134375572, 0.4821607768535614] [-0.14415404200553894, -0.34212398529052734, -0.17645196616649628, 0.8330039978027344, 1.6996300220489502, 0.08320000022649765, -1.254770040512085, -1.2195719480514526]
[0.061753030866384506, -0.08422200381755829, 0.3736346662044525, 1.5125285387039185, 0.015361309051513672, 0.4701940715312958] [-0.1625620424747467, -0.34212398529052734, -0.17645196616649628, 0.8222659826278687, 1.6996300220489502, 0.08320000022649765, -1.271644115447998, -1.241047978401184]
[0.06561394780874252, -0.08500173687934875, 0.3733723759651184, 1.5133445262908936, 0.014978170394897461, 0.4627807140350342] [-0.17943604290485382, -0.34212398529052734, -0.17645196616649628, 0.8176639676094055, 1.6996300220489502, 0.08320000022649765, -1.29312002658844, -1.260990023612976]
[0.0692639872431755, -0.08506640046834946, 0.3733674883842468, 1.5127835273742676, 0.014139652252197266, 0.46148112416267395] [-0.20091204345226288, -0.34212398529052734, -0.17645196616649628, 0.8176639676094055, 1.6996300220489502, 0.08320000022649765, -1.309994101524353, -1.2763299942016602]
[0.0726713314652443, -0.08504237234592438, 0.3726547658443451, 1.5139734745025635, 0.016509326174855232, 0.4616708755493164] [-0.21625204384326935, -0.34212398529052734, -0.17645196616649628, 0.8191980123519897, 1.6996300220489502, 0.08320000022649765, -1.3207321166992188, -1.2870680093765259]
[0.07510854303836823, -0.08508024364709854, 0.3716117739677429, 1.5159714221954346, 0.01992194913327694, 0.4617895781993866] [-0.22392204403877258, -0.34212398529052734, -0.17645196616649628, 0.8176639676094055, 1.6996300220489502, 0.08320000022649765, -1.328402042388916, -1.2932039499282837]
[0.07686552405357361, -0.08510027080774307, 0.3710387349128723, 1.5187500715255737, 0.02068142406642437, 0.46354204416275024] [-0.23159204423427582, -0.34212398529052734, -0.17491796612739563, 0.8176639676094055, 1.6996300220489502, 0.08320000022649765, -1.3345381021499634, -1.299340009689331]
[0.07816900312900543, -0.0853310152888298, 0.37066054344177246, 1.5213004350662231, 0.020076943561434746, 0.4636918008327484] [-0.2407960444688797, -0.34212398529052734, -0.17184996604919434, 0.8191980123519897, 1.7011641263961792, 0.08320000022649765, -1.3360720872879028, -1.3008739948272705]
[0.07881416380405426, -0.08533553779125214, 0.37406980991363525, 1.524210810661316, -0.0005017754156142473, 0.46373599767684937] [-0.2607380449771881, -0.3436579704284668, -0.14577196538448334, 0.8161299824714661, 1.6996300220489502, 0.08320000022649765, -1.3360720872879028, -1.3008739948272705]
[0.0787547305226326, -0.08670938014984131, 0.38291820883750916, 1.5334793329238892, -0.05267082527279854, 0.4575871527194977] [-0.28835004568099976, -0.35132795572280884, -0.11969395726919174, 0.8115279674530029, 1.6996300220489502, 0.08320000022649765, -1.3391400575637817, -1.3039419651031494]
[0.07952415943145752, -0.09281128644943237, 0.38910311460494995, 1.5660399198532104, -0.0985693410038948, 0.4216998517513275] [-0.30062204599380493, -0.37893998622894287, -0.06907196342945099, 0.7915859818458557, 1.6996300220489502, 0.08320000022649765, -1.345276117324829, -1.3146799802780151]
[0.081201933324337, -0.10426904261112213, 0.39652639627456665, 1.6405071020126343, -0.16355404257774353, 0.3488043248653412] [-0.30062204599380493, -0.4188239574432373, 0.09660004079341888, 0.7087500095367432, 1.6996300220489502, 0.08320000022649765, -1.345276117324829, -1.3146799802780151]
[0.08346691727638245, -0.12854701280593872, 0.4177475571632385, 1.9147814512252808, -0.3291306793689728, 0.1423143744468689] [-0.3036900460720062, -0.42342597246170044, 0.4494200348854065, 0.4510379731655121, 1.6996300220489502, 0.08320000022649765, -1.345276117324829, -1.3162139654159546]
[0.08261930197477341, -0.1654944121837616, 0.4241592288017273, 2.3416035175323486, -0.36446404457092285, -0.16979940235614777] [-0.29141804575920105, -0.4449019730091095, 0.6994620561599731, 0.2915019690990448, 1.6996300220489502, 0.08320000022649765, -1.345276117324829, -1.3162139654159546]
[0.07898316532373428, -0.18937577307224274, 0.41941744089126587, 2.600773334503174, -0.30583617091178894, -0.3482053577899933] [-0.2898840308189392, -0.47864997386932373, 0.9356980323791504, 0.15190796554088593, 1.6996300220489502, 0.08320000022649765, -1.345276117324829, -1.3162139654159546]
[0.07383345812559128, -0.20940053462982178, 0.409986287355423, 2.799262523651123, -0.21312285959720612, -0.47949525713920593] [-0.28835004568099976, -0.5231359601020813, 1.0890980958938599, 0.04452796280384064, 1.7011641263961792, 0.08320000022649765, -1.345276117324829, -1.317747950553894]
[0.06592726707458496, -0.22563430666923523, 0.4019097089767456, 2.9113781452178955, -0.15531682968139648, -0.5693126320838928] [-0.2730100452899933, -0.5921659469604492, 1.1412540674209595, 0.03839196264743805, 1.7011641263961792, 0.08320000022649765, -1.345276117324829, -1.322350025177002]
[0.0586685910820961, -0.23600418865680695, 0.3987857699394226, 2.928022861480713, -0.14068879187107086, -0.6268895268440247] [-0.25613605976104736, -0.6504579782485962, 1.1535260677337646, 0.0368579626083374, 1.704232096672058, 0.08320000022649765, -1.345276117324829, -1.3238840103149414]
[0.053998515009880066, -0.2428840696811676, 0.3938210606575012, 2.9292614459991455, -0.11613038182258606, -0.6653115153312683] [-0.22392204403877258, -0.6842060089111328, 1.1611961126327515, 0.035323962569236755, 1.704232096672058, 0.08320000022649765, -1.345276117324829, -1.3238840103149414]
[0.05153629183769226, -0.24724899232387543, 0.38676923513412476, 2.911304235458374, -0.08261948078870773, -0.687874436378479] [-0.19017404317855835, -0.6980119943618774, 1.1673320531845093, 0.03378996253013611, 1.704232096672058, 0.08320000022649765, -1.345276117324829, -1.3269519805908203]
[0.05214926600456238, -0.24760238826274872, 0.38085755705833435, 2.895638942718506, -0.0539078563451767, -0.6880453824996948] [-0.15029004216194153, -0.696478009223938, 1.1719341278076172, 0.03378996253013611, 1.704232096672058, 0.08320000022649765, -1.345276117324829, -1.3269519805908203]
[0.05316230282187462, -0.24749283492565155, 0.3724726736545563, 2.8733930587768555, -0.013359470292925835, -0.6856653094291687] [-0.09966804087162018, -0.696478009223938, 1.1872740983963013, 0.03378996253013611, 1.7057660818099976, 0.08320000022649765, -1.345276117324829, -1.3269519805908203]
[0.053218476474285126, -0.24797897040843964, 0.3639070689678192, 2.8608498573303223, 0.027325056493282318, -0.6868749856948853] [-0.055182039737701416, -0.696478009223938, 1.2041480541229248, 0.03378996253013611, 1.7057660818099976, 0.08320000022649765, -1.345276117324829, -1.3269519805908203]
[0.05373014882206917, -0.24750111997127533, 0.3564954400062561, 2.8367154598236084, 0.06284260004758835, -0.6847452521324158] [-0.003026038408279419, -0.6918759942054749, 1.2056820392608643, 0.035323962569236755, 1.7057660818099976, 0.08320000022649765, -1.345276117324829, -1.3269519805908203]
[0.05360383167862892, -0.2471967488527298, 0.3501727879047394, 2.8122270107269287, 0.09224855899810791, -0.6842860579490662] [0.035323962569236755, -0.6918759942054749, 1.2056820392608643, 0.0368579626083374, 1.7057660818099976, 0.08320000022649765, -1.345276117324829, -1.3269519805908203]
[0.053125545382499695, -0.2473035603761673, 0.34472978115081787, 2.7918059825897217, 0.11883799731731415, -0.6871553659439087] [0.06753796339035034, -0.6918759942054749, 1.2056820392608643, 0.035323962569236755, 1.7057660818099976, 0.08320000022649765, -1.345276117324829, -1.3254179954528809]
[0.05272882431745529, -0.24731534719467163, 0.33984556794166565, 2.7734713554382324, 0.14188551902770996, -0.6892282366752625] [0.10128595679998398, -0.6918759942054749, 1.2072160243988037, 0.0368579626083374, 1.7057660818099976, 0.08320000022649765, -1.345276117324829, -1.3269519805908203]
[0.05200561508536339, -0.2472095787525177, 0.3347426652908325, 2.7529070377349854, 0.16654033958911896, -0.6920861005783081] [0.12889796495437622, -0.6872739791870117, 1.2072160243988037, 0.035323962569236755, 1.7057660818099976, 0.08320000022649765, -1.345276117324829, -1.3254179954528809]
[0.0526835173368454, -0.24557892978191376, 0.33001893758773804, 2.7387828826904297, 0.188669353723526, -0.6843670606613159] [0.15344196557998657, -0.6796039938926697, 1.2072160243988037, 0.03839196264743805, 1.7057660818099976, 0.08320000022649765, -1.345276117324829, -1.3254179954528809]
[0.052338968962430954, -0.24529804289340973, 0.3271016776561737, 2.7276551723480225, 0.2019704282283783, -0.6842743754386902] [0.17184996604919434, -0.6811379790306091, 1.2072160243988037, 0.0368579626083374, 1.7057660818099976, 0.08320000022649765, -1.345276117324829, -1.3254179954528809]
[0.0515638031065464, -0.24557746946811676, 0.3246728777885437, 2.717360019683838, 0.2136949598789215, -0.687967836856842] [0.18565596640110016, -0.6796039938926697, 1.2072160243988037, 0.03839196264743805, 1.7057660818099976, 0.08320000022649765, -1.3468101024627686, -1.3254179954528809]
[0.05151159316301346, -0.24532507359981537, 0.32307329773902893, 2.7131900787353516, 0.22134676575660706, -0.6876104474067688] [0.19485996663570404, -0.6796039938926697, 1.2072160243988037, 0.03839196264743805, 1.7057660818099976, 0.08320000022649765, -1.345276117324829, -1.3254179954528809]
[0.050943151116371155, -0.24522854387760162, 0.32099074125289917, 2.7025747299194336, 0.23171550035476685, -0.6896541118621826] [0.20713196694850922, -0.6796039938926697, 1.2072160243988037, 0.03839196264743805, 1.7057660818099976, 0.08320000022649765, -1.345276117324829, -1.3254179954528809]
[0.05006313696503639, -0.24555695056915283, 0.31856074929237366, 2.692155599594116, 0.2434455156326294, -0.6937377452850342] [0.22247196733951569, -0.6811379790306091, 1.2072160243988037, 0.03839196264743805, 1.7057660818099976, 0.08320000022649765, -1.345276117324829, -1.3238840103149414]
[0.050778768956661224, -0.24432283639907837, 0.31722092628479004, 2.690589427947998, 0.24962273240089417, -0.6869348883628845] [0.22707396745681763, -0.6703999638557434, 1.2072160243988037, 0.03839196264743805, 1.7057660818099976, 0.08320000022649765, -1.345276117324829, -1.3238840103149414]
[0.052041079849004745, -0.2425849437713623, 0.31615927815437317, 2.6901018619537354, 0.25441887974739075, -0.67684406042099] [0.23014196753501892, -0.6627299785614014, 1.2072160243988037, 0.03839196264743805, 1.7057660818099976, 0.08320000022649765, -1.345276117324829, -1.3238840103149414]
[0.05199987068772316, -0.24256926774978638, 0.31620410084724426, 2.6903750896453857, 0.25410282611846924, -0.6766791939735413] [0.23014196753501892, -0.6611959934234619, 1.2072160243988037, 0.03839196264743805, 1.7057660818099976, 0.08320000022649765, -1.345276117324829, -1.3238840103149414]
[0.05227898061275482, -0.2423580437898636, 0.31603893637657166, 2.6922826766967773, 0.25489193201065063, -0.6751192808151245] [0.23014196753501892, -0.6627299785614014, 1.2072160243988037, 0.03839196264743805, 1.704232096672058, 0.08320000022649765, -1.3468101024627686, -1.3238840103149414]
[0.05239268019795418, -0.2422717809677124, 0.3160931468009949, 2.691831588745117, 0.25497138500213623, -0.6751145124435425] [0.23014196753501892, -0.6627299785614014, 1.2072160243988037, 0.03839196264743805, 1.7057660818099976, 0.08320000022649765, -1.345276117324829, -1.3238840103149414]
[0.0520809069275856, -0.24274255335330963, 0.31586891412734985, 2.6920437812805176, 0.2553384006023407, -0.6768902540206909] [0.23014196753501892, -0.6627299785614014, 1.2072160243988037, 0.03839196264743805, 1.7057660818099976, 0.08320000022649765, -1.345276117324829, -1.3238840103149414]
[0.052269574254751205, -0.2424292415380478, 0.315910667181015, 2.692528247833252, 0.2552275061607361, -0.6751660704612732] [0.23014196753501892, -0.6611959934234619, 1.2072160243988037, 0.03839196264743805, 1.7057660818099976, 0.08320000022649765, -1.345276117324829, -1.3238840103149414]
[0.052166897803545, -0.24258272349834442, 0.316086083650589, 2.6922287940979004, 0.2545819878578186, -0.6761797666549683] [0.23014196753501892, -0.6627299785614014, 1.2072160243988037, 0.03839196264743805, 1.704232096672058, 0.08320000022649765, -1.345276117324829, -1.3238840103149414]
[0.05202864482998848, -0.24266165494918823, 0.3160479664802551, 2.6921653747558594, 0.25461193919181824, -0.6766448616981506] [0.23014196753501892, -0.6611959934234619, 1.2072160243988037, 0.03839196264743805, 1.7057660818099976, 0.08320000022649765, -1.345276117324829, -1.3238840103149414]
