[0.05678035318851471, -0.21676695346832275, 0.307085782289505, 2.8984932899475098, 0.21327735483646393, -0.491033136844635] [0.4310959577560425, -0.5323399901390076, 1.4127720594406128, 0.2546859681606293, 1.730310082435608, 0.9968000054359436, -1.3023240566253662, -1.2978060245513916]
[0.05683591216802597, -0.21679170429706573, 0.30733829736709595, 2.8992509841918945, 0.21193738281726837, -0.49097123742103577] [0.4310959577560425, -0.5323399901390076, 1.4127720594406128, 0.2546859681606293, 1.730310082435608, 0.9968000054359436, -1.3038580417633057, -1.2809319496154785]
[0.0568881630897522, -0.21678029000759125, 0.3069886565208435, 2.898900032043457, 0.21398557722568512, -0.49169376492500305] [0.4326299726963043, -0.5323399901390076, 1.4127720594406128, 0.2546859681606293, 1.730310082435608, 0.9968000054359436, -1.3038580417633057, -1.2778639793395996]
[0.05703356862068176, -0.21678003668785095, 0.3068311810493469, 2.897481918334961, 0.21480925381183624, -0.49138522148132324] [0.43416398763656616, -0.5323399901390076, 1.4143060445785522, 0.2546859681606293, 1.730310082435608, 0.9968000054359436, -1.3038580417633057, -1.2778639793395996]
[0.05724894627928734, -0.21675533056259155, 0.3068102300167084, 2.896864414215088, 0.21552644670009613, -0.49149608612060547] [0.4326299726963043, -0.5323399901390076, 1.4127720594406128, 0.2546859681606293, 1.730310082435608, 0.9971999526023865, -1.3038580417633057, -1.2778639793395996]
[0.057197198271751404, -0.21677061915397644, 0.3067929148674011, 2.897047281265259, 0.21540270745754242, -0.49147477746009827] [0.43416398763656616, -0.5323399901390076, 1.4143060445785522, 0.2546859681606293, 1.730310082435608, 0.9968000054359436, -1.3038580417633057, -1.2778639793395996]
[0.05710214748978615, -0.21671101450920105, 0.30691149830818176, 2.8969058990478516, 0.2148676961660385, -0.49145856499671936] [0.4326299726963043, -0.5323399901390076, 1.4143060445785522, 0.2546859681606293, 1.730310082435608, 0.9968000054359436, -1.3038580417633057, -1.2778639793395996]
[0.05706820636987686, -0.21670369803905487, 0.30670875310897827, 2.897243022918701, 0.2162131518125534, -0.492048978805542] [0.43416398763656616, -0.5323399901390076, 1.4127720594406128, 0.2546859681606293, 1.730310082435608, 0.9968000054359436, -1.3038580417633057, -1.2778639793395996]
[0.05705185607075691, -0.21693909168243408, 0.3070369064807892, 2.8958194255828857, 0.21474973857402802, -0.49300113320350647] [0.43416398763656616, -0.5323399901390076, 1.4127720594406128, 0.2546859681606293, 1.730310082435608, 0.9968000054359436, -1.3038580417633057, -1.2778639793395996]
[0.056984610855579376, -0.21676908433437347, 0.3065570592880249, 2.8963377475738525, 0.21643459796905518, -0.4917530417442322] [0.43416398763656616, -0.5323399901390076, 1.4143060445785522, 0.2546859681606293, 1.730310082435608, 0.9968000054359436, -1.3038580417633057, -1.2778639793395996]
[0.056949228048324585, -0.21677939593791962, 0.30659356713294983, 2.8978965282440186, 0.21611501276493073, -0.49198225140571594] [0.43416398763656616, -0.5323399901390076, 1.4143060445785522, 0.2546859681606293, 1.730310082435608, 0.09080000221729279, -1.3038580417633057, -1.2778639793395996]
[0.0569155178964138, -0.21676857769489288, 0.30661600828170776, 2.897777557373047, 0.21597321331501007, -0.4919644296169281] [0.4326299726963043, -0.5323399901390076, 1.4143060445785522, 0.2546859681606293, 1.730310082435608, 0.09080000221729279, -1.3038580417633057, -1.2778639793395996]
[0.056981511414051056, -0.216642364859581, 0.3066217303276062, 2.8960251808166504, 0.21623364090919495, -0.49168434739112854] [0.4326299726963043, -0.5323399901390076, 1.4143060445785522, 0.2546859681606293, 1.730310082435608, 0.09120000153779984, -1.3053920269012451, -1.2778639793395996]
[0.05709155276417732, -0.21674604713916779, 0.3067498207092285, 2.8980445861816406, 0.2152605801820755, -0.4919048845767975] [0.4326299726963043, -0.5323399901390076, 1.4127720594406128, 0.2546859681606293, 1.730310082435608, 0.09080000221729279, -1.3053920269012451, -1.279397964477539]
[0.057380311191082, -0.2163858711719513, 0.3065223693847656, 2.8892390727996826, 0.21701113879680634, -0.4894360601902008] [0.43416398763656616, -0.5323399901390076, 1.3974320888519287, 0.2546859681606293, 1.730310082435608, 0.09120000153779984, -1.3053920269012451, -1.279397964477539]
[0.05767247453331947, -0.2160532921552658, 0.3062901794910431, 2.878904342651367, 0.21856249868869781, -0.4873308837413788] [0.4326299726963043, -0.5323399901390076, 1.3928301334381104, 0.2562199831008911, 1.727242112159729, 0.09080000221729279, -1.3069260120391846, -1.2778639793395996]
[0.05794505774974823, -0.21577037870883942, 0.30690962076187134, 2.870195150375366, 0.21475180983543396, -0.48527923226356506] [0.4249599575996399, -0.5323399901390076, 1.383626103401184, 0.26082196831703186, 1.7211060523986816, 0.09080000221729279, -1.3069260120391846, -1.2778639793395996]
[0.05903612822294235, -0.21503698825836182, 0.3100813925266266, 2.8633127212524414, 0.19500264525413513, -0.47750648856163025] [0.41422197222709656, -0.533873975276947, 1.3774900436401367, 0.26695796847343445, 1.7180380821228027, 0.09120000153779984, -1.3069260120391846, -1.2747960090637207]
[0.059215012937784195, -0.21511037647724152, 0.3110102415084839, 2.8611860275268555, 0.1894492357969284, -0.47706493735313416] [0.4126879572868347, -0.533873975276947, 1.3759560585021973, 0.2776959538459778, 1.7134361267089844, 0.09120000153779984, -1.3053920269012451, -1.2732620239257812]
[0.06012413278222084, -0.21387729048728943, 0.3139703571796417, 2.8485445976257324, 0.1645081639289856, -0.46558162569999695] [0.4096199870109558, -0.533873975276947, 1.3744220733642578, 0.3083759546279907, 1.6766201257705688, 0.09120000153779984, -1.3038580417633057, -1.2717280387878418]
[0.06162182241678238, -0.21171855926513672, 0.319751501083374, 2.793668746948242, 0.12055514752864838, -0.44971582293510437] [0.39734798669815063, -0.533873975276947, 1.3744220733642578, 0.34519195556640625, 1.610658049583435, 0.17520000040531158, -1.3038580417633057, -1.2717280387878418]
[0.06317166984081268, -0.2094104140996933, 0.32573574781417847, 2.7172741889953613, 0.07550081610679626, -0.4354061484336853] [0.3820079565048218, -0.5323399901390076, 1.3759560585021973, 0.3728039860725403, 1.5201520919799805, 0.40880000591278076, -1.3038580417633057, -1.2717280387878418]
[0.06417563557624817, -0.2075752168893814, 0.33113399147987366, 2.6753642559051514, 0.034449685364961624, -0.42287126183509827] [0.36820197105407715, -0.533873975276947, 1.3744220733642578, 0.40655195713043213, 1.5063461065292358, 0.09120000153779984, -1.3053920269012451, -1.2717280387878418]
[0.06487282365560532, -0.2064877599477768, 0.33605408668518066, 2.6740593910217285, 0.0010645355796441436, -0.41383787989616394] [0.3497939705848694, -0.533873975276947, 1.3744220733642578, 0.4387659728527069, 1.5032780170440674, 0.09120000153779984, -1.3038580417633057, -1.2717280387878418]
[0.06551932543516159, -0.2045215517282486, 0.3444030284881592, 2.6747543811798096, -0.05698627978563309, -0.39876481890678406] [0.3283179700374603, -0.5323399901390076, 1.3744220733642578, 0.47251397371292114, 1.4756660461425781, 0.09120000153779984, -1.3038580417633057, -1.2717280387878418]
[0.06605888158082962, -0.20155233144760132, 0.35148483514785767, 2.638364553451538, -0.11249007284641266, -0.37903493642807007] [0.31297796964645386, -0.5323399901390076, 1.3682861328125, 0.5277379751205444, 1.3958981037139893, 0.26919999718666077, -1.3053920269012451, -1.2717280387878418]
[0.06644821912050247, -0.19710537791252136, 0.36121541261672974, 2.5587093830108643, -0.18848203122615814, -0.35222500562667847] [0.28996795415878296, -0.5308059453964233, 1.3529460430145264, 0.5906319618225098, 1.3774900436401367, 0.09120000153779984, -1.3053920269012451, -1.2717280387878418]
[0.06604249775409698, -0.190714031457901, 0.3710170388221741, 2.5141148567199707, -0.267691969871521, -0.30355748534202576] [0.2684919834136963, -0.5308059453964233, 1.3084601163864136, 0.6642639636993408, 1.363684058189392, 0.09120000153779984, -1.3053920269012451, -1.2701940536499023]
[0.06587330251932144, -0.18530456721782684, 0.37655532360076904, 2.4653613567352295, -0.31169363856315613, -0.2608407735824585] [0.2546859681606293, -0.5323399901390076, 1.2072160243988037, 0.7685759663581848, 1.3606160879135132, 0.09120000153779984, -1.3053920269012451, -1.2717280387878418]
[0.06590907275676727, -0.1586439609527588, 0.38071194291114807, 2.2155704498291016, -0.36787450313568115, -0.02645205520093441] [0.25315195322036743, -0.5323399901390076, 0.9955240488052368, 0.9004999995231628, 1.348344087600708, 0.09120000153779984, -1.3053920269012451, -1.2717280387878418]
[0.0649016872048378, -0.13589946925640106, 0.3768123388290405, 2.0077290534973145, -0.33928555250167847, 0.17581260204315186] [0.23320996761322021, -0.5277379751205444, 0.7853660583496094, 0.9925400018692017, 1.3345381021499634, 0.09120000153779984, -1.3069260120391846, -1.2717280387878418]
[0.0631537213921547, -0.12258952111005783, 0.37174928188323975, 1.8816804885864258, -0.29386454820632935, 0.29683372378349304] [0.22093796730041504, -0.526203989982605, 0.7148020267486572, 1.0278220176696777, 1.333004117012024, 0.09120000153779984, -1.3069260120391846, -1.2717280387878418]
[0.061448611319065094, -0.11942359805107117, 0.376653790473938, 1.8635362386703491, -0.32532620429992676, 0.329400897026062] [0.19485996663570404, -0.5231359601020813, 0.7117340564727783, 1.0600359439849854, 1.3161300420761108, 0.09120000153779984, -1.3069260120391846, -1.2701940536499023]
[0.0581883043050766, -0.11550024896860123, 0.3853079378604889, 1.8072224855422974, -0.382240355014801, 0.37577447295188904] [0.15344196557998657, -0.5231359601020813, 0.7086660861968994, 1.0983860492706299, 1.29312002658844, 0.09120000153779984, -1.3069260120391846, -1.2671259641647339]
[0.05140730366110802, -0.11074916273355484, 0.39569440484046936, 1.7477829456329346, -0.4434764087200165, 0.4271627366542816] [0.10895595699548721, -0.5231359601020813, 0.7055980563163757, 1.1398040056228638, 1.2731781005859375, 0.09120000153779984, -1.3053920269012451, -1.2655919790267944]
[0.0460214801132679, -0.10695835947990417, 0.4035401940345764, 1.680485725402832, -0.4928567707538605, 0.4765852987766266] [0.07520796358585358, -0.5231359601020813, 0.6994620561599731, 1.1796879768371582, 1.2578380107879639, 0.09120000153779984, -1.3038580417633057, -1.2625240087509155]
[0.04128372669219971, -0.10231959074735641, 0.4086805284023285, 1.6336358785629272, -0.5241938233375549, 0.5345199108123779] [0.05219796299934387, -0.5154659748077393, 0.6933260560035706, 1.2072999477386475, 1.2578380107879639, 0.09120000153779984, -1.3007900714874268, -1.2579219341278076]
[0.037904247641563416, -0.09716783463954926, 0.41262781620025635, 1.6058549880981445, -0.5473452210426331, 0.5866813659667969] [0.03225596249103546, -0.48325198888778687, 0.6779860258102417, 1.2303099632263184, 1.2563040256500244, 0.09120000153779984, -1.2915860414505005, -1.2471840381622314]
[0.0344199575483799, -0.08831889182329178, 0.41486695408821106, 1.5752185583114624, -0.5546524524688721, 0.6605764031410217] [0.01231396198272705, -0.4280279874801636, 0.648840069770813, 1.2333779335021973, 1.2578380107879639, 0.09120000153779984, -1.2793140411376953, -1.2318439483642578]
[0.029726538807153702, -0.07559876888990402, 0.4175724983215332, 1.5320265293121338, -0.5537052154541016, 0.7559933662414551] [-0.00762803852558136, -0.3697359561920166, 0.6166260242462158, 1.2333779335021973, 1.2593721151351929, 0.09120000153779984, -1.2701101303100586, -1.222640037536621]
[0.025445984676480293, -0.06378413736820221, 0.4179900288581848, 1.4956251382827759, -0.5372627377510071, 0.8398467302322388] [-0.02296803891658783, -0.3114439845085144, 0.5614020824432373, 1.2333779335021973, 1.2593721151351929, 0.09120000153779984, -1.2624400854110718, -1.2119020223617554]
[0.022537900134921074, -0.05199109762907028, 0.41007474064826965, 1.3986910581588745, -0.43102529644966125, 0.9167687892913818] [-0.061318039894104004, -0.2746279835700989, 0.3773220479488373, 1.2364460229873657, 1.2593721151351929, 0.09120000153779984, -1.2409640550613403, -1.1950279474258423]
[0.015623782761394978, -0.037975020706653595, 0.403970330953598, 1.3172379732131958, -0.34179529547691345, 1.00931715965271] [-0.07972604036331177, -0.20866596698760986, 0.31749606132507324, 1.2395139932632446, 1.2593721151351929, 0.09120000153779984, -1.2179540395736694, -1.1689499616622925]
[0.00496273348107934, -0.02494562603533268, 0.4056434631347656, 1.2828065156936646, -0.333924263715744, 1.1066423654556274] [-0.08279404044151306, -0.11202395707368851, 0.308292031288147, 1.2395139932632446, 1.2609061002731323, 0.09120000153779984, -1.198012113571167, -1.1474740505218506]
[-0.004962763749063015, -0.013705719262361526, 0.40651559829711914, 1.2617772817611694, -0.32584837079048157, 1.1895666122436523] [-0.08126004040241241, -0.01691596210002899, 0.30522406101226807, 1.2349120378494263, 1.2624400854110718, 0.09120000153779984, -1.181138038635254, -1.1336679458618164]
[-0.01733935810625553, -0.0002574161335360259, 0.4058478772640228, 1.2702594995498657, -0.31492242217063904, 1.2922098636627197] [-0.061318039894104004, 0.05978403985500336, 0.3021560311317444, 1.2333779335021973, 1.3422080278396606, 0.19760000705718994, -1.1734681129455566, -1.1244640350341797]
[-0.023753564804792404, 0.004209037404507399, 0.4061894118785858, 1.368172526359558, -0.3095206022262573, 1.3287712335586548] [-0.055182039737701416, 0.07972604036331177, 0.2990880608558655, 1.2333779335021973, 1.4204421043395996, 0.3456000089645386, -1.1704000234603882, -1.1244640350341797]
[-0.02559189312160015, 0.004382856655865908, 0.406904935836792, 1.4165900945663452, -0.30983367562294006, 1.3324862718582153] [-0.04751203954219818, 0.08586204051971436, 0.2990880608558655, 1.2333779335021973, 1.4495880603790283, 0.08640000224113464, -1.1704000234603882, -1.1244640350341797]
[-0.02751118317246437, 0.006838115863502026, 0.4047345519065857, 1.458726406097412, -0.29874518513679504, 1.346724033355713] [-0.03217203915119171, 0.10120204091072083, 0.2898840308189392, 1.2333779335021973, 1.4725980758666992, 0.11240000277757645, -1.1704000234603882, -1.1229300498962402]
[-0.02857091650366783, 0.008491613902151585, 0.40243807435035706, 1.510655403137207, -0.28489649295806885, 1.355400562286377] [-0.01683203876018524, 0.11500804126262665, 0.2791460454463959, 1.2333779335021973, 1.52168607711792, 0.09080000221729279, -1.1673320531845093, -1.1198619604110718]
[-0.029486816376447678, 0.010055516846477985, 0.39940518140792847, 1.5513029098510742, -0.25996747612953186, 1.3628588914871216] [-0.010696038603782654, 0.12114404141902924, 0.24846604466438293, 1.2333779335021973, 1.553900122642517, 0.09080000221729279, -1.1673320531845093, -1.1198619604110718]
[-0.029624175280332565, 0.010661238804459572, 0.39674800634384155, 1.5711549520492554, -0.23291128873825073, 1.3632972240447998] [-0.009162038564682007, 0.12114404141902924, 0.2208540439605713, 1.2333779335021973, 1.5861140489578247, 0.08840000629425049, -1.1642640829086304, -1.1183279752731323]
[-0.03007851541042328, 0.0115484818816185, 0.3942372798919678, 1.5936040878295898, -0.20924752950668335, 1.3659816980361938] [-0.00762803852558136, 0.12574604153633118, 0.20091204345226288, 1.2333779335021973, 1.6091240644454956, 0.08840000629425049, -1.158128023147583, -1.1106579303741455]
[-0.03203776478767395, 0.013169716112315655, 0.3921678960323334, 1.6189117431640625, -0.19292724132537842, 1.377245545387268] [0.006177961826324463, 0.139552041888237, 0.18403804302215576, 1.2349120378494263, 1.6382701396942139, 0.08840000629425049, -1.1489241123199463, -1.0999200344085693]
[-0.0335819385945797, 0.014108328148722649, 0.3894325792789459, 1.639289140701294, -0.17630621790885925, 1.3814409971237183] [0.026119962334632874, 0.14108604192733765, 0.1686980426311493, 1.2333779335021973, 1.6444060802459717, 0.08840000629425049, -1.1366521120071411, -1.0891820192337036]
[-0.03500131890177727, 0.014271508902311325, 0.38698646426200867, 1.6450831890106201, -0.16224968433380127, 1.3786882162094116] [0.03839196264743805, 0.14108604192733765, 0.15335804224014282, 1.2333779335021973, 1.6444060802459717, 0.08840000629425049, -1.124380111694336, -1.078444004058838]
[-0.037189923226833344, 0.014328845776617527, 0.3858582675457001, 1.6373577117919922, -0.1521221250295639, 1.379252314567566] [0.04299396276473999, 0.14108604192733765, 0.1456880420446396, 1.2333779335021973, 1.6428720951080322, 0.08840000629425049, -1.1151760816574097, -1.0692399740219116]
[-0.03923189267516136, 0.014436214230954647, 0.3856147825717926, 1.6243458986282349, -0.14537866413593292, 1.3804131746292114] [0.04299396276473999, 0.14108604192733765, 0.13801804184913635, 1.2333779335021973, 1.6444060802459717, 0.08840000629425049, -1.1090400218963623, -1.0661720037460327]
[-0.04073915258049965, 0.014522373676300049, 0.38545817136764526, 1.6145641803741455, -0.13986124098300934, 1.3813093900680542] [0.046061962842941284, 0.14108604192733765, 0.12881404161453247, 1.2333779335021973, 1.6444060802459717, 0.08840000629425049, -1.1075060367584229, -1.0646380186080933]
[-0.04125657677650452, 0.014656346291303635, 0.38473111391067505, 1.6140968799591064, -0.13400669395923615, 1.3811523914337158] [0.04759596288204193, 0.14108604192733765, 0.11807604134082794, 1.2333779335021973, 1.6444060802459717, 0.08840000629425049, -1.1090400218963623, -1.0646380186080933]
[-0.041485317051410675, 0.014809448271989822, 0.38341131806373596, 1.6099038124084473, -0.12257569283246994, 1.3808070421218872] [0.05219796299934387, 0.14108604192733765, 0.10887204110622406, 1.2333779335021973, 1.6444060802459717, 0.08880000561475754, -1.1090400218963623, -1.0646380186080933]
[-0.04148228466510773, 0.014939418062567711, 0.3815281093120575, 1.6158888339996338, -0.11482256650924683, 1.3795098066329956] [0.0629359632730484, 0.14108604192733765, 0.10427004098892212, 1.2333779335021973, 1.6444060802459717, 0.08840000629425049, -1.1090400218963623, -1.0646380186080933]
[-0.041291169822216034, 0.015062171034514904, 0.37980854511260986, 1.6262786388397217, -0.10805478692054749, 1.3782262802124023] [0.07367396354675293, 0.14108604192733765, 0.10120204091072083, 1.2333779335021973, 1.6444060802459717, 0.08840000629425049, -1.1090400218963623, -1.0646380186080933]
[-0.041243068873882294, 0.015303375199437141, 0.37793564796447754, 1.6328771114349365, -0.09906567633152008, 1.378718376159668] [0.08134396374225616, 0.1426200419664383, 0.0904640406370163, 1.2333779335021973, 1.6444060802459717, 0.08840000629425049, -1.1090400218963623, -1.0646380186080933]
[-0.04111335054039955, 0.015513081103563309, 0.37630441784858704, 1.632736086845398, -0.08790727704763412, 1.3782718181610107] [0.08287796378135681, 0.1426200419664383, 0.08432804048061371, 1.2333779335021973, 1.6444060802459717, 0.08840000629425049, -1.1090400218963623, -1.0661720037460327]
[-0.040927913039922714, 0.015390671789646149, 0.37591490149497986, 1.6338400840759277, -0.08602120727300644, 1.3765708208084106] [0.08441196382045746, 0.1426200419664383, 0.08279404044151306, 1.2318439483642578, 1.6444060802459717, 0.08840000629425049, -1.1105740070343018, -1.0661720037460327]
[-0.040722448378801346, 0.015387341380119324, 0.3761028051376343, 1.6329504251480103, -0.08677137643098831, 1.375137448310852] [0.08287796378135681, 0.14108604192733765, 0.08126004040241241, 1.228775978088379, 1.6444060802459717, 0.08840000629425049, -1.1105740070343018, -1.0661720037460327]
[-0.04013281315565109, 0.01514267735183239, 0.3757164776325226, 1.6327606439590454, -0.0840563252568245, 1.370437741279602] [0.08287796378135681, 0.14108604192733765, 0.07972604036331177, 1.2211060523986816, 1.6444060802459717, 0.08840000629425049, -1.1121081113815308, -1.0677059888839722]
[-0.03865799307823181, 0.01498013362288475, 0.3756880760192871, 1.6322731971740723, -0.08305057138204575, 1.3581812381744385] [0.08134396374225616, 0.14108604192733765, 0.07819204032421112, 1.2134360074996948, 1.6444060802459717, 0.08840000629425049, -1.1167100667953491, -1.0738420486450195]
[-0.037300653755664825, 0.014851618558168411, 0.37564384937286377, 1.6312681436538696, -0.08156866580247879, 1.3520718812942505] [0.07520796358585358, 0.139552041888237, 0.07665804028511047, 1.210368037223816, 1.6444060802459717, 0.08840000629425049, -1.1259140968322754, -1.0830459594726562]
[-0.0363471545279026, 0.014776462689042091, 0.37588441371917725, 1.6304529905319214, -0.08201196789741516, 1.352137804031372] [0.06907196342945099, 0.139552041888237, 0.07512404024600983, 1.208833932876587, 1.6444060802459717, 0.08840000629425049, -1.1366521120071411, -1.0953179597854614]
[-0.03422234207391739, 0.014644318260252476, 0.37517425417900085, 1.6359058618545532, -0.0791405439376831, 1.3485724925994873] [0.06753796339035034, 0.13801804184913635, 0.07665804028511047, 1.205765962600708, 1.6444060802459717, 0.08840000629425049, -1.1458560228347778, -1.1029880046844482]
[-0.032087523490190506, 0.0146976038813591, 0.37458229064941406, 1.64417564868927, -0.0785878524184227, 1.344914436340332] [0.06446996331214905, 0.1364840418100357, 0.07665804028511047, 1.2042319774627686, 1.6444060802459717, 0.08840000629425049, -1.1535260677337646, -1.1121920347213745]
[-0.02892358973622322, 0.014503713697195053, 0.3736221492290497, 1.6533203125, -0.075613833963871, 1.3401004076004028] [0.061401963233947754, 0.1364840418100357, 0.07665804028511047, 1.2042319774627686, 1.6444060802459717, 0.08840000629425049, -1.162730097770691, -1.1213959455490112]
[-0.02349596470594406, 0.01378417108207941, 0.37245863676071167, 1.6631847620010376, -0.07231512665748596, 1.331996202468872] [0.050663962960243225, 0.13495004177093506, 0.07665804028511047, 1.2042319774627686, 1.6444060802459717, 0.08840000629425049, -1.175002098083496, -1.1336679458618164]
[-0.02049228921532631, 0.013705570250749588, 0.37218326330184937, 1.6665462255477905, -0.07115702331066132, 1.3309457302093506] [0.0368579626083374, 0.13188204169273376, 0.07665804028511047, 1.2042319774627686, 1.6444060802459717, 0.08840000629425049, -1.1903420686721802, -1.14900803565979]
[-0.017620308324694633, 0.013418135233223438, 0.3726225793361664, 1.6638243198394775, -0.07192891836166382, 1.3291629552841187] [0.02305196225643158, 0.13188204169273376, 0.07665804028511047, 1.202697992324829, 1.6444060802459717, 0.08880000561475754, -1.2041480541229248, -1.1643480062484741]
[-0.014276270754635334, 0.01309887319803238, 0.37265774607658386, 1.6624456644058228, -0.07094407081604004, 1.323043704032898] [-0.001492038369178772, 0.13188204169273376, 0.07665804028511047, 1.1980960369110107, 1.6428720951080322, 0.08840000629425049, -1.2302260398864746, -1.1888920068740845]
[-0.009783104062080383, 0.012887943536043167, 0.37355127930641174, 1.655666470527649, -0.07465935498476028, 1.3233659267425537] [-0.026036038994789124, 0.13034804165363312, 0.07665804028511047, 1.1980960369110107, 1.6428720951080322, 0.08840000629425049, -1.2501680850982666, -1.2072999477386475]
[-0.006369948387145996, 0.012527608312666416, 0.3737853765487671, 1.6509639024734497, -0.0742345005273819, 1.3206201791763306] [-0.050580039620399475, 0.12114404141902924, 0.07512404024600983, 1.1980960369110107, 1.6428720951080322, 0.08840000629425049, -1.2701101303100586, -1.2272419929504395]
[-0.001896406407468021, 0.011324288323521614, 0.37400582432746887, 1.6487796306610107, -0.07435286045074463, 1.3101133108139038] [-0.07052204012870789, 0.113474041223526, 0.07512404024600983, 1.1980960369110107, 1.6428720951080322, 0.08840000629425049, -1.2885180711746216, -1.2471840381622314]
[0.0026834660675376654, 0.010791181586682796, 0.3740955591201782, 1.6462793350219727, -0.07555040717124939, 1.3041712045669556] [-0.09353204071521759, 0.113474041223526, 0.07512404024600983, 1.190425992012024, 1.6428720951080322, 0.08840000629425049, -1.3084601163864136, -1.2671259641647339]
[0.006765584461390972, 0.010587312281131744, 0.374403715133667, 1.6410578489303589, -0.07684805244207382, 1.2953039407730103] [-0.11194004118442535, 0.113474041223526, 0.07512404024600983, 1.1781539916992188, 1.6398041248321533, 0.08840000629425049, -1.325334072113037, -1.2855340242385864]
[0.012340264394879341, 0.010357319377362728, 0.37440210580825806, 1.6368423700332642, -0.07711267471313477, 1.2802222967147827] [-0.1364840418100357, 0.113474041223526, 0.07512404024600983, 1.1643480062484741, 1.6367360353469849, 0.08840000629425049, -1.3422080278396606, -1.3039419651031494]
[0.01728442870080471, 0.010058953426778316, 0.3740120530128479, 1.6344836950302124, -0.07615755498409271, 1.2665424346923828] [-0.15796004235744476, 0.113474041223526, 0.07359004020690918, 1.1459399461746216, 1.633668065071106, 0.08840000629425049, -1.3529460430145264, -1.3131459951400757]
[0.022999465465545654, 0.009439008310437202, 0.3730272352695465, 1.6400662660598755, -0.07443392276763916, 1.2400749921798706] [-0.16102804243564606, 0.113474041223526, 0.07359004020690918, 1.1213959455490112, 1.6259980201721191, 0.08840000629425049, -1.3544800281524658, -1.3131459951400757]
[0.02659478411078453, 0.008799654431641102, 0.3721957206726074, 1.6306180953979492, -0.07280681282281876, 1.215183973312378] [-0.16102804243564606, 0.113474041223526, 0.07359004020690918, 1.0922499895095825, 1.6121920347213745, 0.08840000629425049, -1.3529460430145264, -1.3131459951400757]
[0.030280057340860367, 0.007905764505267143, 0.37190234661102295, 1.6177006959915161, -0.07236421853303909, 1.1844228506088257] [-0.1625620424747467, 0.113474041223526, 0.07512404024600983, 1.0615699291229248, 1.595318078994751, 0.08840000629425049, -1.3544800281524658, -1.3146799802780151]
[0.03329355642199516, 0.007065923884510994, 0.37151220440864563, 1.6035393476486206, -0.07164719700813293, 1.1582247018814087] [-0.1625620424747467, 0.113474041223526, 0.07512404024600983, 1.0278220176696777, 1.575376033782959, 0.08840000629425049, -1.3544800281524658, -1.3146799802780151]
[0.03712129965424538, 0.005851933732628822, 0.37129080295562744, 1.5859030485153198, -0.0721001923084259, 1.1243293285369873] [-0.1625620424747467, 0.113474041223526, 0.07512404024600983, 0.9986760020256042, 1.552366018295288, 0.08840000629425049, -1.3544800281524658, -1.3146799802780151]
[0.03986237198114395, 0.0047956896014511585, 0.37100306153297424, 1.569318175315857, -0.07175254821777344, 1.0981965065002441] [-0.16409604251384735, 0.11500804126262665, 0.07359004020690918, 0.9725979566574097, 1.5278220176696777, 0.08840000629425049, -1.3544800281524658, -1.3162139654159546]
[0.04313632473349571, 0.0037796024698764086, 0.3704100251197815, 1.545030951499939, -0.06942564249038696, 1.0689762830734253] [-0.1625620424747467, 0.11500804126262665, 0.07512404024600983, 0.9419180154800415, 1.501744031906128, 0.08840000629425049, -1.3560140132904053, -1.3162139654159546]
[0.046460337936878204, 0.002524404088035226, 0.3702645003795624, 1.5249189138412476, -0.07031954079866409, 1.0397441387176514] [-0.16409604251384735, 0.1165420413017273, 0.07512404024600983, 0.9189079999923706, 1.4956080913543701, 0.08840000629425049, -1.3560140132904053, -1.317747950553894]
[0.04880085960030556, 0.0015389067120850086, 0.3700670599937439, 1.5225210189819336, -0.06973935663700104, 1.0181788206100464] [-0.16409604251384735, 0.11961004137992859, 0.07512404024600983, 0.8928300142288208, 1.4940741062164307, 0.08840000629425049, -1.3560140132904053, -1.317747950553894]
[0.05101997032761574, 0.0020110628101974726, 0.36995694041252136, 1.5245952606201172, -0.06828559190034866, 0.9966573119163513] [-0.16409604251384735, 0.13188204169273376, 0.07512404024600983, 0.8575479984283447, 1.4940741062164307, 0.08840000629425049, -1.3560140132904053, -1.317747950553894]
[0.054950371384620667, -1.145935857493896e-05, 0.3697943389415741, 1.5273830890655518, -0.06687100976705551, 0.9582272171974182] [-0.16409604251384735, 0.13188204169273376, 0.07512404024600983, 0.8161299824714661, 1.4940741062164307, 0.08840000629425049, -1.3560140132904053, -1.317747950553894]
[0.05921601504087448, -0.002519782865419984, 0.3696253299713135, 1.530450463294983, -0.0655122920870781, 0.9151372909545898] [-0.16409604251384735, 0.13188204169273376, 0.07512404024600983, 0.773177981376648, 1.4940741062164307, 0.08840000629425049, -1.3575481176376343, -1.317747950553894]
[0.06297267973423004, -0.004956332501024008, 0.3692903518676758, 1.5321871042251587, -0.06303948909044266, 0.8767842650413513] [-0.16409604251384735, 0.13188204169273376, 0.07512404024600983, 0.7271579504013062, 1.4925401210784912, 0.08840000629425049, -1.3575481176376343, -1.319282054901123]
[0.06466786563396454, -0.006889936979860067, 0.3708426058292389, 1.528173565864563, -0.0669759064912796, 0.8366523385047913] [-0.16409604251384735, 0.13188204169273376, 0.07512404024600983, 0.6857399940490723, 1.4925401210784912, 0.08840000629425049, -1.3575481176376343, -1.3208160400390625]
[0.0669235810637474, -0.008477835915982723, 0.3716477155685425, 1.5271861553192139, -0.06782639771699905, 0.7984945774078369] [-0.16409604251384735, 0.139552041888237, 0.07512404024600983, 0.6397199630737305, 1.4925401210784912, 0.08840000629425049, -1.3590821027755737, -1.3208160400390625]
[0.06968632340431213, -0.010476460680365562, 0.37180495262145996, 1.5288125276565552, -0.0673297867178917, 0.762311577796936] [-0.16409604251384735, 0.1426200419664383, 0.07665804028511047, 0.6090399622917175, 1.4925401210784912, 0.08840000629425049, -1.3590821027755737, -1.3208160400390625]
[0.07074449956417084, -0.010724090971052647, 0.37187862396240234, 1.5314196348190308, -0.06768244504928589, 0.7486494779586792] [-0.16409604251384735, 0.15182404220104218, 0.07665804028511047, 0.5967679619789124, 1.4925401210784912, 0.08840000629425049, -1.3590821027755737, -1.3208160400390625]
[0.07044747471809387, -0.010013322345912457, 0.3719857335090637, 1.530909776687622, -0.06777345389127731, 0.7503158450126648] [-0.16409604251384735, 0.15335804224014282, 0.07665804028511047, 0.5967679619789124, 1.4925401210784912, 0.08840000629425049, -1.3590821027755737, -1.317747950553894]
[0.07032915949821472, -0.009951342828571796, 0.3720948398113251, 1.5304468870162964, -0.06809638440608978, 0.7503785490989685] [-0.16409604251384735, 0.15335804224014282, 0.07665804028511047, 0.5967679619789124, 1.4925401210784912, 0.08840000629425049, -1.3575481176376343, -1.3162139654159546]
[0.06963449716567993, -0.009600991383194923, 0.37291455268859863, 1.527136206626892, -0.07149408012628555, 0.7552019953727722] [-0.1686980426311493, 0.15335804224014282, 0.07665804028511047, 0.6044379472732544, 1.4940741062164307, 0.08840000629425049, -1.3575481176376343, -1.3146799802780151]
[0.06897847354412079, -0.0094227883964777, 0.373707115650177, 1.525459885597229, -0.07474135607481003, 0.7600250244140625] [-0.17176604270935059, 0.15182404220104218, 0.07512404024600983, 0.6105740070343018, 1.4925401210784912, 0.08840000629425049, -1.3560140132904053, -1.3146799802780151]
[0.06790945678949356, -0.00889364629983902, 0.37431180477142334, 1.5191855430603027, -0.07645046710968018, 0.7695357799530029] [-0.17330004274845123, 0.15029004216194153, 0.07359004020690918, 0.6182439923286438, 1.4940741062164307, 0.08880000561475754, -1.3560140132904053, -1.3131459951400757]
[0.06750721484422684, -0.008833559229969978, 0.3744610548019409, 1.5184353590011597, -0.07708921283483505, 0.7726485729217529] [-0.17330004274845123, 0.14875604212284088, 0.07359004020690918, 0.6243799924850464, 1.4940741062164307, 0.08840000629425049, -1.3544800281524658, -1.3131459951400757]
[0.06704074144363403, -0.008759655058383942, 0.3752315044403076, 1.515347957611084, -0.080388143658638, 0.7743991017341614] [-0.17636804282665253, 0.14722204208374023, 0.07205604016780853, 0.6243799924850464, 1.4940741062164307, 0.08840000629425049, -1.3529460430145264, -1.3100780248641968]
[0.06646022945642471, -0.00884432066231966, 0.37547293305397034, 1.5111262798309326, -0.08057081699371338, 0.7760684490203857] [-0.17483404278755188, 0.14875604212284088, 0.06898804008960724, 0.6274479627609253, 1.4956080913543701, 0.08840000629425049, -1.3468101024627686, -1.3039419651031494]
[0.06572835892438889, -0.0094717713072896, 0.37575986981391907, 1.506912350654602, -0.08037800341844559, 0.7747056484222412] [-0.17483404278755188, 0.13495004177093506, 0.061318039894104004, 0.6351180076599121, 1.4956080913543701, 0.08840000629425049, -1.3376060724258423, -1.2932039499282837]
[0.06445582211017609, -0.011074426583945751, 0.3755524158477783, 1.4915252923965454, -0.07497651875019073, 0.7703675031661987] [-0.17023204267024994, 0.13034804165363312, 0.045978039503097534, 0.6412539482116699, 1.4956080913543701, 0.08840000629425049, -1.3222661018371582, -1.279397964477539]
[0.06112869456410408, -0.010568561032414436, 0.3753177225589752, 1.4762334823608398, -0.06876646727323532, 0.7780787348747253] [-0.15642604231834412, 0.12881404161453247, 0.02757003903388977, 0.6473900079727173, 1.4956080913543701, 0.08840000629425049, -1.3023240566253662, -1.2563879489898682]
[0.0577792227268219, -0.01096457801759243, 0.3766424059867859, 1.4568408727645874, -0.0683773010969162, 0.77689129114151] [-0.15335804224014282, 0.12728004157543182, 0.010696038603782654, 0.6550599932670593, 1.4971420764923096, 0.08840000629425049, -1.2915860414505005, -1.248718023300171]
[0.05415621027350426, -0.009842992760241032, 0.37691763043403625, 1.4396910667419434, -0.06424043327569962, 0.793641209602356] [-0.15182404220104218, 0.12421204149723053, -0.001575961709022522, 0.6734679937362671, 1.5032780170440674, 0.08840000629425049, -1.2839161157608032, -1.2395139932632446]
[0.05200793594121933, -0.01030984427779913, 0.3773607909679413, 1.4288358688354492, -0.06141886115074158, 0.8011519908905029] [-0.14875604212284088, 0.113474041223526, -0.01231396198272705, 0.6949439644813538, 1.5063461065292358, 0.08840000629425049, -1.2762460708618164, -1.2303099632263184]
[0.049187757074832916, -0.01146254874765873, 0.3772425353527069, 1.4147485494613647, -0.05488705262541771, 0.8113524913787842] [-0.1456880420446396, 0.09813404083251953, -0.029187962412834167, 0.7210220098495483, 1.5094140768051147, 0.08840000629425049, -1.2670420408248901, -1.2211060523986816]
[0.04677572473883629, -0.013144954107701778, 0.37662455439567566, 1.410096287727356, -0.047008171677589417, 0.8197804689407349] [-0.139552041888237, 0.07359004020690918, -0.039925962686538696, 0.7547699809074402, 1.515550136566162, 0.08840000629425049, -1.254770040512085, -1.208833932876587]
[0.0430317148566246, -0.015659267082810402, 0.3762214481830597, 1.40267813205719, -0.03785526752471924, 0.8308230042457581] [-0.1334160417318344, 0.04444403946399689, -0.055265963077545166, 0.7977219820022583, 1.5278220176696777, 0.08840000629425049, -1.2424980401992798, -1.1965620517730713]
[0.04013724625110626, -0.017797552049160004, 0.3763182759284973, 1.4002673625946045, -0.03217538818717003, 0.8374309539794922] [-0.13034804165363312, 0.01683203876018524, -0.06907196342945099, 0.8299359679222107, 1.533958077430725, 0.08840000629425049, -1.231760025024414, -1.1858240365982056]
[0.03548676520586014, -0.020174076780676842, 0.37567374110221863, 1.394036054611206, -0.020905815064907074, 0.853926420211792] [-0.12574604153633118, -0.01231396198272705, -0.0859459638595581, 0.8866939544677734, 1.5462300777435303, 0.08840000629425049, -1.21642005443573, -1.170483946800232]
[0.03163088485598564, -0.022252164781093597, 0.3752812147140503, 1.3891818523406982, -0.010405654087662697, 0.8655261993408203] [-0.12267804145812988, -0.04145996272563934, -0.10281995683908463, 0.9189079999923706, 1.556968092918396, 0.08840000629425049, -1.2026140689849854, -1.1551439762115479]
[0.031915366649627686, -0.026367519050836563, 0.37297919392585754, 1.3978962898254395, 0.005862174555659294, 0.869356632232666] [-0.11807604134082794, -0.07520796358585358, -0.11355795711278915, 0.9679960012435913, 1.5646381378173828, 0.08840000629425049, -1.1888080835342407, -1.1428719758987427]
[0.028694218024611473, -0.028941230848431587, 0.3718983829021454, 1.4016283750534058, 0.01584121398627758, 0.8805883526802063] [-0.113474041223526, -0.11048995703458786, -0.12429595738649368, 1.0186179876327515, 1.575376033782959, 0.08840000629425049, -1.175002098083496, -1.129065990447998]
[0.02499684877693653, -0.031513895839452744, 0.37114644050598145, 1.3997312784194946, 0.027348877862095833, 0.890042245388031] [-0.11040604114532471, -0.13963596522808075, -0.13963596522808075, 1.0631040334701538, 1.5830460786819458, 0.08840000629425049, -1.1642640829086304, -1.1183279752731323]
[0.01961829885840416, -0.034540269523859024, 0.37088286876678467, 1.3981438875198364, 0.03847356140613556, 0.9066042304039001] [-0.11040604114532471, -0.17338396608829498, -0.15190796554088593, 1.1167939901351929, 1.5907161235809326, 0.08840000629425049, -1.155060052871704, -1.109123945236206]
[0.014842385426163673, -0.03592626377940178, 0.3705674409866333, 1.3973461389541626, 0.04813775420188904, 0.9272136092185974] [-0.11040604114532471, -0.20713196694850922, -0.1611119657754898, 1.1750860214233398, 1.5999200344085693, 0.08840000629425049, -1.1458560228347778, -1.0983860492706299]
[0.009508713148534298, -0.038810037076473236, 0.37024936079978943, 1.4048746824264526, 0.05719372630119324, 0.9442577362060547] [-0.11040604114532471, -0.23781196773052216, -0.17184996604919434, 1.2165039777755737, 1.615260124206543, 0.08840000629425049, -1.1335840225219727, -1.0861139297485352]
[0.004873252473771572, -0.04046061635017395, 0.3700307309627533, 1.4067829847335815, 0.06765645742416382, 0.9576359987258911] [-0.11040604114532471, -0.26695796847343445, -0.1902579665184021, 1.2671259641647339, 1.6321340799331665, 0.08840000629425049, -1.1151760816574097, -1.0677059888839722]
[-0.0006238961359485984, -0.04263019561767578, 0.36985427141189575, 1.4138767719268799, 0.07733548432588577, 0.9691964983940125] [-0.11040604114532471, -0.2915019690990448, -0.20252996683120728, 1.3039419651031494, 1.6444060802459717, 0.08840000629425049, -1.101370096206665, -1.0569679737091064]
[-0.004683881998062134, -0.044130221009254456, 0.36998510360717773, 1.4154610633850098, 0.08410274982452393, 0.9751831293106079] [-0.11040604114532471, -0.3114439845085144, -0.2132679671049118, 1.3361560106277466, 1.6566780805587769, 0.08840000629425049, -1.0890980958938599, -1.0431619882583618]
[-0.01017086673527956, -0.044663868844509125, 0.36978772282600403, 1.417771339416504, 0.09464547038078308, 0.9920353889465332] [-0.11040604114532471, -0.3237159848213196, -0.22860796749591827, 1.3714380264282227, 1.672018051147461, 0.08840000629425049, -1.0737581253051758, -1.0278220176696777]
[-0.015482927672564983, -0.045609138906002045, 0.3693643808364868, 1.4288026094436646, 0.10601677745580673, 1.0088231563568115] [-0.11040604114532471, -0.3436579704284668, -0.23781196773052216, 1.4051859378814697, 1.6934940814971924, 0.08840000629425049, -1.0599520206451416, -1.014016032218933]
[-0.02091657556593418, -0.04745674133300781, 0.369182825088501, 1.4452910423278809, 0.11733227968215942, 1.0172863006591797] [-0.11194004118442535, -0.36206597089767456, -0.251617968082428, 1.434332013130188, 1.711902141571045, 0.08920000493526459, -1.046146035194397, -1.0002100467681885]
[-0.024553198367357254, -0.04785379394888878, 0.3693612813949585, 1.447527289390564, 0.12182289361953735, 1.0223798751831055] [-0.11040604114532471, -0.36820197105407715, -0.2623559832572937, 1.4558080434799194, 1.722640037536621, 0.08960000425577164, -1.030806064605713, -0.9848699569702148]
[-0.029715968295931816, -0.048360299319028854, 0.36935487389564514, 1.4492448568344116, 0.1289982944726944, 1.0342597961425781] [-0.11040604114532471, -0.3804739713668823, -0.2715599536895752, 1.4742159843444824, 1.7364461421966553, 0.08920000493526459, -1.0170000791549683, -0.9710639715194702]
[-0.032362040132284164, -0.04928293451666832, 0.3693859577178955, 1.4505951404571533, 0.13473764061927795, 1.0294870138168335] [-0.11040604114532471, -0.3866099715232849, -0.2853659689426422, 1.4818860292434692, 1.7502521276474, 0.08920000493526459, -0.9985920786857605, -0.9572579860687256]
[-0.03522559255361557, -0.04944601282477379, 0.3696535527706146, 1.4467238187789917, 0.13915354013442993, 1.0277560949325562] [-0.11040604114532471, -0.3866099715232849, -0.2976379692554474, 1.4910900592803955, 1.7594560384750366, 0.08920000493526459, -0.9832520484924316, -0.9419180154800415]
[-0.04050631821155548, -0.04880579188466072, 0.36952295899391174, 1.4449142217636108, 0.149704247713089, 1.040400505065918] [-0.11194004118442535, -0.38814395666122437, -0.3053079843521118, 1.5125659704208374, 1.7717280387878418, 0.08920000493526459, -0.9725140333175659, -0.9327139854431152]
[-0.043817054480314255, -0.04848843812942505, 0.36974990367889404, 1.4446583986282349, 0.15411309897899628, 1.0468553304672241] [-0.11040604114532471, -0.38814395666122437, -0.3114439845085144, 1.5156340599060059, 1.7763301134109497, 0.08920000493526459, -0.9679120779037476, -0.9265779852867126]
[-0.0453118160367012, -0.048483625054359436, 0.3703281879425049, 1.4389234781265259, 0.1517401784658432, 1.0453499555587769] [-0.11040604114532471, -0.38814395666122437, -0.31297796964645386, 1.5156340599060059, 1.7763301134109497, 0.08920000493526459, -0.9679120779037476, -0.9281119704246521]
[-0.04573472961783409, -0.04843337833881378, 0.3707170784473419, 1.4373881816864014, 0.15032722055912018, 1.0432640314102173] [-0.11040604114532471, -0.38814395666122437, -0.31297796964645386, 1.511031985282898, 1.7778640985488892, 0.08920000493526459, -0.969446063041687, -0.9296460151672363]
[-0.044977858662605286, -0.0488436184823513, 0.37109535932540894, 1.4359995126724243, 0.1474122703075409, 1.034390926361084] [-0.11040604114532471, -0.3896779716014862, -0.31297796964645386, 1.5048960447311401, 1.7778640985488892, 0.08920000493526459, -0.9740480780601501, -0.9342479705810547]
[-0.043160174041986465, -0.049305323511362076, 0.37130293250083923, 1.43682062625885, 0.14492075145244598, 1.0230278968811035] [-0.11040604114532471, -0.3896779716014862, -0.3145119547843933, 1.488021969795227, 1.7778640985488892, 0.08920000493526459, -0.9786500930786133, -0.9388499855995178]
[-0.041799917817115784, -0.04965851083397865, 0.37124818563461304, 1.437686800956726, 0.14532847702503204, 1.0154894590377808] [-0.11194004118442535, -0.39121198654174805, -0.31297796964645386, 1.4834200143814087, 1.7778640985488892, 0.08920000493526459, -0.9878540635108948, -0.9449859857559204]
[-0.04011867195367813, -0.05003964155912399, 0.37120911478996277, 1.4415920972824097, 0.1443781852722168, 1.0094636678695679] [-0.113474041223526, -0.3958139717578888, -0.31297796964645386, 1.4818860292434692, 1.7778640985488892, 0.08920000493526459, -0.9970580339431763, -0.9541900157928467]
[-0.038708046078681946, -0.05054257810115814, 0.3713689148426056, 1.4432661533355713, 0.1442185938358307, 1.0050368309020996] [-0.12267804145812988, -0.40041595697402954, -0.31297796964645386, 1.4803520441055298, 1.7793980836868286, 0.08920000493526459, -1.010864019393921, -0.9725979566574097]
[-0.03541405498981476, -0.052041977643966675, 0.3717155456542969, 1.4490362405776978, 0.14137716591358185, 0.9919321537017822] [-0.13034804165363312, -0.40808597207069397, -0.31297796964645386, 1.4711480140686035, 1.7793980836868286, 0.08920000493526459, -1.0292720794677734, -0.989471971988678]
[-0.03124300390481949, -0.05276483669877052, 0.3713548481464386, 1.4546151161193848, 0.14264680445194244, 0.9816211462020874] [-0.1334160417318344, -0.4096199870109558, -0.31297796964645386, 1.4604099988937378, 1.7793980836868286, 0.08920000493526459, -1.0415440797805786, -1.0002100467681885]
[-0.027659442275762558, -0.053429391235113144, 0.37103742361068726, 1.460283637046814, 0.14359156787395477, 0.9723476767539978] [-0.14108604192733765, -0.41115397214889526, -0.31297796964645386, 1.4512059688568115, 1.7793980836868286, 0.08920000493526459, -1.0507481098175049, -1.0078799724578857]
[-0.024058513343334198, -0.054258815944194794, 0.3707621097564697, 1.467054009437561, 0.14389732480049133, 0.958561360836029] [-0.1426200419664383, -0.41115397214889526, -0.31297796964645386, 1.4358659982681274, 1.7793980836868286, 0.08920000493526459, -1.0538160800933838, -1.0094139575958252]
[-0.020370615646243095, -0.05554760992527008, 0.3709264099597931, 1.465272068977356, 0.13945676386356354, 0.9341149926185608] [-0.14108604192733765, -0.4126879572868347, -0.31297796964645386, 1.4036519527435303, 1.768660068511963, 0.08920000493526459, -1.0584180355072021, -1.017084002494812]
[-0.01699010469019413, -0.056886427104473114, 0.3707197308540344, 1.4521669149398804, 0.1359173059463501, 0.9112323522567749] [-0.1426200419664383, -0.41422197222709656, -0.31297796964645386, 1.3852440118789673, 1.7533200979232788, 0.08920000493526459, -1.0706900358200073, -1.0308899879455566]
[-0.013434498570859432, -0.058235131204128265, 0.37084418535232544, 1.44404137134552, 0.13121068477630615, 0.8916775584220886] [-0.14722204208374023, -0.41422197222709656, -0.3114439845085144, 1.3622339963912964, 1.7410480976104736, 0.08920000493526459, -1.0906320810317993, -1.0508320331573486]
[-0.008444511331617832, -0.05935931205749512, 0.3711400032043457, 1.4341953992843628, 0.12822456657886505, 0.8728639483451843] [-0.1594940423965454, -0.41422197222709656, -0.30990996956825256, 1.3468940258026123, 1.7364461421966553, 0.08920000493526459, -1.1121081113815308, -1.0692399740219116]
[-0.003171485150232911, -0.06031467393040657, 0.37116095423698425, 1.433664321899414, 0.12629051506519318, 0.8592337965965271] [-0.17176604270935059, -0.4157559871673584, -0.30990996956825256, 1.3284859657287598, 1.7333780527114868, 0.08920000493526459, -1.1305160522460938, -1.090716004371643]
[0.0029747430235147476, -0.06254919618368149, 0.3712728023529053, 1.436972737312317, 0.12235254049301147, 0.8324443697929382] [-0.18403804302215576, -0.421891987323761, -0.3083759546279907, 1.3100780248641968, 1.7333780527114868, 0.08920000493526459, -1.1504580974578857, -1.109123945236206]
[0.007184959016740322, -0.06454908102750778, 0.3714487552642822, 1.4393917322158813, 0.11839202046394348, 0.8163516521453857] [-0.19784404337406158, -0.4356979727745056, -0.30377396941185, 1.3070099353790283, 1.7287760972976685, 0.08920000493526459, -1.1719341278076172, -1.1336679458618164]
[0.011120738461613655, -0.06644309312105179, 0.37174665927886963, 1.4398683309555054, 0.11503621190786362, 0.8041719794273376] [-0.2147180438041687, -0.4449019730091095, -0.30377396941185, 1.30240797996521, 1.722640037536621, 0.08920000493526459, -1.1949440240859985, -1.152076005935669]
[0.016161948442459106, -0.06731225550174713, 0.3715895712375641, 1.436059594154358, 0.1146852895617485, 0.7972145676612854] [-0.23619404435157776, -0.44643598794937134, -0.30377396941185, 1.299340009689331, 1.7195720672607422, 0.08920000493526459, -1.21642005443573, -1.1766200065612793]
[0.02115192450582981, -0.06802412122488022, 0.3716684579849243, 1.4347474575042725, 0.11221233010292053, 0.7888600826263428] [-0.2576700448989868, -0.44643598794937134, -0.30377396941185, 1.284000039100647, 1.7180380821228027, 0.08920000493526459, -1.2378960847854614, -1.1980960369110107]
[0.02700241282582283, -0.06931751221418381, 0.37150347232818604, 1.4328721761703491, 0.11017855256795883, 0.7701436877250671] [-0.2730100452899933, -0.44643598794937134, -0.30377396941185, 1.2655919790267944, 1.7165040969848633, 0.08920000493526459, -1.2563040256500244, -1.2180379629135132]
[0.031700048595666885, -0.06991863250732422, 0.3710141181945801, 1.4337552785873413, 0.11093264818191528, 0.7630812525749207] [-0.29141804575920105, -0.44643598794937134, -0.30377396941185, 1.2625240087509155, 1.7149701118469238, 0.08920000493526459, -1.271644115447998, -1.2318439483642578]
[0.03475537151098251, -0.07019156217575073, 0.3709523677825928, 1.431924819946289, 0.11022648215293884, 0.7586917877197266] [-0.30522406101226807, -0.44643598794937134, -0.30377396941185, 1.2563879489898682, 1.710368037223816, 0.08920000493526459, -1.2885180711746216, -1.248718023300171]
[0.038038577884435654, -0.0705675482749939, 0.3711332380771637, 1.425429344177246, 0.10697761923074722, 0.754242479801178] [-0.322098046541214, -0.44643598794937134, -0.30377396941185, 1.2533199787139893, 1.7088340520858765, 0.08920000493526459, -1.3038580417633057, -1.264057993888855]
[0.04168045148253441, -0.0711117684841156, 0.3710154891014099, 1.4220521450042725, 0.10536112636327744, 0.7469055652618408] [-0.33743804693222046, -0.44643598794937134, -0.30223995447158813, 1.241047978401184, 1.704232096672058, 0.08920000493526459, -1.3191981315612793, -1.2809319496154785]
[0.04558619484305382, -0.07212420552968979, 0.37061166763305664, 1.418599009513855, 0.10405991971492767, 0.7338694334030151] [-0.34971004724502563, -0.44643598794937134, -0.30377396941185, 1.222640037536621, 1.7011641263961792, 0.08920000493526459, -1.3345381021499634, -1.2947380542755127]
[0.049268607050180435, -0.07306886464357376, 0.3708517849445343, 1.4179531335830688, 0.09899180382490158, 0.7209829688072205] [-0.36351603269577026, -0.44643598794937134, -0.30223995447158813, 1.2134360074996948, 1.7011641263961792, 0.08920000493526459, -1.3468101024627686, -1.3100780248641968]
[0.05407295376062393, -0.07423745095729828, 0.36949676275253296, 1.4226429462432861, 0.1014750674366951, 0.7067877054214478] [-0.36965203285217285, -0.44643598794937134, -0.30223995447158813, 1.2011640071868896, 1.7011641263961792, 0.08920000493526459, -1.348344087600708, -1.3116120100021362]
[0.055590011179447174, -0.0746663510799408, 0.36878153681755066, 1.4252700805664062, 0.10370519757270813, 0.7012315988540649] [-0.36965203285217285, -0.44643598794937134, -0.30223995447158813, 1.1919599771499634, 1.6996300220489502, 0.08920000493526459, -1.348344087600708, -1.3116120100021362]
[0.05705728754401207, -0.07572770863771439, 0.3687503933906555, 1.4220753908157349, 0.10164053738117218, 0.6877057552337646] [-0.36965203285217285, -0.44643598794937134, -0.3007059693336487, 1.1750860214233398, 1.6980960369110107, 0.08920000493526459, -1.348344087600708, -1.3116120100021362]
[0.05903163179755211, -0.07737588882446289, 0.368956059217453, 1.421796441078186, 0.09749889373779297, 0.667314350605011] [-0.3681180477142334, -0.44643598794937134, -0.3007059693336487, 1.1597459316253662, 1.6980960369110107, 0.08920000493526459, -1.348344087600708, -1.3116120100021362]
[0.059433214366436005, -0.0780276283621788, 0.3690022826194763, 1.4234130382537842, 0.09556160122156143, 0.6628900170326233] [-0.3681180477142334, -0.44643598794937134, -0.29917198419570923, 1.1612800359725952, 1.6980960369110107, 0.08920000493526459, -1.348344087600708, -1.3131459951400757]
[0.0594225749373436, -0.07778338342905045, 0.3690897524356842, 1.424012303352356, 0.09452850371599197, 0.6647422313690186] [-0.3681180477142334, -0.4479699730873108, -0.29610395431518555, 1.1597459316253662, 1.6980960369110107, 0.08920000493526459, -1.348344087600708, -1.3131459951400757]
[0.05948501080274582, -0.07809245586395264, 0.3708270788192749, 1.4293547868728638, 0.07961433380842209, 0.6635630130767822] [-0.3711860477924347, -0.4479699730873108, -0.2746279835700989, 1.1536099910736084, 1.6980960369110107, 0.08920000493526459, -1.348344087600708, -1.3116120100021362]
[0.06079040467739105, -0.07928980886936188, 0.3763731122016907, 1.4417836666107178, 0.03599397838115692, 0.6475272178649902] [-0.374254047870636, -0.4571739733219147, -0.22553996741771698, 1.1075899600982666, 1.6980960369110107, 0.08920000493526459, -1.3498780727386475, -1.3131459951400757]
[0.06424469500780106, -0.08829426765441895, 0.3842264413833618, 1.474914312362671, -0.033572014421224594, 0.5753050446510315] [-0.374254047870636, -0.4939899742603302, -0.1442379653453827, 1.0416280031204224, 1.6980960369110107, 0.08920000493526459, -1.348344087600708, -1.3131459951400757]
[0.07199585437774658, -0.10797155648469925, 0.40553250908851624, 1.6075248718261719, -0.21624985337257385, 0.39729753136634827] [-0.3681180477142334, -0.5047279596328735, 0.11500804126262665, 0.7547699809074402, 1.6996300220489502, 0.08920000493526459, -1.3498780727386475, -1.3131459951400757]
[0.07627586275339127, -0.14242424070835114, 0.4292416274547577, 1.9349536895751953, -0.4043290317058563, 0.08054451644420624] [-0.3650500476360321, -0.5031939744949341, 0.4570900499820709, 0.4310959577560425, 1.6996300220489502, 0.08920000493526459, -1.348344087600708, -1.3146799802780151]
[0.07479241490364075, -0.17745329439640045, 0.4333944320678711, 2.3179101943969727, -0.4122060239315033, -0.2379329949617386] [-0.36044806241989136, -0.5077959895133972, 0.7316760420799255, 0.2500839829444885, 1.6996300220489502, 0.08920000493526459, -1.3498780727386475, -1.3146799802780151]
[0.07174786925315857, -0.20035569369792938, 0.42680931091308594, 2.650930643081665, -0.3310830891132355, -0.4251055419445038] [-0.3573800325393677, -0.5093299746513367, 0.961776077747345, 0.09514996409416199, 1.6980960369110107, 0.08920000493526459, -1.3498780727386475, -1.3146799802780151]
[0.06910263001918793, -0.2156667858362198, 0.4153050482273102, 2.939330577850342, -0.2230561077594757, -0.5214378833770752] [-0.34050604701042175, -0.5231359601020813, 1.1765360832214355, 0.04145996272563934, 1.6996300220489502, 0.08920000493526459, -1.3498780727386475, -1.317747950553894]
[0.06874436885118484, -0.21973176300525665, 0.4087665379047394, 3.0479960441589355, -0.18891160190105438, -0.5349801182746887] [-0.2990880608558655, -0.5323399901390076, 1.2639740705490112, 0.03839196264743805, 1.7609901428222656, 0.15520000457763672, -1.3498780727386475, -1.317747950553894]
[0.0706983357667923, -0.22125482559204102, 0.3972877860069275, -3.139124870300293, -0.13287532329559326, -0.5301467776298523] [-0.22852404415607452, -0.533873975276947, 1.2685760259628296, 0.03839196264743805, 1.862234115600586, 0.1128000020980835, -1.3498780727386475, -1.317747950553894]
[0.0736030712723732, -0.22192981839179993, 0.3727927803993225, 3.099407911300659, -0.01636464148759842, -0.526853084564209] [-0.0904640406370163, -0.533873975276947, 1.2977221012115479, 0.03839196264743805, 1.862234115600586, 0.09040000289678574, -1.3498780727386475, -1.317747950553894]
[0.07343094050884247, -0.22228772938251495, 0.346593976020813, 3.0673129558563232, 0.10847914218902588, -0.5300219655036926] [0.046061962842941284, -0.5323399901390076, 1.3345381021499634, 0.039925962686538696, 1.862234115600586, 0.09040000289678574, -1.3498780727386475, -1.319282054901123]
[0.07237670570611954, -0.22277209162712097, 0.3379939794540405, 3.0735180377960205, 0.14963002502918243, -0.5344123244285583] [0.08441196382045746, -0.5323399901390076, 1.3744220733642578, 0.03839196264743805, 1.862234115600586, 0.09040000289678574, -1.3498780727386475, -1.319282054901123]
[0.07160323113203049, -0.22327490150928497, 0.33582574129104614, 3.1057074069976807, 0.16037888824939728, -0.5369000434875488] [0.09668396413326263, -0.5323399901390076, 1.4035680294036865, 0.039925962686538696, 1.862234115600586, 0.09040000289678574, -1.3498780727386475, -1.319282054901123]
[0.07078660279512405, -0.22343669831752777, 0.3312307298183441, 3.1072158813476562, 0.1826433539390564, -0.5398548245429993] [0.12276195734739304, -0.5323399901390076, 1.4173741340637207, 0.03839196264743805, 1.862234115600586, 0.09040000289678574, -1.3498780727386475, -1.319282054901123]
[0.06955130398273468, -0.2236533761024475, 0.3251694440841675, 3.100205183029175, 0.21175438165664673, -0.5440074801445007] [0.16264596581459045, -0.5323399901390076, 1.4296460151672363, 0.03839196264743805, 1.862234115600586, 0.09040000289678574, -1.3498780727386475, -1.3208160400390625]
[0.06735704839229584, -0.22374019026756287, 0.3163309395313263, 3.0827829837799072, 0.2544476091861725, -0.5502783060073853] [0.21173396706581116, -0.5323399901390076, 1.4357820749282837, 0.03839196264743805, 1.862234115600586, 0.09040000289678574, -1.3498780727386475, -1.319282054901123]
[0.06629211455583572, -0.22373081743717194, 0.31238222122192383, 3.0743377208709717, 0.27416151762008667, -0.5540158748626709] [0.22860796749591827, -0.5308059453964233, 1.4388500452041626, 0.03839196264743805, 1.862234115600586, 0.09040000289678574, -1.3498780727386475, -1.319282054901123]
[0.06547607481479645, -0.22358489036560059, 0.3090191185474396, 3.067301034927368, 0.29003703594207764, -0.5549456477165222] [0.24701596796512604, -0.5292719602584839, 1.4388500452041626, 0.03839196264743805, 1.862234115600586, 0.09040000289678574, -1.3498780727386475, -1.319282054901123]
[0.06531673669815063, -0.22339263558387756, 0.30775541067123413, 3.064370632171631, 0.2960200011730194, -0.5546359419822693] [0.251617968082428, -0.5292719602584839, 1.4388500452041626, 0.03839196264743805, 1.862234115600586, 0.09040000289678574, -1.3498780727386475, -1.319282054901123]
[0.06530032306909561, -0.2235320657491684, 0.30755552649497986, 3.0646612644195557, 0.2965863049030304, -0.5548112392425537] [0.251617968082428, -0.5246700048446655, 1.4373160600662231, 0.03839196264743805, 1.862234115600586, 0.09040000289678574, -1.3498780727386475, -1.317747950553894]
[0.06706344336271286, -0.22060467302799225, 0.30683645606040955, 3.0674097537994385, 0.29925230145454407, -0.5387329459190369] [0.251617968082428, -0.5139319896697998, 1.4373160600662231, 0.03839196264743805, 1.862234115600586, 0.09040000289678574, -1.3498780727386475, -1.317747950553894]
[0.06684053689241409, -0.22066284716129303, 0.30665284395217896, 3.0674736499786377, 0.3004663586616516, -0.5394155383110046] [0.251617968082428, -0.5139319896697998, 1.4373160600662231, 0.039925962686538696, 1.862234115600586, 0.09040000289678574, -1.3498780727386475, -1.317747950553894]
[0.06707177311182022, -0.22072415053844452, 0.30695927143096924, 3.0687642097473145, 0.29811492562294006, -0.5384737849235535] [0.2500839829444885, -0.5139319896697998, 1.4373160600662231, 0.03839196264743805, 1.862234115600586, 0.09040000289678574, -1.3498780727386475, -1.317747950553894]
[0.06694725900888443, -0.22065816819667816, 0.30675795674324036, 3.067605972290039, 0.299314022064209, -0.5389623641967773] [0.2500839829444885, -0.5139319896697998, 1.4373160600662231, 0.039925962686538696, 1.862234115600586, 0.09040000289678574, -1.3498780727386475, -1.317747950553894]
[0.06699096411466599, -0.22073672711849213, 0.3069537281990051, 3.0686843395233154, 0.29807978868484497, -0.5387081503868103] [0.251617968082428, -0.5139319896697998, 1.4373160600662231, 0.039925962686538696, 1.862234115600586, 0.09040000289678574, -1.3498780727386475, -1.317747950553894]
[0.0670129656791687, -0.22078444063663483, 0.30661290884017944, 3.0681238174438477, 0.29966816306114197, -0.5386819243431091] [0.251617968082428, -0.5139319896697998, 1.4373160600662231, 0.039925962686538696, 1.862234115600586, 0.09040000289678574, -1.3498780727386475, -1.317747950553894]
[0.06704477965831757, -0.22081832587718964, 0.30657047033309937, 3.0681774616241455, 0.2998397946357727, -0.5386660695075989] [0.251617968082428, -0.5139319896697998, 1.4373160600662231, 0.039925962686538696, 1.862234115600586, 0.09040000289678574, -1.3498780727386475, -1.317747950553894]
[0.06695172190666199, -0.22064679861068726, 0.30676567554473877, 3.067751169204712, 0.29921475052833557, -0.538810133934021] [0.251617968082428, -0.5139319896697998, 1.4373160600662231, 0.039925962686538696, 1.862234115600586, 0.09040000289678574, -1.3498780727386475, -1.317747950553894]
[0.06699582189321518, -0.22069866955280304, 0.3069916069507599, 3.068795680999756, 0.2978844940662384, -0.5385207533836365] [0.251617968082428, -0.5139319896697998, 1.4388500452041626, 0.039925962686538696, 1.862234115600586, 0.09040000289678574, -1.3498780727386475, -1.317747950553894]
