[0.1998974233865738, -0.06868612766265869, 0.052587348967790604, 1.7358620166778564, 0.21179988980293274, 0.3733178973197937] [0.24854996800422668, -0.07367396354675293, 0.04751203954219818, 0.4387659728527069, 1.6029881238937378, 0.9979999661445618]
[0.19987060129642487, -0.06867985427379608, 0.0524807907640934, 1.7329577207565308, 0.21244588494300842, 0.3734057545661926] [0.24854996800422668, -0.07367396354675293, 0.045978039503097534, 0.4387659728527069, 1.6014540195465088, 0.9979999661445618]
[0.1998215913772583, -0.06853017210960388, 0.05261393263936043, 1.7361887693405151, 0.21159642934799194, 0.3748730719089508] [0.24854996800422668, -0.07367396354675293, 0.045978039503097534, 0.4387659728527069, 1.6014540195465088, 0.9979999661445618]
[0.1998753696680069, -0.0686812773346901, 0.05249900743365288, 1.7344918251037598, 0.21244588494300842, 0.3734057545661926] [0.24854996800422668, -0.07367396354675293, 0.04751203954219818, 0.4387659728527069, 1.6029881238937378, 0.9979999661445618]
[0.1997775435447693, -0.06821522116661072, 0.05262511968612671, 1.736547827720642, 0.2114579826593399, 0.3764353096485138] [0.24854996800422668, -0.07213996350765228, 0.045978039503097534, 0.4387659728527069, 1.6029881238937378, 0.9979999661445618]
[0.20092087984085083, -0.0665774866938591, 0.052185431122779846, 1.7282003164291382, 0.21461598575115204, 0.3642376959323883] [0.24701596796512604, -0.046061962842941284, 0.04291003942489624, 0.3927459716796875, 1.6014540195465088, 0.06400000303983688]
[0.2015538215637207, -0.06815323978662491, 0.051971402019262314, 1.7251759767532349, 0.2162800282239914, 0.3502092659473419] [0.24701596796512604, -0.04452796280384064, 0.04137603938579559, 0.37740597128868103, 1.6029881238937378, 0.06400000303983688]
[0.2021380364894867, -0.0692569687962532, 0.05169805511832237, 1.7226369380950928, 0.21839594841003418, 0.3378116190433502] [0.24701596796512604, -0.04452796280384064, 0.03677403926849365, 0.3697359561920166, 1.6014540195465088, 0.06400000303983688]
[0.2021680623292923, -0.06940218806266785, 0.051072895526885986, 1.7167195081710815, 0.2219204604625702, 0.3350091278553009] [0.24854996800422668, -0.04145996272563934, 0.035240039229393005, 0.36820197105407715, 1.6014540195465088, 0.06400000303983688]
[0.2019960731267929, -0.06858616322278976, 0.05063283443450928, 1.7105021476745605, 0.22501574456691742, 0.3385275900363922] [0.24854996800422668, -0.03839196264743805, 0.021434038877487183, 0.36820197105407715, 1.6014540195465088, 0.06360000371932983]
[0.20174534618854523, -0.06792888045310974, 0.05001377686858177, 1.6983529329299927, 0.2291579246520996, 0.3421282470226288] [0.24854996800422668, -0.035323962569236755, 0.0122300386428833, 0.36820197105407715, 1.6014540195465088, 0.06400000303983688]
[0.2015688121318817, -0.06760597974061966, 0.049500416964292526, 1.6965266466140747, 0.23212416470050812, 0.34398147463798523] [0.24854996800422668, -0.035323962569236755, 0.009162038564682007, 0.36820197105407715, 1.6014540195465088, 0.06400000303983688]
[0.2016664743423462, -0.06792263686656952, 0.049702104181051254, 1.6926767826080322, 0.23135672509670258, 0.34234127402305603] [0.24854996800422668, -0.035323962569236755, 0.00762803852558136, 0.36820197105407715, 1.6014540195465088, 0.06400000303983688]
[0.20164673030376434, -0.06792138516902924, 0.049624182283878326, 1.691257357597351, 0.23190662264823914, 0.34239259362220764] [0.24854996800422668, -0.035323962569236755, 0.00762803852558136, 0.36513397097587585, 1.6029881238937378, 0.06400000303983688]
[0.20202884078025818, -0.06903447210788727, 0.04943936690688133, 1.6876598596572876, 0.23325033485889435, 0.33301904797554016] [0.24854996800422668, -0.03839196264743805, 0.006094038486480713, 0.35132795572280884, 1.6029881238937378, 0.06400000303983688]
[0.2029133439064026, -0.07175641506910324, 0.049204010516405106, 1.6825450658798218, 0.23501849174499512, 0.31101563572883606] [0.2500839829444885, -0.04759596288204193, 0.006094038486480713, 0.34212398529052734, 1.6014540195465088, 0.06400000303983688]
[0.20321330428123474, -0.07480758428573608, 0.0487164743244648, 1.6778684854507446, 0.23813451826572418, 0.29543182253837585] [0.2500839829444885, -0.0629359632730484, 0.003026038408279419, 0.34212398529052734, 1.6014540195465088, 0.06400000303983688]
[0.2036171406507492, -0.07883091270923615, 0.04845559224486351, 1.6701223850250244, 0.2405519336462021, 0.2750313878059387] [0.251617968082428, -0.07674196362495422, 0.001492038369178772, 0.3375219702720642, 1.6014540195465088, 0.06400000303983688]
[0.20410126447677612, -0.08142662048339844, 0.04827296361327171, 1.6660698652267456, 0.24216216802597046, 0.257725328207016] [0.2500839829444885, -0.08134396374225616, -0.001575961709022522, 0.32524996995925903, 1.6014540195465088, 0.06400000303983688]
[0.20461586117744446, -0.08403787016868591, 0.04797213897109032, 1.657086730003357, 0.24424202740192413, 0.2388530820608139] [0.2500839829444885, -0.09514996409416199, -0.003109961748123169, 0.3083759546279907, 1.6029881238937378, 0.06400000303983688]
[0.20542773604393005, -0.0900975912809372, 0.04743574187159538, 1.6478312015533447, 0.24774953722953796, 0.19945073127746582] [0.2500839829444885, -0.1181599572300911, -0.004643961787223816, 0.2884339690208435, 1.6014540195465088, 0.06400000303983688]
[0.20602792501449585, -0.09878218919038773, 0.047553446143865585, 1.6340848207473755, 0.24868391454219818, 0.15038685500621796] [0.2500839829444885, -0.15037396550178528, -0.006177961826324463, 0.28076398372650146, 1.6014540195465088, 0.06360000371932983]
[0.20609307289123535, -0.10600429773330688, 0.047337982803583145, 1.6199418306350708, 0.25113344192504883, 0.11085960268974304] [0.2500839829444885, -0.18258796632289886, -0.01231396198272705, 0.2654239535331726, 1.6014540195465088, 0.06360000371932983]
[0.20605888962745667, -0.11310160905122757, 0.047183699905872345, 1.6068495512008667, 0.25309374928474426, 0.06969531625509262] [0.2500839829444885, -0.20866596698760986, -0.01691596210002899, 0.24394796788692474, 1.6029881238937378, 0.06360000371932983]
[0.20578652620315552, -0.12290394306182861, 0.04696832224726677, 1.5828742980957031, 0.2551099359989166, 0.009457274340093136] [0.2500839829444885, -0.23474396765232086, -0.024585962295532227, 0.22707396745681763, 1.6014540195465088, 0.06360000371932983]
[0.20532254874706268, -0.12938787043094635, 0.04683634638786316, 1.5654864311218262, 0.25632649660110474, -0.030223650857806206] [0.2500839829444885, -0.25928795337677, -0.03378996253013611, 0.20406396687030792, 1.6014540195465088, 0.06360000371932983]
[0.20469623804092407, -0.13639193773269653, 0.04684867337346077, 1.548357367515564, 0.2563616931438446, -0.07466086745262146] [0.2500839829444885, -0.2822979688644409, -0.035323962569236755, 0.1841219663619995, 1.6014540195465088, 0.06400000303983688]
[0.20373111963272095, -0.14385093748569489, 0.04712368920445442, 1.5353947877883911, 0.2548682391643524, -0.12061423063278198] [0.2500839829444885, -0.30684196949005127, -0.039925962686538696, 0.16571396589279175, 1.6029881238937378, 0.06400000303983688]
[0.20254558324813843, -0.1511370837688446, 0.0473940335214138, 1.5209916830062866, 0.25322890281677246, -0.16655796766281128] [0.2500839829444885, -0.3283179700374603, -0.046061962842941284, 0.1411699652671814, 1.6014540195465088, 0.06360000371932983]
[0.20101423561573029, -0.1580401510000229, 0.047303542494773865, 1.5010087490081787, 0.2531126141548157, -0.2094147652387619] [0.2500839829444885, -0.355929970741272, -0.05219796299934387, 0.12582996487617493, 1.6029881238937378, 0.06360000371932983]
[0.1981803923845291, -0.16871115565299988, 0.04799199104309082, 1.4794690608978271, 0.24913322925567627, -0.2726409435272217] [0.251617968082428, -0.39734798669815063, -0.05679996311664581, 0.10435395687818527, 1.6014540195465088, 0.06400000303983688]
[0.19462502002716064, -0.17953597009181976, 0.04867056757211685, 1.4619221687316895, 0.24499519169330597, -0.3373529613018036] [0.25315195322036743, -0.4249599575996399, -0.05833396315574646, 0.09361596405506134, 1.6029881238937378, 0.06400000303983688]
[0.19276376068592072, -0.18400999903678894, 0.0488269217312336, 1.4542433023452759, 0.2443702667951584, -0.36110180616378784] [0.2546859681606293, -0.4479699730873108, -0.05833396315574646, 0.09361596405506134, 1.6029881238937378, 0.06400000303983688]
[0.19164946675300598, -0.18645095825195312, 0.04880257323384285, 1.4506927728652954, 0.24468781054019928, -0.37383517622947693] [0.2562199831008911, -0.45563995838165283, -0.05833396315574646, 0.09361596405506134, 1.6029881238937378, 0.06360000371932983]
[0.19170168042182922, -0.1861465722322464, 0.04847412556409836, 1.4504905939102173, 0.24625837802886963, -0.37240070104599] [0.25775396823883057, -0.4541059732437134, -0.05833396315574646, 0.09514996409416199, 1.6014540195465088, 0.06360000371932983]
[0.19177092611789703, -0.18580861389636993, 0.04839833453297615, 1.449721336364746, 0.24686501920223236, -0.3692958652973175] [0.25775396823883057, -0.4541059732437134, -0.061401963233947754, 0.09975196421146393, 1.6014540195465088, 0.06360000371932983]
[0.19200170040130615, -0.18499667942523956, 0.04824989661574364, 1.4497164487838745, 0.24800381064414978, -0.3630763292312622] [0.25775396823883057, -0.4525719881057739, -0.0629359632730484, 0.10895595699548721, 1.6029881238937378, 0.06360000371932983]
[0.19256490468978882, -0.18278025090694427, 0.04831407591700554, 1.4568020105361938, 0.24937066435813904, -0.3425707221031189] [0.2562199831008911, -0.4525719881057739, -0.061401963233947754, 0.12122795730829239, 1.6029881238937378, 0.06360000371932983]
[0.1926048845052719, -0.18226556479930878, 0.048016224056482315, 1.4605011940002441, 0.2512951195240021, -0.33797329664230347] [0.25775396823883057, -0.4510379731655121, -0.05986796319484711, 0.13043196499347687, 1.6060560941696167, 0.06400000303983688]
[0.1934167444705963, -0.1798393577337265, 0.048085108399391174, 1.4683374166488647, 0.25186362862586975, -0.32055598497390747] [0.2562199831008911, -0.44643598794937134, -0.05986796319484711, 0.14577196538448334, 1.6075900793075562, 0.06400000303983688]
[0.19359846413135529, -0.17842845618724823, 0.047932419925928116, 1.4718817472457886, 0.25384610891342163, -0.30644112825393677] [0.2562199831008911, -0.4479699730873108, -0.05986796319484711, 0.1641799658536911, 1.6091240644454956, 0.06400000303983688]
[0.19404788315296173, -0.17618560791015625, 0.048047274351119995, 1.4790054559707642, 0.25476139783859253, -0.28586605191230774] [0.2546859681606293, -0.4479699730873108, -0.05986796319484711, 0.1902579665184021, 1.6091240644454956, 0.06400000303983688]
[0.19443832337856293, -0.17272290587425232, 0.047443635761737823, 1.4881303310394287, 0.2600588798522949, -0.25449520349502563] [0.2546859681606293, -0.44643598794937134, -0.05833396315574646, 0.22707396745681763, 1.6091240644454956, 0.06360000371932983]
[0.19495654106140137, -0.1683744490146637, 0.04737798124551773, 1.49869704246521, 0.2629948556423187, -0.21496504545211792] [0.2546859681606293, -0.4479699730873108, -0.05833396315574646, 0.2623559832572937, 1.6091240644454956, 0.06360000371932983]
[0.19519086182117462, -0.1648833155632019, 0.04711946099996567, 1.5069643259048462, 0.2662500739097595, -0.18335795402526855] [0.2546859681606293, -0.4479699730873108, -0.05833396315574646, 0.3083759546279907, 1.6091240644454956, 0.06400000303983688]
[0.1954299956560135, -0.15963366627693176, 0.04708641767501831, 1.519783854484558, 0.26913565397262573, -0.13578976690769196] [0.25315195322036743, -0.4479699730873108, -0.05833396315574646, 0.3375219702720642, 1.6091240644454956, 0.06400000303983688]
[0.1953936070203781, -0.1556045413017273, 0.04687630385160446, 1.5295382738113403, 0.27211248874664307, -0.09930552542209625] [0.251617968082428, -0.4479699730873108, -0.05833396315574646, 0.3804739713668823, 1.610658049583435, 0.06400000303983688]
[0.19509905576705933, -0.14996294677257538, 0.04697486758232117, 1.545372486114502, 0.27432963252067566, -0.046843040734529495] [0.251617968082428, -0.4541059732437134, -0.05833396315574646, 0.4571739733219147, 1.6183280944824219, 0.06360000371932983]
[0.19307708740234375, -0.1389031708240509, 0.047312140464782715, 1.5894697904586792, 0.27866488695144653, 0.06303393095731735] [0.2500839829444885, -0.46330997347831726, -0.05986796319484711, 0.5875639915466309, 1.6367360353469849, 0.06360000371932983]
[0.19079995155334473, -0.13006174564361572, 0.047518882900476456, 1.6290310621261597, 0.28167724609375, 0.1491912305355072] [0.2500839829444885, -0.4648439884185791, -0.05986796319484711, 0.6213119626045227, 1.6428720951080322, 0.06400000303983688]
[0.19047577679157257, -0.1285376250743866, 0.04786071553826332, 1.6343010663986206, 0.28030601143836975, 0.1634911298751831] [0.24854996800422668, -0.4648439884185791, -0.05986796319484711, 0.6458559632301331, 1.6428720951080322, 0.06400000303983688]
[0.18938934803009033, -0.12483581155538559, 0.04796169698238373, 1.6440198421478271, 0.2804313004016876, 0.19861026108264923] [0.24854996800422668, -0.4648439884185791, -0.05986796319484711, 0.6857399940490723, 1.6428720951080322, 0.06360000371932983]
[0.1873815506696701, -0.11903280764818192, 0.04807288944721222, 1.6583147048950195, 0.2809548079967499, 0.2544941008090973] [0.24854996800422668, -0.4648439884185791, -0.05986796319484711, 0.7317599654197693, 1.6428720951080322, 0.06400000303983688]
[0.18574699759483337, -0.1144949421286583, 0.048294540494680405, 1.6701809167861938, 0.27999934554100037, 0.2975821793079376] [0.24854996800422668, -0.4648439884185791, -0.061401963233947754, 0.7685759663581848, 1.6428720951080322, 0.06360000371932983]
[0.18413211405277252, -0.11093646287918091, 0.048855602741241455, 1.6813793182373047, 0.277474582195282, 0.3341307044029236] [0.24701596796512604, -0.46330997347831726, -0.061401963233947754, 0.8069260120391846, 1.6428720951080322, 0.06360000371932983]
[0.18233609199523926, -0.1068561002612114, 0.04914559796452522, 1.692189335823059, 0.27578461170196533, 0.3739548623561859] [0.24854996800422668, -0.46330997347831726, -0.061401963233947754, 0.8514119982719421, 1.6505420207977295, 0.06400000303983688]
[0.1798247992992401, -0.10206965357065201, 0.049677323549985886, 1.713233232498169, 0.2731950581073761, 0.42328545451164246] [0.24854996800422668, -0.4648439884185791, -0.0629359632730484, 0.9311800003051758, 1.672018051147461, 0.06360000371932983]
[0.17194348573684692, -0.09041688591241837, 0.04978710412979126, 1.7765376567840576, 0.2777310907840729, 0.5516199469566345] [0.24701596796512604, -0.46330997347831726, -0.08287796378135681, 1.017084002494812, 1.6980960369110107, 0.06360000371932983]
[0.1701255887746811, -0.08742056787014008, 0.04973219707608223, 1.788938283920288, 0.28009817004203796, 0.5821478962898254] [0.2454819679260254, -0.4587079882621765, -0.0859459638595581, 1.0232199430465698, 1.6980960369110107, 0.06400000303983688]
[0.1692618876695633, -0.08579409122467041, 0.050013262778520584, 1.7914401292800903, 0.27858421206474304, 0.5978950262069702] [0.2454819679260254, -0.4541059732437134, -0.0859459638595581, 1.040094017982483, 1.6980960369110107, 0.06400000303983688]
[0.16764435172080994, -0.08055179566144943, 0.050052471458911896, 1.8000383377075195, 0.2751443684101105, 0.6376455426216125] [0.24701596796512604, -0.4280279874801636, -0.0859459638595581, 1.0569679737091064, 1.6980960369110107, 0.06360000371932983]
[0.16555477678775787, -0.07502492517232895, 0.05034641921520233, 1.8111486434936523, 0.270934134721756, 0.6819534301757812] [0.24701596796512604, -0.4050179719924927, -0.0890139639377594, 1.0830459594726562, 1.6980960369110107, 0.06400000303983688]
[0.16338638961315155, -0.07015231251716614, 0.05074399709701538, 1.8181945085525513, 0.2670535743236542, 0.7229296565055847] [0.24701596796512604, -0.3866099715232849, -0.09361596405506134, 1.0968519449234009, 1.6980960369110107, 0.06360000371932983]
[0.16121062636375427, -0.06472287327051163, 0.05098411440849304, 1.8242499828338623, 0.26389315724372864, 0.7655253410339355] [0.24394796788692474, -0.3666679859161377, -0.09821796417236328, 1.1213959455490112, 1.6980960369110107, 0.06360000371932983]
[0.15804529190063477, -0.058607976883649826, 0.051148973405361176, 1.8319666385650635, 0.26031723618507385, 0.8177730441093445] [0.2424139678478241, -0.32985198497772217, -0.10281995683908463, 1.1428719758987427, 1.6965620517730713, 0.06360000371932983]
[0.15464067459106445, -0.05131874978542328, 0.05150923877954483, 1.8370943069458008, 0.2576163411140442, 0.875970184803009] [0.2393459677696228, -0.2976379692554474, -0.1150919571518898, 1.1551439762115479, 1.6965620517730713, 0.06360000371932983]
[0.15236683189868927, -0.0463547557592392, 0.05159369111061096, 1.8402076959609985, 0.2558387517929077, 0.9137934446334839] [0.2362779676914215, -0.2654239535331726, -0.11969395726919174, 1.1658819913864136, 1.6965620517730713, 0.06360000371932983]
[0.15070796012878418, -0.042733270674943924, 0.0515206903219223, 1.8395038843154907, 0.25580742955207825, 0.9406752586364746] [0.23474396765232086, -0.2424139678478241, -0.12582996487617493, 1.167415976524353, 1.6965620517730713, 0.06360000371932983]
[0.14800038933753967, -0.03603113442659378, 0.05162700638175011, 1.839883804321289, 0.2540111541748047, 0.9860954880714417] [0.23320996761322021, -0.21173396706581116, -0.13349996507167816, 1.167415976524353, 1.6965620517730713, 0.06360000371932983]
[0.1473025232553482, -0.03421087935566902, 0.05183837562799454, 1.8352876901626587, 0.25473061203956604, 0.9982590079307556] [0.22553996741771698, -0.18258796632289886, -0.14883996546268463, 1.167415976524353, 1.6965620517730713, 0.06360000371932983]
[0.14527985453605652, -0.02976853772997856, 0.05170007050037384, 1.8243013620376587, 0.2608613073825836, 1.0293890237808228] [0.21173396706581116, -0.15344196557998657, -0.17951996624469757, 1.167415976524353, 1.6950280666351318, 0.06360000371932983]
[0.14287154376506805, -0.024689635261893272, 0.052171915769577026, 1.7947522401809692, 0.2720591425895691, 1.0660771131515503] [0.18872396647930145, -0.1181599572300911, -0.20406396687030792, 1.1735520362854004, 1.6950280666351318, 0.06360000371932983]
[0.14016716182231903, -0.020669106394052505, 0.05259256064891815, 1.7635791301727295, 0.2860867977142334, 1.101517915725708] [0.1672479659318924, -0.09975196421146393, -0.2362779676914215, 1.1842899322509766, 1.6934940814971924, 0.06360000371932983]
[0.1378650814294815, -0.017927808687090874, 0.052924998104572296, 1.742153525352478, 0.29714033007621765, 1.129260778427124] [0.15190796554088593, -0.07980996370315552, -0.25775396823883057, 1.190425992012024, 1.6934940814971924, 0.06360000371932983]
[0.13634014129638672, -0.015833009034395218, 0.053112875670194626, 1.724927544593811, 0.30601999163627625, 1.147908091545105] [0.13656796514987946, -0.05986796319484711, -0.27002596855163574, 1.1980960369110107, 1.6934940814971924, 0.06360000371932983]
[0.13471558690071106, -0.01380173210054636, 0.053484417498111725, 1.7130340337753296, 0.3110889494419098, 1.1669825315475464] [0.12736396491527557, -0.05373196303844452, -0.2822979688644409, 1.2011640071868896, 1.6934940814971924, 0.06400000303983688]
[0.13472405076026917, -0.013968355022370815, 0.053528424352407455, 1.7063931226730347, 0.3158029615879059, 1.1668821573257446] [0.1181599572300911, -0.05373196303844452, -0.28996795415878296, 1.2011640071868896, 1.6950280666351318, 0.06360000371932983]
[0.13480335474014282, -0.014145860448479652, 0.05376086384057999, 1.6967239379882812, 0.31993016600608826, 1.1662260293960571] [0.10895595699548721, -0.055265963077545166, -0.3007059693336487, 1.2042319774627686, 1.6950280666351318, 0.06400000303983688]
[0.13538242876529694, -0.015684224665164948, 0.05368148535490036, 1.6758852005004883, 0.33325403928756714, 1.1584076881408691] [0.09668396413326263, -0.0660039633512497, -0.32218196988105774, 1.2119020223617554, 1.6950280666351318, 0.06360000371932983]
[0.1360180824995041, -0.018598714843392372, 0.05345871299505234, 1.6630072593688965, 0.34610065817832947, 1.1468915939331055] [0.08287796378135681, -0.08747996389865875, -0.33905595541000366, 1.2303099632263184, 1.6965620517730713, 0.06360000371932983]
[0.1360819935798645, -0.020632293075323105, 0.05322383716702461, 1.6511971950531006, 0.3575989305973053, 1.1418266296386719] [0.07367396354675293, -0.09361596405506134, -0.3528619706630707, 1.2379800081253052, 1.6965620517730713, 0.06360000371932983]
[0.13558107614517212, -0.020811861380934715, 0.052928756922483444, 1.643816351890564, 0.3654843270778656, 1.1457353830337524] [0.06907196342945099, -0.09361596405506134, -0.35899797081947327, 1.2379800081253052, 1.6965620517730713, 0.06360000371932983]
[0.13616283237934113, -0.022259259596467018, 0.052944380789995193, 1.6391559839248657, 0.37090975046157837, 1.1371433734893799] [0.06446996331214905, -0.10588795691728592, -0.363599956035614, 1.2425819635391235, 1.6996300220489502, 0.06360000371932983]
[0.13703668117523193, -0.02465377002954483, 0.052864763885736465, 1.6419376134872437, 0.3722577393054962, 1.1235069036483765] [0.06446996331214905, -0.12889796495437622, -0.36206597089767456, 1.2517859935760498, 1.7026981115341187, 0.06360000371932983]
[0.137003093957901, -0.026866374537348747, 0.052928533405065536, 1.6487699747085571, 0.3727406859397888, 1.1182752847671509] [0.06446996331214905, -0.15037396550178528, -0.36206597089767456, 1.2655919790267944, 1.7026981115341187, 0.06360000371932983]
[0.1371760070323944, -0.029877180233597755, 0.05294022709131241, 1.65292489528656, 0.37356945872306824, 1.1084933280944824] [0.06446996331214905, -0.17951996624469757, -0.3605319857597351, 1.282465934753418, 1.7011641263961792, 0.06360000371932983]
[0.13751909136772156, -0.032309338450431824, 0.05284983292222023, 1.6559151411056519, 0.3751464784145355, 1.0982434749603271] [0.0660039633512497, -0.20713196694850922, -0.3605319857597351, 1.2947380542755127, 1.7011641263961792, 0.06360000371932983]
[0.13823282718658447, -0.037072647362947464, 0.05248070880770683, 1.6621932983398438, 0.37871870398521423, 1.0765361785888672] [0.06753796339035034, -0.23781196773052216, -0.3605319857597351, 1.3039419651031494, 1.7011641263961792, 0.06360000371932983]
[0.13901576399803162, -0.04174485057592392, 0.05213255435228348, 1.6672598123550415, 0.38205769658088684, 1.0530706644058228] [0.06753796339035034, -0.2822979688644409, -0.3605319857597351, 1.317747950553894, 1.6996300220489502, 0.06360000371932983]
[0.14026504755020142, -0.04685886576771736, 0.05198441818356514, 1.6673991680145264, 0.38454025983810425, 1.0225434303283691] [0.06753796339035034, -0.3206479549407959, -0.3605319857597351, 1.319282054901123, 1.6996300220489502, 0.06400000303983688]
[0.14259663224220276, -0.05394634231925011, 0.051826708018779755, 1.6654603481292725, 0.3873234689235687, 0.9728375673294067] [0.06907196342945099, -0.3574639558792114, -0.3605319857597351, 1.319282054901123, 1.6996300220489502, 0.06360000371932983]
[0.14427578449249268, -0.060235537588596344, 0.05148673057556152, 1.6649705171585083, 0.3906005620956421, 0.9297998547554016] [0.06907196342945099, -0.4034839868545532, -0.3605319857597351, 1.319282054901123, 1.6996300220489502, 0.06400000303983688]
[0.14589467644691467, -0.06728380918502808, 0.05135694891214371, 1.6612449884414673, 0.3931827247142792, 0.8815221786499023] [0.06907196342945099, -0.44950395822525024, -0.3605319857597351, 1.319282054901123, 1.6980960369110107, 0.06360000371932983]
[0.14733339846134186, -0.07693450152873993, 0.05056323856115341, 1.66170072555542, 0.3996698558330536, 0.8174339532852173] [0.07213996350765228, -0.5292719602584839, -0.3605319857597351, 1.319282054901123, 1.6980960369110107, 0.06400000303983688]
[0.14845672249794006, -0.08666876703500748, 0.05073138326406479, 1.6584513187408447, 0.4018990993499756, 0.7513107061386108] [0.07213996350765228, -0.5844959616661072, -0.3605319857597351, 1.319282054901123, 1.6980960369110107, 0.06360000371932983]
[0.14865797758102417, -0.08993106335401535, 0.050699055194854736, 1.6556754112243652, 0.4029432237148285, 0.7294042110443115] [0.07213996350765228, -0.5983020067214966, -0.3605319857597351, 1.319282054901123, 1.6980960369110107, 0.06360000371932983]
[0.14870929718017578, -0.09207645803689957, 0.05053168907761574, 1.6544543504714966, 0.4050854742527008, 0.7152453064918518] [0.07213996350765228, -0.6105740070343018, -0.363599956035614, 1.319282054901123, 1.6980960369110107, 0.06360000371932983]
[0.1489148586988449, -0.09476069360971451, 0.050525858998298645, 1.6527892351150513, 0.40580618381500244, 0.69635009765625] [0.07213996350765228, -0.6366519927978516, -0.36206597089767456, 1.3162139654159546, 1.6980960369110107, 0.06360000371932983]
[0.14907391369342804, -0.09815096110105515, 0.05052347853779793, 1.6508245468139648, 0.40671396255493164, 0.672745943069458] [0.07213996350765228, -0.6596620082855225, -0.36206597089767456, 1.3146799802780151, 1.6980960369110107, 0.06360000371932983]
[0.1491858959197998, -0.10447873175144196, 0.050533898174762726, 1.6470106840133667, 0.4083044230937958, 0.6286407709121704] [0.07367396354675293, -0.6888079643249512, -0.36206597089767456, 1.3131459951400757, 1.6980960369110107, 0.06400000303983688]
[0.1489970088005066, -0.1079825833439827, 0.05054755136370659, 1.6455363035202026, 0.4092637598514557, 0.6051046252250671] [0.07367396354675293, -0.7256239652633667, -0.36206597089767456, 1.3131459951400757, 1.6980960369110107, 0.06360000371932983]
[0.14847534894943237, -0.11334425956010818, 0.050351936370134354, 1.6441298723220825, 0.411964476108551, 0.5693548917770386] [0.07367396354675293, -0.7578380107879639, -0.36206597089767456, 1.3131459951400757, 1.6980960369110107, 0.06360000371932983]
[0.14784137904644012, -0.11868683248758316, 0.05039872229099274, 1.6417149305343628, 0.41332462430000305, 0.5332001447677612] [0.07367396354675293, -0.7992559671401978, -0.36206597089767456, 1.3131459951400757, 1.6980960369110107, 0.06360000371932983]
[0.14669033885002136, -0.12584573030471802, 0.05048368498682976, 1.6383761167526245, 0.4150296449661255, 0.4844314455986023] [0.07367396354675293, -0.8498779535293579, -0.3605319857597351, 1.3116120100021362, 1.6980960369110107, 0.06360000371932983]
[0.14487601816654205, -0.13449615240097046, 0.050781119614839554, 1.6345947980880737, 0.41543278098106384, 0.42469799518585205] [0.07367396354675293, -0.8943639993667603, -0.3605319857597351, 1.3131459951400757, 1.6980960369110107, 0.06360000371932983]
[0.1435002088546753, -0.1396978348493576, 0.05088265985250473, 1.6319873332977295, 0.41645973920822144, 0.3884580731391907] [0.07367396354675293, -0.9311800003051758, -0.3605319857597351, 1.3100780248641968, 1.6980960369110107, 0.06360000371932983]
[0.1421903371810913, -0.1456945836544037, 0.05101734772324562, 1.626510500907898, 0.4170078933238983, 0.34392744302749634] [0.07367396354675293, -0.9741320013999939, -0.3605319857597351, 1.3070099353790283, 1.6980960369110107, 0.06360000371932983]
[0.14034129679203033, -0.15101446211338043, 0.051153820008039474, 1.6237014532089233, 0.41787317395210266, 0.3060723543167114] [0.07367396354675293, -1.0094139575958252, -0.3605319857597351, 1.3070099353790283, 1.6980960369110107, 0.06360000371932983]
[0.13793140649795532, -0.15713077783584595, 0.05131389573216438, 1.6188462972640991, 0.4187588691711426, 0.2618878185749054] [0.07367396354675293, -1.0446959733963013, -0.3605319857597351, 1.3070099353790283, 1.6980960369110107, 0.06360000371932983]
[0.13606391847133636, -0.16143159568309784, 0.05146952345967293, 1.6179827451705933, 0.41930902004241943, 0.2303154468536377] [0.07520796358585358, -1.0876480340957642, -0.3605319857597351, 1.3070099353790283, 1.6980960369110107, 0.06360000371932983]
[0.13342338800430298, -0.16693484783172607, 0.05164661630988121, 1.613304853439331, 0.419920414686203, 0.18925878405570984] [0.07367396354675293, -1.1183279752731323, -0.3605319857597351, 1.3070099353790283, 1.6965620517730713, 0.06400000303983688]
[0.13107210397720337, -0.17129896581172943, 0.05163136497139931, 1.612541913986206, 0.42184314131736755, 0.1561954915523529] [0.07367396354675293, -1.1413379907608032, -0.35899797081947327, 1.3070099353790283, 1.6980960369110107, 0.06360000371932983]
[0.13018973171710968, -0.17312267422676086, 0.05206654965877533, 1.6116368770599365, 0.4190032482147217, 0.14201119542121887] [0.07367396354675293, -1.1551439762115479, -0.3574639558792114, 1.3070099353790283, 1.6965620517730713, 0.06360000371932983]
[0.12995122373104095, -0.17350785434246063, 0.0520428791642189, 1.6120816469192505, 0.41907864809036255, 0.13908645510673523] [0.07520796358585358, -1.1551439762115479, -0.3574639558792114, 1.3070099353790283, 1.6965620517730713, 0.06360000371932983]
[0.12990403175354004, -0.17333899438381195, 0.052036870270967484, 1.6127625703811646, 0.41920992732048035, 0.14075979590415955] [0.07520796358585358, -1.1551439762115479, -0.3574639558792114, 1.3070099353790283, 1.6980960369110107, 0.06360000371932983]
[0.13006657361984253, -0.17330347001552582, 0.05203419551253319, 1.6122065782546997, 0.4190625250339508, 0.14066696166992188] [0.07674196362495422, -1.1536099910736084, -0.355929970741272, 1.3085440397262573, 1.6965620517730713, 0.06360000371932983]
[0.1301257312297821, -0.17290648818016052, 0.05197865515947342, 1.6137070655822754, 0.41921910643577576, 0.14415618777275085] [0.07827596366405487, -1.152076005935669, -0.3543959856033325, 1.3070099353790283, 1.6980960369110107, 0.06360000371932983]
[0.13015751540660858, -0.17305192351341248, 0.05192629247903824, 1.6121864318847656, 0.4191321134567261, 0.14271701872348785] [0.07827596366405487, -1.1505420207977295, -0.3543959856033325, 1.3085440397262573, 1.6965620517730713, 0.06360000371932983]
[0.1304517686367035, -0.1726182997226715, 0.05206707864999771, 1.6129014492034912, 0.4176218807697296, 0.1460171490907669] [0.07674196362495422, -1.1474740505218506, -0.3528619706630707, 1.3070099353790283, 1.6965620517730713, 0.06360000371932983]
[0.1307527869939804, -0.17220743000507355, 0.05224975198507309, 1.6129118204116821, 0.41606956720352173, 0.14908021688461304] [0.07520796358585358, -1.1474740505218506, -0.3528619706630707, 1.3070099353790283, 1.6965620517730713, 0.06360000371932983]
[0.13134737312793732, -0.17193067073822021, 0.05352329462766647, 1.6133954524993896, 0.40555813908576965, 0.1506633460521698] [0.07060596346855164, -1.1428719758987427, -0.3467259705066681, 1.3070099353790283, 1.6965620517730713, 0.06360000371932983]
[0.13222968578338623, -0.17080357670783997, 0.054325662553310394, 1.615519404411316, 0.39805617928504944, 0.15896664559841156] [0.06907196342945099, -1.1336679458618164, -0.32985198497772217, 1.3070099353790283, 1.6965620517730713, 0.06360000371932983]
[0.1343589723110199, -0.1685364544391632, 0.057388532906770706, 1.6220089197158813, 0.36977478861808777, 0.1749957799911499] [0.0660039633512497, -1.1229300498962402, -0.30684196949005127, 1.3054759502410889, 1.6950280666351318, 0.06360000371932983]
[0.13519924879074097, -0.168422669172287, 0.059714119881391525, 1.6268736124038696, 0.34895575046539307, 0.1747111976146698] [0.0629359632730484, -1.1229300498962402, -0.2884339690208435, 1.3054759502410889, 1.6950280666351318, 0.06360000371932983]
[0.13573706150054932, -0.16823886334896088, 0.061394818127155304, 1.6305240392684937, 0.33415159583091736, 0.1755533665418625] [0.0629359632730484, -1.1229300498962402, -0.27309396862983704, 1.3054759502410889, 1.6950280666351318, 0.06360000371932983]
[0.13645519316196442, -0.16800779104232788, 0.0637882873415947, 1.6351548433303833, 0.3134015202522278, 0.17653754353523254] [0.05833396315574646, -1.1229300498962402, -0.25928795337677, 1.3054759502410889, 1.6950280666351318, 0.06360000371932983]
[0.1370944231748581, -0.16784502565860748, 0.06611904501914978, 1.6378883123397827, 0.2940610349178314, 0.17701570689678192] [0.05219796299934387, -1.1229300498962402, -0.2424139678478241, 1.3054759502410889, 1.6950280666351318, 0.06400000303983688]
[0.13758811354637146, -0.16767477989196777, 0.0679958239197731, 1.6418685913085938, 0.27777034044265747, 0.17778663337230682] [0.05219796299934387, -1.1229300498962402, -0.23167596757411957, 1.3054759502410889, 1.6950280666351318, 0.06360000371932983]
[0.1376936286687851, -0.16780738532543182, 0.06883727759122849, 1.6439064741134644, 0.27039292454719543, 0.17663328349590302] [0.05219796299934387, -1.1229300498962402, -0.22400596737861633, 1.3054759502410889, 1.6950280666351318, 0.06360000371932983]
[0.13800695538520813, -0.16751578450202942, 0.06966929137706757, 1.646100401878357, 0.262986421585083, 0.17857037484645844] [0.050663962960243225, -1.1229300498962402, -0.2163359671831131, 1.3054759502410889, 1.6950280666351318, 0.06360000371932983]
[0.1387602686882019, -0.16705071926116943, 0.07320228219032288, 1.6552598476409912, 0.23199179768562317, 0.18157251179218292] [0.05219796299934387, -1.1229300498962402, -0.18565596640110016, 1.3054759502410889, 1.6950280666351318, 0.9979999661445618]
[0.138740673661232, -0.1674204170703888, 0.07337932288646698, 1.6552331447601318, 0.23046568036079407, 0.17850790917873383] [0.05219796299934387, -1.1229300498962402, -0.1871899664402008, 1.3054759502410889, 1.6950280666351318, 0.9979999661445618]
