[0.19640587270259857, -0.07101177424192429, 0.06380731612443924, 1.8437004089355469, 0.037755317986011505, 0.39678025245666504] [0.35132795572280884, -0.12429595738649368, 0.5199840664863586, 0.6029039621353149, 1.2639740705490112, 0.9979999661445618]
[0.19640587270259857, -0.07101177424192429, 0.06380731612443924, 1.8437004089355469, 0.037755317986011505, 0.39678025245666504] [0.35132795572280884, -0.12429595738649368, 0.5199840664863586, 0.6029039621353149, 1.2639740705490112, 0.9975999593734741]
[0.19640587270259857, -0.07101177424192429, 0.06380731612443924, 1.8437004089355469, 0.037755317986011505, 0.39678025245666504] [0.35132795572280884, -0.12429595738649368, 0.5199840664863586, 0.6029039621353149, 1.2639740705490112, 0.9979999661445618]
[0.19761228561401367, -0.07464268058538437, 0.05530744045972824, 1.8154913187026978, 0.09783187508583069, 0.35960492491722107] [0.36513397097587585, -0.12429595738649368, 0.48470205068588257, 0.5430779457092285, 1.2624400854110718, 0.06120000407099724]
[0.19761590659618378, -0.0747409388422966, 0.05475527420639992, 1.8101422786712646, 0.10213915258646011, 0.3586435317993164] [0.3666679859161377, -0.12429595738649368, 0.47089606523513794, 0.5415439605712891, 1.2624400854110718, 0.06120000407099724]
[0.19726768136024475, -0.07444291561841965, 0.053506650030612946, 1.8023325204849243, 0.10974691808223724, 0.3616384267807007] [0.3666679859161377, -0.12276195734739304, 0.46782803535461426, 0.5415439605712891, 1.2624400854110718, 0.06120000407099724]
[0.1973387598991394, -0.07444291561841965, 0.05380931496620178, 1.8017865419387817, 0.10831212252378464, 0.361579030752182] [0.36820197105407715, -0.12276195734739304, 0.4662940502166748, 0.5415439605712891, 1.2624400854110718, 0.06120000407099724]
[0.19724583625793457, -0.07431414723396301, 0.05351469665765762, 1.7964423894882202, 0.11034982651472092, 0.3628007173538208] [0.36820197105407715, -0.12276195734739304, 0.4632260501384735, 0.5430779457092285, 1.2609061002731323, 0.06120000407099724]
[0.1970839649438858, -0.07419003546237946, 0.052935484796762466, 1.7931835651397705, 0.11382564902305603, 0.3640769124031067] [0.36820197105407715, -0.12276195734739304, 0.45862406492233276, 0.5415439605712891, 1.2609061002731323, 0.06120000407099724]
[0.19705379009246826, -0.07414896041154861, 0.05284314602613449, 1.791914939880371, 0.11450722068548203, 0.3644803762435913] [0.3666679859161377, -0.12276195734739304, 0.4555560350418091, 0.5415439605712891, 1.2609061002731323, 0.06120000407099724]
[0.19708436727523804, -0.07424592971801758, 0.052661146968603134, 1.7904928922653198, 0.1159643679857254, 0.3635503351688385] [0.3666679859161377, -0.12582996487617493, 0.45402204990386963, 0.5384759902954102, 1.2609061002731323, 0.06120000407099724]
[0.1974835991859436, -0.07613295316696167, 0.05207238346338272, 1.78634774684906, 0.12127517908811569, 0.35130205750465393] [0.36820197105407715, -0.12889796495437622, 0.45402204990386963, 0.5292719602584839, 1.2609061002731323, 0.06120000407099724]
[0.19783496856689453, -0.07840884476900101, 0.05173743516206741, 1.7827134132385254, 0.12469609826803207, 0.3383137881755829] [0.3666679859161377, -0.1411699652671814, 0.45402204990386963, 0.5277379751205444, 1.2609061002731323, 0.06120000407099724]
[0.19801633059978485, -0.08084890991449356, 0.051565151661634445, 1.7772282361984253, 0.12680867314338684, 0.3267227113246918] [0.36820197105407715, -0.15344196557998657, 0.45402204990386963, 0.526203989982605, 1.2609061002731323, 0.06120000407099724]
[0.19811919331550598, -0.0822712704539299, 0.05122842267155647, 1.7767083644866943, 0.1290515512228012, 0.3190632462501526] [0.3697359561920166, -0.15650996565818787, 0.45402204990386963, 0.5216019749641418, 1.2609061002731323, 0.06120000407099724]
[0.19849126040935516, -0.08326747268438339, 0.05061556026339531, 1.775470495223999, 0.13434213399887085, 0.3096374273300171] [0.3697359561920166, -0.15650996565818787, 0.45402204990386963, 0.5047279596328735, 1.2609061002731323, 0.06120000407099724]
[0.1993456929922104, -0.08652722835540771, 0.04967210441827774, 1.7702571153640747, 0.1440443992614746, 0.28464969992637634] [0.36820197105407715, -0.16571396589279175, 0.45402204990386963, 0.4878539741039276, 1.2609061002731323, 0.06120000407099724]
[0.19979073107242584, -0.08927957713603973, 0.04942648857831955, 1.765436053276062, 0.14793817698955536, 0.26739785075187683] [0.3666679859161377, -0.17645196616649628, 0.45402204990386963, 0.4847859740257263, 1.2609061002731323, 0.06120000407099724]
[0.19979479908943176, -0.09178876876831055, 0.04906876012682915, 1.7599964141845703, 0.1505592316389084, 0.25536420941352844] [0.3666679859161377, -0.19179196655750275, 0.45402204990386963, 0.48325198888778687, 1.2609061002731323, 0.06120000407099724]
[0.19986477494239807, -0.09493272751569748, 0.04906148836016655, 1.7561159133911133, 0.15191347897052765, 0.2402365803718567] [0.3666679859161377, -0.2132679671049118, 0.4524880647659302, 0.48325198888778687, 1.2609061002731323, 0.06120000407099724]
[0.19999030232429504, -0.10042364150285721, 0.049281250685453415, 1.7463237047195435, 0.15324626863002777, 0.21307317912578583] [0.3666679859161377, -0.23474396765232086, 0.45402204990386963, 0.47864997386932373, 1.2593721151351929, 0.06120000407099724]
[0.20006513595581055, -0.10557618737220764, 0.04888875409960747, 1.7360820770263672, 0.15831759572029114, 0.18495644629001617] [0.3666679859161377, -0.2546859681606293, 0.45402204990386963, 0.4740479588508606, 1.2593721151351929, 0.06120000407099724]
[0.19991661608219147, -0.10981690883636475, 0.048876773566007614, 1.728731632232666, 0.16025693714618683, 0.16382578015327454] [0.3666679859161377, -0.27309396862983704, 0.45402204990386963, 0.4740479588508606, 1.2609061002731323, 0.06120000407099724]
[0.199661985039711, -0.11390393227338791, 0.0489942841231823, 1.7231085300445557, 0.161353200674057, 0.144063338637352] [0.3666679859161377, -0.2976379692554474, 0.45402204990386963, 0.47251397371292114, 1.2609061002731323, 0.06120000407099724]
[0.19937148690223694, -0.11876040697097778, 0.048898376524448395, 1.7146949768066406, 0.16439616680145264, 0.11857742071151733] [0.3666679859161377, -0.317579984664917, 0.45402204990386963, 0.45563995838165283, 1.2609061002731323, 0.06120000407099724]
[0.19923561811447144, -0.1239246129989624, 0.04818464815616608, 1.7060073614120483, 0.17234639823436737, 0.08638585358858109] [0.36513397097587585, -0.33598798513412476, 0.45402204990386963, 0.43723195791244507, 1.2609061002731323, 0.06120000407099724]
[0.19854669272899628, -0.1339666098356247, 0.04797160625457764, 1.686999797821045, 0.180402934551239, 0.0270310640335083] [0.363599956035614, -0.37740597128868103, 0.45402204990386963, 0.42035797238349915, 1.2609061002731323, 0.06120000407099724]
[0.19732294976711273, -0.14178985357284546, 0.04801034927368164, 1.67324697971344, 0.18423300981521606, -0.01526667270809412] [0.363599956035614, -0.41115397214889526, 0.45402204990386963, 0.41115397214889526, 1.2593721151351929, 0.06120000407099724]
[0.19616279006004333, -0.1486707478761673, 0.047735266387462616, 1.6611475944519043, 0.1899881213903427, -0.055726904422044754] [0.363599956035614, -0.429561972618103, 0.45402204990386963, 0.3896779716014862, 1.2593721151351929, 0.06120000407099724]
[0.19525045156478882, -0.15384246408939362, 0.04730697348713875, 1.6535409688949585, 0.1960834413766861, -0.08852262049913406] [0.36206597089767456, -0.4479699730873108, 0.45402204990386963, 0.37893998622894287, 1.2593721151351929, 0.06120000407099724]
[0.19414006173610687, -0.15913158655166626, 0.0474553145468235, 1.6427206993103027, 0.19846373796463013, -0.12012605369091034] [0.36206597089767456, -0.46330997347831726, 0.45402204990386963, 0.36820197105407715, 1.2609061002731323, 0.06120000407099724]
[0.19322776794433594, -0.16285668313503265, 0.04736151173710823, 1.636042833328247, 0.20123691856861115, -0.14273996651172638] [0.36206597089767456, -0.4847859740257263, 0.45402204990386963, 0.355929970741272, 1.2593721151351929, 0.06120000407099724]
[0.19156327843666077, -0.16885212063789368, 0.04725247249007225, 1.6237784624099731, 0.20543286204338074, -0.17885807156562805] [0.36206597089767456, -0.506261944770813, 0.4524880647659302, 0.3375219702720642, 1.2609061002731323, 0.06120000407099724]
[0.18927057087421417, -0.17622269690036774, 0.04747559502720833, 1.6133677959442139, 0.20826947689056396, -0.22310099005699158] [0.36206597089767456, -0.5323399901390076, 0.45402204990386963, 0.33598798513412476, 1.2593721151351929, 0.06120000407099724]
[0.18768051266670227, -0.18008260428905487, 0.047665417194366455, 1.603021264076233, 0.2086024135351181, -0.2430998831987381] [0.363599956035614, -0.5492140054702759, 0.4524880647659302, 0.33598798513412476, 1.2593721151351929, 0.06120000407099724]
[0.18725670874118805, -0.18099801242351532, 0.0475832037627697, 1.6024260520935059, 0.20921552181243896, -0.24799014627933502] [0.36513397097587585, -0.5492140054702759, 0.4524880647659302, 0.33598798513412476, 1.2593721151351929, 0.06120000407099724]
[0.18728384375572205, -0.18081548810005188, 0.04759256914258003, 1.6028550863265991, 0.20917776226997375, -0.24633900821208954] [0.36513397097587585, -0.5492140054702759, 0.45402204990386963, 0.33598798513412476, 1.2609061002731323, 0.06120000407099724]
[0.18728384375572205, -0.18081548810005188, 0.04759256914258003, 1.6028550863265991, 0.20917776226997375, -0.24633900821208954] [0.36513397097587585, -0.5492140054702759, 0.45402204990386963, 0.3375219702720642, 1.2609061002731323, 0.06120000407099724]
[0.18725743889808655, -0.18070048093795776, 0.04748866707086563, 1.6040674448013306, 0.20919056236743927, -0.2452920377254486] [0.3666679859161377, -0.5476799607276917, 0.4555560350418091, 0.33905595541000366, 1.2609061002731323, 0.06120000407099724]
[0.18726108968257904, -0.1807020604610443, 0.04750712960958481, 1.60560142993927, 0.20919056236743927, -0.2452920377254486] [0.3666679859161377, -0.5492140054702759, 0.4555560350418091, 0.33905595541000366, 1.2593721151351929, 0.06120000407099724]
[0.18740998208522797, -0.18024274706840515, 0.047504764050245285, 1.604919195175171, 0.20880433917045593, -0.2422710359096527] [0.3666679859161377, -0.5476799607276917, 0.4570900499820709, 0.34212398529052734, 1.2609061002731323, 0.06120000407099724]
[0.18750470876693726, -0.18020449578762054, 0.04793878644704819, 1.6137990951538086, 0.20586678385734558, -0.2416958212852478] [0.3666679859161377, -0.5476799607276917, 0.4662940502166748, 0.3436579704284668, 1.2609061002731323, 0.06120000407099724]
[0.18773379921913147, -0.17945127189159393, 0.048153579235076904, 1.6166483163833618, 0.20391438901424408, -0.2359279990196228] [0.36513397097587585, -0.5461459755897522, 0.46476006507873535, 0.3574639558792114, 1.2655080556869507, 0.06120000407099724]
[0.18815888464450836, -0.17772316932678223, 0.04880901053547859, 1.6305758953094482, 0.19920983910560608, -0.22118543088436127] [0.3666679859161377, -0.5415439605712891, 0.4632260501384735, 0.36206597089767456, 1.2731781005859375, 0.06120000407099724]
[0.18856173753738403, -0.1765102595090866, 0.048824552446603775, 1.6343319416046143, 0.1984848529100418, -0.21363569796085358] [0.3666679859161377, -0.5369420051574707, 0.4632260501384735, 0.3666679859161377, 1.2762460708618164, 0.06120000407099724]
[0.18894852697849274, -0.17527122795581818, 0.04878711327910423, 1.6382287740707397, 0.19825543463230133, -0.2058905065059662] [0.3666679859161377, -0.5354079604148865, 0.46169203519821167, 0.3666679859161377, 1.2777800559997559, 0.06120000407099724]
[0.18896783888339996, -0.17508606612682343, 0.04879530519247055, 1.6386585235595703, 0.19822843372821808, -0.2042282074689865] [0.3666679859161377, -0.5354079604148865, 0.46169203519821167, 0.37126997113227844, 1.2793140411376953, 0.06120000407099724]
[0.1890796571969986, -0.174497589468956, 0.048976749181747437, 1.6342716217041016, 0.19719038903713226, -0.198976531624794] [0.363599956035614, -0.5354079604148865, 0.45402204990386963, 0.37893998622894287, 1.2793140411376953, 0.06120000407099724]
[0.18928763270378113, -0.17347560822963715, 0.04949413985013962, 1.6335066556930542, 0.19353608787059784, -0.18972231447696686] [0.36513397097587585, -0.5354079604148865, 0.45095404982566833, 0.3896779716014862, 1.2793140411376953, 0.06120000407099724]
[0.18933311104774475, -0.17245282232761383, 0.049445584416389465, 1.633678674697876, 0.19292889535427094, -0.18057414889335632] [0.36513397097587585, -0.5354079604148865, 0.4494200348854065, 0.39427995681762695, 1.2793140411376953, 0.06120000407099724]
[0.189411461353302, -0.1717773675918579, 0.04961857944726944, 1.6334216594696045, 0.19135315716266632, -0.17450301349163055] [0.36513397097587585, -0.5354079604148865, 0.44788604974746704, 0.4050179719924927, 1.2793140411376953, 0.06120000407099724]
[0.18951097130775452, -0.17028895020484924, 0.04981404170393944, 1.6342806816101074, 0.1886385977268219, -0.16115441918373108] [0.3666679859161377, -0.5354079604148865, 0.44481804966926575, 0.4249599575996399, 1.2793140411376953, 0.06120000407099724]
[0.1897243708372116, -0.16773492097854614, 0.05042646825313568, 1.6329057216644287, 0.18301653861999512, -0.13830696046352386] [0.3666679859161377, -0.5354079604148865, 0.4294780492782593, 0.45563995838165283, 1.2793140411376953, 0.06120000407099724]
[0.18979601562023163, -0.1642814427614212, 0.050565365701913834, 1.6218558549880981, 0.18058277666568756, -0.10768119990825653] [0.3666679859161377, -0.5354079604148865, 0.4141380488872528, 0.4801839590072632, 1.2793140411376953, 0.06120000407099724]
[0.18972505629062653, -0.16025429964065552, 0.05061003193259239, 1.6091880798339844, 0.17881494760513306, -0.07197631895542145] [0.3666679859161377, -0.5354079604148865, 0.3911280632019043, 0.506261944770813, 1.2793140411376953, 0.06120000407099724]
[0.1894301176071167, -0.1581953763961792, 0.050104908645153046, 1.594933271408081, 0.1821134090423584, -0.05264589190483093] [0.3666679859161377, -0.5369420051574707, 0.37272006273269653, 0.5369420051574707, 1.2793140411376953, 0.06120000407099724]
[0.1892719715833664, -0.1542917937040329, 0.050210095942020416, 1.5880447626113892, 0.18010090291500092, -0.019006578251719475] [0.3666679859161377, -0.5369420051574707, 0.3573800325393677, 0.56455397605896, 1.2793140411376953, 0.06120000407099724]
[0.18856695294380188, -0.15013913810253143, 0.05013655871152878, 1.5751022100448608, 0.18001194298267365, 0.02036273293197155] [0.3666679859161377, -0.5384759902954102, 0.33437004685401917, 0.5983020067214966, 1.2808480262756348, 0.06120000407099724]
[0.18806423246860504, -0.14752155542373657, 0.050096601247787476, 1.5724271535873413, 0.18040788173675537, 0.04499749839305878] [0.3666679859161377, -0.5400099754333496, 0.322098046541214, 0.6274479627609253, 1.294654130935669, 0.06120000407099724]
[0.18759721517562866, -0.14449842274188995, 0.0503503791987896, 1.5808486938476562, 0.17905128002166748, 0.0722227692604065] [0.3666679859161377, -0.5400099754333496, 0.31136006116867065, 0.6535259485244751, 1.3023240566253662, 0.06120000407099724]
[0.1868463009595871, -0.1407373547554016, 0.050387896597385406, 1.5839344263076782, 0.17904998362064362, 0.10630127042531967] [0.3666679859161377, -0.5400099754333496, 0.29755404591560364, 0.6842060089111328, 1.309994101524353, 0.06120000407099724]
[0.1861594319343567, -0.1374591439962387, 0.05084724724292755, 1.5909191370010376, 0.17570282518863678, 0.13612455129623413] [0.3666679859161377, -0.5400099754333496, 0.2929520606994629, 0.714885950088501, 1.3161300420761108, 0.06120000407099724]
[0.18535253405570984, -0.13392658531665802, 0.05163443461060524, 1.6006591320037842, 0.16973185539245605, 0.16840386390686035] [0.3666679859161377, -0.5400099754333496, 0.2868160605430603, 0.750167965888977, 1.3299360275268555, 0.06120000407099724]
[0.18414606153964996, -0.12942220270633698, 0.052687469869852066, 1.6183748245239258, 0.16226302087306976, 0.20992828905582428] [0.3666679859161377, -0.5400099754333496, 0.2806800603866577, 0.7869839668273926, 1.3422080278396606, 0.06120000407099724]
[0.18305636942386627, -0.12606103718280792, 0.0531676784157753, 1.6271822452545166, 0.15893976390361786, 0.2413114607334137] [0.3666679859161377, -0.5400099754333496, 0.2730100452899933, 0.8145959973335266, 1.3544800281524658, 0.06120000407099724]
[0.182169109582901, -0.12355554103851318, 0.053547825664281845, 1.6389567852020264, 0.15682880580425262, 0.26494842767715454] [0.3666679859161377, -0.5400099754333496, 0.26534003019332886, 0.8452759981155396, 1.3652180433273315, 0.06120000407099724]
[0.18067584931850433, -0.11975490301847458, 0.054030220955610275, 1.6491745710372925, 0.1536417007446289, 0.3011874556541443] [0.3666679859161377, -0.5400099754333496, 0.25920403003692627, 0.8728879690170288, 1.3698201179504395, 0.06120000407099724]
[0.17947880923748016, -0.11714500188827515, 0.054047778248786926, 1.6526216268539429, 0.15280945599079132, 0.3264404833316803] [0.36820197105407715, -0.5400099754333496, 0.2546020448207855, 0.8928300142288208, 1.371354103088379, 0.06120000407099724]
[0.17842403054237366, -0.1148301213979721, 0.05455627292394638, 1.6580160856246948, 0.14782699942588806, 0.3488628566265106] [0.3697359561920166, -0.5400099754333496, 0.2530680298805237, 0.9250440001487732, 1.3759560585021973, 0.06120000407099724]
[0.17659032344818115, -0.11102598905563354, 0.05483401194214821, 1.6688975095748901, 0.14306709170341492, 0.3851495385169983] [0.37433797121047974, -0.5384759902954102, 0.2500000596046448, 0.9603259563446045, 1.3774900436401367, 0.06120000407099724]
[0.17437802255153656, -0.10688669234514236, 0.05568290129303932, 1.6727062463760376, 0.13594889640808105, 0.42666488885879517] [0.37433797121047974, -0.5384759902954102, 0.24539804458618164, 0.99714195728302, 1.3774900436401367, 0.06120000407099724]
[0.17276209592819214, -0.10428454726934433, 0.05569762364029884, 1.6721075773239136, 0.13471101224422455, 0.4534507393836975] [0.3758719563484192, -0.5384759902954102, 0.2377280443906784, 1.0308899879455566, 1.3851600885391235, 0.06120000407099724]
[0.17095093429088593, -0.10141448676586151, 0.056075189262628555, 1.6828722953796387, 0.13252265751361847, 0.4835130572319031] [0.3758719563484192, -0.5369420051574707, 0.22699004411697388, 1.058501958847046, 1.3958981037139893, 0.06120000407099724]
[0.16900603473186493, -0.09830417484045029, 0.05626993626356125, 1.692043662071228, 0.13144977390766144, 0.5154851675033569] [0.3758719563484192, -0.5369420051574707, 0.21778604388237, 1.0922499895095825, 1.402034044265747, 0.06120000407099724]
[0.16670915484428406, -0.0944322869181633, 0.05637151375412941, 1.6990559101104736, 0.1303088515996933, 0.5538305640220642] [0.3758719563484192, -0.5308059453964233, 0.20704804360866547, 1.129065990447998, 1.406636118888855, 0.06120000407099724]
[0.16356009244918823, -0.08953443914651871, 0.05689207464456558, 1.7086044549942017, 0.12435813248157501, 0.6033264398574829] [0.37740597128868103, -0.5231359601020813, 0.20244604349136353, 1.1612800359725952, 1.4127720594406128, 0.06120000407099724]
[0.16125823557376862, -0.08556057512760162, 0.056911226361989975, 1.7173386812210083, 0.12210571020841599, 0.6410018801689148] [0.37893998622894287, -0.5169999599456787, 0.19324204325675964, 1.1919599771499634, 1.4143060445785522, 0.06120000407099724]
[0.1588878631591797, -0.08291584998369217, 0.05671175196766853, 1.7203699350357056, 0.1228102520108223, 0.6717143058776855] [0.37893998622894287, -0.5139319896697998, 0.18710604310035706, 1.2119020223617554, 1.4143060445785522, 0.06120000407099724]
[0.15723177790641785, -0.08101388067007065, 0.05694802105426788, 1.721672534942627, 0.12053394317626953, 0.6936550736427307] [0.37893998622894287, -0.5139319896697998, 0.17943604290485382, 1.2333779335021973, 1.4143060445785522, 0.06120000407099724]
[0.15511824190616608, -0.07850616425275803, 0.05727522820234299, 1.7220544815063477, 0.11809305846691132, 0.7222538590431213] [0.3804739713668823, -0.5093299746513367, 0.17330004274845123, 1.2533199787139893, 1.4143060445785522, 0.06120000407099724]
[0.15370658040046692, -0.07679329812526703, 0.05735933780670166, 1.7233428955078125, 0.11684224754571915, 0.7412571310997009] [0.37893998622894287, -0.5077959895133972, 0.1686980426311493, 1.2732620239257812, 1.4143060445785522, 0.06120000407099724]
[0.1518770009279251, -0.07499372959136963, 0.05743511766195297, 1.7243683338165283, 0.11596055328845978, 0.763651430606842] [0.37893998622894287, -0.5031939744949341, 0.1625620424747467, 1.2916699647903442, 1.4143060445785522, 0.06120000407099724]
[0.14999333024024963, -0.07200401276350021, 0.05732414126396179, 1.7272005081176758, 0.11501175910234451, 0.7923979163169861] [0.37893998622894287, -0.4909219741821289, 0.15489204227924347, 1.30240797996521, 1.4143060445785522, 0.06120000407099724]
[0.14836734533309937, -0.06909303367137909, 0.057460054755210876, 1.7307995557785034, 0.11168436706066132, 0.8187527060508728] [0.37893998622894287, -0.4771159887313843, 0.14875604212284088, 1.3269519805908203, 1.4143060445785522, 0.06120000407099724]
[0.14599743485450745, -0.06556334346532822, 0.057530149817466736, 1.734694242477417, 0.1087077185511589, 0.8533536195755005] [0.37893998622894287, -0.4587079882621765, 0.139552041888237, 1.3361560106277466, 1.421976089477539, 0.06120000407099724]
[0.1443684697151184, -0.061364274471998215, 0.05721808597445488, 1.7501013278961182, 0.10830870270729065, 0.885502278804779] [0.37893998622894287, -0.4310959577560425, 0.1334160417318344, 1.3361560106277466, 1.4311801195144653, 0.06120000407099724]
[0.14273256063461304, -0.055935557931661606, 0.05720875784754753, 1.7632912397384644, 0.10320716351270676, 0.92253577709198] [0.37893998622894287, -0.40041595697402954, 0.12881404161453247, 1.337689995765686, 1.4311801195144653, 0.06120000407099724]
[0.14143361151218414, -0.05179955065250397, 0.05718763917684555, 1.7699965238571167, 0.09920917451381683, 0.9502822756767273] [0.37893998622894287, -0.37126997113227844, 0.12421204149723053, 1.3361560106277466, 1.4342480897903442, 0.06120000407099724]
[0.14009860157966614, -0.04755684360861778, 0.05717771127820015, 1.7766444683074951, 0.09508328884840012, 0.9780061841011047] [0.37893998622894287, -0.3405899703502655, 0.11961004137992859, 1.3361560106277466, 1.4373160600662231, 0.06120000407099724]
[0.1387947052717209, -0.04395519942045212, 0.05734444037079811, 1.7825610637664795, 0.09030035883188248, 1.0022845268249512] [0.37893998622894287, -0.317579984664917, 0.1165420413017273, 1.3361560106277466, 1.4373160600662231, 0.06120000407099724]
[0.1375124156475067, -0.040810178965330124, 0.05731610581278801, 1.7873820066452026, 0.08776599913835526, 1.0241464376449585] [0.37893998622894287, -0.30377396941185, 0.11194004118442535, 1.3361560106277466, 1.4373160600662231, 0.06120000407099724]
[0.1365029662847519, -0.03856669366359711, 0.05715881288051605, 1.7893691062927246, 0.08709759265184402, 1.040198564529419] [0.37893998622894287, -0.2884339690208435, 0.10733804106712341, 1.3361560106277466, 1.4373160600662231, 0.06120000407099724]
[0.135862797498703, -0.03738795593380928, 0.05720971152186394, 1.789078712463379, 0.08551426976919174, 1.0494099855422974] [0.37740597128868103, -0.28383195400238037, 0.10427004098892212, 1.337689995765686, 1.4357820749282837, 0.06120000407099724]
[0.13582724332809448, -0.0373137928545475, 0.05722906067967415, 1.7821868658065796, 0.089474156498909, 1.0515106916427612] [0.3728039860725403, -0.28383195400238037, 0.09660004079341888, 1.337689995765686, 1.4357820749282837, 0.06120000407099724]
[0.13564512133598328, -0.037176284939050674, 0.05730612576007843, 1.7754278182983398, 0.09295152872800827, 1.0549944639205933] [0.3666679859161377, -0.28383195400238037, 0.08893004059791565, 1.3392239809036255, 1.4357820749282837, 0.06120000407099724]
[0.13553495705127716, -0.03729940578341484, 0.05723176896572113, 1.7748774290084839, 0.09498057514429092, 1.0558604001998901] [0.36513397097587585, -0.28996795415878296, 0.08893004059791565, 1.3438260555267334, 1.4357820749282837, 0.06120000407099724]
[0.1358155608177185, -0.0395488440990448, 0.057161834090948105, 1.7691395282745361, 0.09879826754331589, 1.0459859371185303] [0.363599956035614, -0.30684196949005127, 0.087396040558815, 1.3530299663543701, 1.4373160600662231, 0.06120000407099724]
[0.13531404733657837, -0.04144512116909027, 0.057370297610759735, 1.7672768831253052, 0.09945297986268997, 1.043026089668274] [0.36206597089767456, -0.3237159848213196, 0.08586204051971436, 1.372972011566162, 1.4373160600662231, 0.06120000407099724]
[0.1342301070690155, -0.04128548875451088, 0.05765267834067345, 1.7660319805145264, 0.09848663955926895, 1.0526167154312134] [0.36206597089767456, -0.3267839550971985, 0.08279404044151306, 1.37910795211792, 1.4373160600662231, 0.06120000407099724]
[0.13383401930332184, -0.04198746755719185, 0.05766613408923149, 1.7635831832885742, 0.100455641746521, 1.0534477233886719] [0.3605319857597351, -0.33598798513412476, 0.07972604036331177, 1.3883119821548462, 1.4373160600662231, 0.06120000407099724]
[0.13367322087287903, -0.043700750917196274, 0.057567015290260315, 1.7630778551101685, 0.10362601280212402, 1.0480678081512451] [0.35899797081947327, -0.3543959856033325, 0.07972604036331177, 1.4021179676055908, 1.4373160600662231, 0.06120000407099724]
[0.13332168757915497, -0.04584311321377754, 0.057708147913217545, 1.7609003782272339, 0.10530708730220795, 1.0421942472457886] [0.3605319857597351, -0.37740597128868103, 0.07972604036331177, 1.418992042541504, 1.4373160600662231, 0.06120000407099724]
[0.13313215970993042, -0.04931715130805969, 0.05778760090470314, 1.7570728063583374, 0.10928183048963547, 1.0289931297302246] [0.35899797081947327, -0.4126879572868347, 0.07819204032421112, 1.4266619682312012, 1.4373160600662231, 0.06120000407099724]
[0.1338355541229248, -0.05273527652025223, 0.05752412602305412, 1.752711296081543, 0.11567748337984085, 1.0084463357925415] [0.3605319857597351, -0.4387659728527069, 0.07972604036331177, 1.42972993850708, 1.4373160600662231, 0.06120000407099724]
[0.13460125029087067, -0.05624326318502426, 0.05721650272607803, 1.7465004920959473, 0.12246076762676239, 0.9863874316215515] [0.35899797081947327, -0.4648439884185791, 0.07972604036331177, 1.431264042854309, 1.4373160600662231, 0.06120000407099724]
[0.13575389981269836, -0.060371033847332, 0.057034995406866074, 1.7409298419952393, 0.13007381558418274, 0.9582124948501587] [0.35899797081947327, -0.4939899742603302, 0.07972604036331177, 1.431264042854309, 1.4373160600662231, 0.06120000407099724]
[0.1366795003414154, -0.06410188972949982, 0.05685457959771156, 1.7341376543045044, 0.1360509991645813, 0.9326245188713074] [0.3605319857597351, -0.5200679898262024, 0.08279404044151306, 1.431264042854309, 1.4373160600662231, 0.06120000407099724]
[0.1378011256456375, -0.06840203702449799, 0.05682678520679474, 1.7294864654541016, 0.14172136783599854, 0.9020915627479553] [0.3605319857597351, -0.5599519610404968, 0.08586204051971436, 1.42972993850708, 1.4357820749282837, 0.06120000407099724]
[0.1386791616678238, -0.07351726293563843, 0.05642635375261307, 1.7213521003723145, 0.15084849298000336, 0.8676462173461914] [0.35899797081947327, -0.5829619765281677, 0.08586204051971436, 1.42972993850708, 1.4357820749282837, 0.06120000407099724]
[0.13940274715423584, -0.07865207642316818, 0.0561535581946373, 1.7130423784255981, 0.16020303964614868, 0.8333448767662048] [0.35899797081947327, -0.6121079921722412, 0.087396040558815, 1.42972993850708, 1.4373160600662231, 0.06120000407099724]
[0.13982734084129333, -0.08178982138633728, 0.05623329430818558, 1.7066917419433594, 0.164701908826828, 0.8122166395187378] [0.35899797081947327, -0.6351180076599121, 0.087396040558815, 1.42972993850708, 1.4357820749282837, 0.06120000407099724]
[0.14016100764274597, -0.08471976965665817, 0.05631480738520622, 1.7034355401992798, 0.1682746261358261, 0.7923188805580139] [0.35899797081947327, -0.6565939784049988, 0.087396040558815, 1.42972993850708, 1.4357820749282837, 0.06120000407099724]
[0.14044798910617828, -0.08877207338809967, 0.05618717521429062, 1.6948938369750977, 0.17508870363235474, 0.7652697563171387] [0.35899797081947327, -0.6888079643249512, 0.087396040558815, 1.42972993850708, 1.4373160600662231, 0.06120000407099724]
[0.1406143754720688, -0.09215347468852997, 0.05614468455314636, 1.69044029712677, 0.18062256276607513, 0.7426672577857971] [0.35899797081947327, -0.7056819796562195, 0.087396040558815, 1.42972993850708, 1.4373160600662231, 0.06120000407099724]
[0.14071835577487946, -0.09598866105079651, 0.0561455562710762, 1.6865631341934204, 0.18673120439052582, 0.7169830799102783] [0.35899797081947327, -0.7302259802818298, 0.08586204051971436, 1.42972993850708, 1.44498610496521, 0.06120000407099724]
[0.14068838953971863, -0.09936287254095078, 0.056049883365631104, 1.6862882375717163, 0.19344912469387054, 0.6946280598640442] [0.35899797081947327, -0.7593719959259033, 0.08586204051971436, 1.42972993850708, 1.4511220455169678, 0.06120000407099724]
[0.1406208723783493, -0.10319764912128448, 0.056135136634111404, 1.6836366653442383, 0.19922229647636414, 0.6687973141670227] [0.35899797081947327, -0.788517951965332, 0.08586204051971436, 1.42972993850708, 1.4511220455169678, 0.06120000407099724]
[0.1402321308851242, -0.10949906706809998, 0.05609423667192459, 1.6712013483047485, 0.20980580151081085, 0.6264348030090332] [0.35899797081947327, -0.8284019827842712, 0.08432804048061371, 1.42972993850708, 1.4511220455169678, 0.06120000407099724]
[0.13973790407180786, -0.11443483829498291, 0.056092891842126846, 1.661109447479248, 0.2180793732404709, 0.5930576920509338] [0.3605319857597351, -0.8667519688606262, 0.08126004040241241, 1.4281959533691406, 1.4511220455169678, 0.06120000407099724]
[0.13892696797847748, -0.12164297699928284, 0.05597085505723953, 1.6466467380523682, 0.23048153519630432, 0.5427469611167908] [0.3605319857597351, -0.9081699848175049, 0.08126004040241241, 1.4251279830932617, 1.4511220455169678, 0.06120000407099724]
[0.13817940652370453, -0.12705132365226746, 0.05601412430405617, 1.6356099843978882, 0.2386239469051361, 0.5042470693588257] [0.36206597089767456, -0.9495880007743835, 0.08126004040241241, 1.4235939979553223, 1.4495880603790283, 0.06120000407099724]
[0.1372240036725998, -0.13228948414325714, 0.056375373154878616, 1.6238552331924438, 0.24472934007644653, 0.4669729471206665] [0.363599956035614, -0.9864040017127991, 0.07972604036331177, 1.4159239530563354, 1.4511220455169678, 0.06120000407099724]
[0.13584654033184052, -0.14021676778793335, 0.0564722865819931, 1.6057411432266235, 0.25649574398994446, 0.40808698534965515] [0.36513397097587585, -1.0278220176696777, 0.07972604036331177, 1.4097880125045776, 1.4511220455169678, 0.06120000407099724]
[0.13502563536167145, -0.14603735506534576, 0.056545354425907135, 1.5920971632003784, 0.2640400826931, 0.3627467751502991] [0.36513397097587585, -1.0615699291229248, 0.07819204032421112, 1.4005839824676514, 1.4495880603790283, 0.06120000407099724]
[0.13316085934638977, -0.1513744443655014, 0.056590791791677475, 1.5781207084655762, 0.27307531237602234, 0.32387545704841614] [0.36820197105407715, -1.0999200344085693, 0.07665804028511047, 1.399049997329712, 1.4495880603790283, 0.06120000407099724]
[0.13116948306560516, -0.1570136994123459, 0.05698264390230179, 1.5631333589553833, 0.28056076169013977, 0.2815650403499603] [0.36820197105407715, -1.1398040056228638, 0.07359004020690918, 1.395982027053833, 1.4495880603790283, 0.06120000407099724]
[0.12864381074905396, -0.16261295974254608, 0.05698426067829132, 1.5477246046066284, 0.29191774129867554, 0.23946551978588104] [0.3697359561920166, -1.1689499616622925, 0.06745404005050659, 1.395982027053833, 1.4495880603790283, 0.06120000407099724]
[0.1272110790014267, -0.16550058126449585, 0.05716468766331673, 1.5393736362457275, 0.2966824769973755, 0.21744562685489655] [0.3697359561920166, -1.1888920068740845, 0.0643860399723053, 1.392914056777954, 1.4495880603790283, 0.06080000475049019]
[0.12585659325122833, -0.16811266541481018, 0.05693897604942322, 1.531164288520813, 0.3042008876800537, 0.19720588624477386] [0.36820197105407715, -1.2134360074996948, 0.05825003981590271, 1.392914056777954, 1.4480540752410889, 0.06120000407099724]
[0.12468154728412628, -0.16996923089027405, 0.057020146399736404, 1.5254732370376587, 0.30813848972320557, 0.18303470313549042] [0.3697359561920166, -1.2195719480514526, 0.05671603977680206, 1.392914056777954, 1.4480540752410889, 0.06120000407099724]
[0.1247212365269661, -0.1701396405696869, 0.056983932852745056, 1.5234522819519043, 0.3082543909549713, 0.18142947554588318] [0.36820197105407715, -1.2195719480514526, 0.05825003981590271, 1.3944480419158936, 1.4480540752410889, 0.06120000407099724]
[0.12472671270370483, -0.17013774812221527, 0.057001907378435135, 1.5249862670898438, 0.3082543909549713, 0.18142947554588318] [0.3697359561920166, -1.2180379629135132, 0.05671603977680206, 1.3944480419158936, 1.4480540752410889, 0.06120000407099724]
[0.12468154728412628, -0.16996923089027405, 0.057020146399736404, 1.5254732370376587, 0.30813848972320557, 0.18303470313549042] [0.3697359561920166, -1.2180379629135132, 0.05671603977680206, 1.392914056777954, 1.4480540752410889, 0.06120000407099724]
[0.1248297467827797, -0.1699354350566864, 0.05696197599172592, 1.5255584716796875, 0.3081539273262024, 0.18303333222866058] [0.3697359561920166, -1.2180379629135132, 0.05671603977680206, 1.392914056777954, 1.4495880603790283, 0.06120000407099724]
[0.12477888911962509, -0.16976888477802277, 0.05696234107017517, 1.5245112180709839, 0.3080371022224426, 0.18463842570781708] [0.3697359561920166, -1.2180379629135132, 0.05671603977680206, 1.392914056777954, 1.4495880603790283, 0.06120000407099724]
[0.12475807964801788, -0.16993732750415802, 0.05675257369875908, 1.5243176221847534, 0.3096623122692108, 0.183122456073761] [0.37126997113227844, -1.2165039777755737, 0.05671603977680206, 1.392914056777954, 1.4480540752410889, 0.06120000407099724]
[0.12501919269561768, -0.1691611260175705, 0.056651655584573746, 1.52652907371521, 0.3092344403266907, 0.18954110145568848] [0.37126997113227844, -1.2149699926376343, 0.05825003981590271, 1.3944480419158936, 1.4495880603790283, 0.06120000407099724]
[0.12508131563663483, -0.16916194558143616, 0.056835196912288666, 1.5282944440841675, 0.3077288866043091, 0.18941667675971985] [0.37126997113227844, -1.2119020223617554, 0.05825003981590271, 1.3944480419158936, 1.4480540752410889, 0.06120000407099724]
[0.12517744302749634, -0.16896092891693115, 0.056777678430080414, 1.5273338556289673, 0.30762365460395813, 0.19101978838443756] [0.3728039860725403, -1.2119020223617554, 0.05825003981590271, 1.3944480419158936, 1.4480540752410889, 0.06120000407099724]
[0.125379741191864, -0.16855460405349731, 0.05669891834259033, 1.528480052947998, 0.3074105679988861, 0.19422580301761627] [0.37126997113227844, -1.210368037223816, 0.05825003981590271, 1.3944480419158936, 1.4480540752410889, 0.06120000407099724]
[0.125379741191864, -0.16855460405349731, 0.05669891834259033, 1.528480052947998, 0.3074105679988861, 0.19422580301761627] [0.37126997113227844, -1.208833932876587, 0.05825003981590271, 1.3944480419158936, 1.4480540752410889, 0.06120000407099724]
[0.125379741191864, -0.16855460405349731, 0.05669891834259033, 1.528480052947998, 0.3074105679988861, 0.19422580301761627] [0.37126997113227844, -1.210368037223816, 0.05825003981590271, 1.3944480419158936, 1.4495880603790283, 0.06120000407099724]
[0.125379741191864, -0.16855460405349731, 0.05669891834259033, 1.528480052947998, 0.3074105679988861, 0.19422580301761627] [0.37126997113227844, -1.208833932876587, 0.05825003981590271, 1.3944480419158936, 1.4480540752410889, 0.06120000407099724]
[0.12527872622013092, -0.1687578558921814, 0.056738242506980896, 1.5279070138931274, 0.3075175881385803, 0.1926228106021881] [0.37126997113227844, -1.210368037223816, 0.05825003981590271, 1.3944480419158936, 1.4480540752410889, 0.06120000407099724]
[0.12527872622013092, -0.1687578558921814, 0.056738242506980896, 1.5279070138931274, 0.3075175881385803, 0.1926228106021881] [0.37126997113227844, -1.208833932876587, 0.05978403985500336, 1.3944480419158936, 1.4480540752410889, 0.06120000407099724]
[0.12533517181873322, -0.16876068711280823, 0.05690388381481171, 1.5281379222869873, 0.30601218342781067, 0.19249626994132996] [0.3697359561920166, -1.210368037223816, 0.06592004001140594, 1.395982027053833, 1.4495880603790283, 0.06120000407099724]
[0.12663713097572327, -0.16818054020404816, 0.05983150005340576, 1.5294429063796997, 0.28010597825050354, 0.19542285799980164] [0.3574639558792114, -1.205765962600708, 0.08126004040241241, 1.3944480419158936, 1.4495880603790283, 0.06120000407099724]
[0.12716054916381836, -0.16821667551994324, 0.06155084818601608, 1.532778263092041, 0.2650550901889801, 0.19417978823184967] [0.3574639558792114, -1.205765962600708, 0.0904640406370163, 1.3944480419158936, 1.4480540752410889, 0.06120000407099724]
[0.12784503400325775, -0.16807183623313904, 0.0635402500629425, 1.5340745449066162, 0.24689370393753052, 0.1942261904478073] [0.35132795572280884, -1.2042319774627686, 0.11961004137992859, 1.3944480419158936, 1.4480540752410889, 0.06120000407099724]
[0.12938298285007477, -0.1675959676504135, 0.06819874793291092, 1.5383011102676392, 0.2059660106897354, 0.19569815695285797] [0.3405899703502655, -1.1980960369110107, 0.15182404220104218, 1.3944480419158936, 1.4480540752410889, 0.06120000407099724]
[0.1303831934928894, -0.16754762828350067, 0.0722331777215004, 1.54166841506958, 0.17127297818660736, 0.19441549479961395] [0.3375219702720642, -1.1980960369110107, 0.165630042552948, 1.3944480419158936, 1.4480540752410889, 0.06120000407099724]
[0.13045156002044678, -0.16756679117679596, 0.07257592678070068, 1.5421581268310547, 0.16826583445072174, 0.19412828981876373] [0.3375219702720642, -1.1980960369110107, 0.16716404259204865, 1.3944480419158936, 1.4480540752410889, 0.06120000407099724]
