[0.0648481622338295, -0.19908057153224945, 0.2972509264945984, -3.0837244987487793, 0.3468915522098541, -0.4228307604789734] [0.3436579704284668, -0.39734798669815063, 1.5585020780563354, 0.04145996272563934, 1.8070100545883179, 0.9968000054359436, -1.2977221012115479, -1.2947380542755127]
[0.06491348892450333, -0.1990521252155304, 0.29723307490348816, -3.0853681564331055, 0.3471362590789795, -0.4228098392486572] [0.34519195556640625, -0.39734798669815063, 1.5585020780563354, 0.04145996272563934, 1.8070100545883179, 0.9971999526023865, -1.2701101303100586, -1.2563879489898682]
[0.059238992631435394, -0.19453445076942444, 0.30742114782333374, -3.104952096939087, 0.2981393039226532, -0.3963254988193512] [0.3543959856033325, -0.37740597128868103, 1.5124820470809937, 0.055265963077545166, 1.80087411403656, 0.06600000709295273, -1.2409640550613403, -1.2165039777755737]
[0.061101581901311874, -0.1910090446472168, 0.3107897937297821, -3.1306447982788086, 0.2753208577632904, -0.37588247656822205] [0.3436579704284668, -0.3666679859161377, 1.4772000312805176, 0.07520796358585358, 1.7962720394134521, 0.06600000709295273, -1.236362099647522, -1.2072999477386475]
[0.06176038086414337, -0.189627543091774, 0.31581130623817444, 3.1173441410064697, 0.23785607516765594, -0.3643960952758789] [0.33905595541000366, -0.3666679859161377, 1.4296460151672363, 0.10742195695638657, 1.7947380542755127, 0.06600000709295273, -1.2286920547485352, -1.1996300220489502]
[0.06183352693915367, -0.1880137324333191, 0.3198845386505127, 3.0769269466400146, 0.208103209733963, -0.35236412286758423] [0.33905595541000366, -0.3666679859161377, 1.3928301334381104, 0.12582996487617493, 1.7932040691375732, 0.06600000709295273, -1.2179540395736694, -1.1888920068740845]
[0.0611935630440712, -0.18650156259536743, 0.3234483599662781, 3.0450944900512695, 0.18211808800697327, -0.3408645689487457] [0.33905595541000366, -0.36513397097587585, 1.351412057876587, 0.15344196557998657, 1.7932040691375732, 0.06600000709295273, -1.2056820392608643, -1.1750860214233398]
[0.060916997492313385, -0.18326237797737122, 0.3280470371246338, 3.012277364730835, 0.14864803850650787, -0.3188217878341675] [0.3405899703502655, -0.355929970741272, 1.309994101524353, 0.17491796612739563, 1.7932040691375732, 0.06560000032186508, -1.193410038948059, -1.1612800359725952]
[0.061467245221138, -0.17644540965557098, 0.33100664615631104, 2.979705572128296, 0.12874944508075714, -0.2814300060272217] [0.3405899703502655, -0.3267839550971985, 1.2624400854110718, 0.18565596640110016, 1.7932040691375732, 0.06600000709295273, -1.1796040534973145, -1.1459399461746216]
[0.06210913881659508, -0.16801698505878448, 0.33383166790008545, 2.945924997329712, 0.10982067137956619, -0.2366509884595871] [0.3405899703502655, -0.2915019690990448, 1.221022129058838, 0.20713196694850922, 1.7717280387878418, 0.07120000571012497, -1.1611961126327515, -1.129065990447998]
[0.0625685602426529, -0.1580440104007721, 0.3377784490585327, 2.8725194931030273, 0.08147203177213669, -0.18621796369552612] [0.3405899703502655, -0.24854996800422668, 1.178070068359375, 0.22860796749591827, 1.6704840660095215, 0.2667999863624573, -1.1489241123199463, -1.113726019859314]
[0.06275596469640732, -0.14589586853981018, 0.3414306640625, 2.762009382247925, 0.050840798765420914, -0.1267499327659607] [0.3405899703502655, -0.20866596698760986, 1.1443220376968384, 0.2623559832572937, 1.6382701396942139, 0.07040000706911087, -1.1289820671081543, -1.0953179597854614]
[0.06179824844002724, -0.13319191336631775, 0.347072035074234, 2.7059507369995117, 0.009122966788709164, -0.06090499833226204] [0.33905595541000366, -0.1672479659318924, 1.1059720516204834, 0.2945699691772461, 1.5278220176696777, 0.2287999987602234, -1.1090400218963623, -1.0723079442977905]
[0.05943302810192108, -0.12086333334445953, 0.3519819974899292, 2.5742340087890625, -0.029452282935380936, 0.00031982228392735124] [0.33905595541000366, -0.12736396491527557, 1.0645540952682495, 0.3145119547843933, 1.4864040613174438, 0.11800000071525574, -1.0890980958938599, -1.0492980480194092]
[0.05517682805657387, -0.10822389274835587, 0.357308030128479, 2.454694986343384, -0.0689842700958252, 0.06452649086713791] [0.33905595541000366, -0.09514996409416199, 1.023136019706726, 0.33905595541000366, 1.421976089477539, 0.05840000510215759, -1.0691560506820679, -1.0293560028076172]
[0.050891708582639694, -0.09851808845996857, 0.362626314163208, 2.4080543518066406, -0.10724326968193054, 0.12140373885631561] [0.33905595541000366, -0.061401963233947754, 0.9801840782165527, 0.3697359561920166, 1.4143060445785522, 0.06920000165700912, -1.0507481098175049, -1.0094139575958252]
[0.046167392283678055, -0.0877949669957161, 0.3671495318412781, 2.355431079864502, -0.139912411570549, 0.18386279046535492] [0.3405899703502655, -0.03378996253013611, 0.9356980323791504, 0.40041595697402954, 1.3928301334381104, 0.06920000165700912, -1.0354080200195312, -0.9940739870071411]
[0.04080742970108986, -0.07868285477161407, 0.37168848514556885, 2.2782719135284424, -0.17648284137248993, 0.24316130578517914] [0.33905595541000366, -0.01231396198272705, 0.8912120461463928, 0.4387659728527069, 1.3759560585021973, 0.06920000165700912, -1.0216020345687866, -0.9818019866943359]
[0.03655131906270981, -0.07197371870279312, 0.3739328682422638, 2.215974807739258, -0.19694620370864868, 0.29114142060279846] [0.33905595541000366, 0.006094038486480713, 0.8298520445823669, 0.4801839590072632, 1.3621500730514526, 0.06920000165700912, -1.0093300342559814, -0.9695299863815308]
[0.023950772359967232, -0.051595211029052734, 0.3732388913631439, 1.9772089719772339, -0.21015362441539764, 0.4750650227069855] [0.3497939705848694, 0.004560038447380066, 0.5583340525627136, 0.6565939784049988, 1.3621500730514526, 0.06920000165700912, -1.0031940937042236, -0.9679960012435913]
[0.011079884134232998, -0.03430493175983429, 0.3661513328552246, 1.7758989334106445, -0.16834533214569092, 0.6587633490562439] [0.3528619706630707, 0.009162038564682007, 0.3589140474796295, 0.7716439962387085, 1.3621500730514526, 0.06920000165700912, -1.0031940937042236, -0.9679960012435913]
[0.0022852313704788685, -0.023700691759586334, 0.3613678514957428, 1.6876579523086548, -0.13354305922985077, 0.7659565806388855] [0.3543959856033325, 0.030638039112091064, 0.3251660466194153, 0.7931199669837952, 1.3621500730514526, 0.06920000165700912, -1.0031940937042236, -0.9679960012435913]
[-0.0014265307690948248, -0.01861163042485714, 0.3624905049800873, 1.685683250427246, -0.14290261268615723, 0.8062662482261658] [0.3543959856033325, 0.05671603977680206, 0.32056403160095215, 0.8253339529037476, 1.363684058189392, 0.06920000165700912, -1.0001261234283447, -0.9664620161056519]
[-0.007738171610981226, -0.010885773226618767, 0.3628290891647339, 1.6780976057052612, -0.14870557188987732, 0.8739926218986511] [0.3574639558792114, 0.07819204032421112, 0.3128940463066101, 0.854479968547821, 1.363684058189392, 0.06920000165700912, -0.9985920786857605, -0.9664620161056519]
[-0.011537034064531326, -0.00671894196420908, 0.36241140961647034, 1.6739314794540405, -0.1491866409778595, 0.9125480055809021] [0.36206597089767456, 0.09506604075431824, 0.2990880608558655, 0.8805580139160156, 1.363684058189392, 0.06920000165700912, -0.9985920786857605, -0.9633939862251282]
[-0.014800557866692543, -0.0045336452312767506, 0.3599289655685425, 1.6662938594818115, -0.13721096515655518, 0.9428226351737976] [0.3758719563484192, 0.09506604075431824, 0.27761203050613403, 0.8974319696426392, 1.3652180433273315, 0.06920000165700912, -0.9878540635108948, -0.9526559710502625]
[-0.018116232007741928, -0.003322233445942402, 0.35634469985961914, 1.6555633544921875, -0.1181589663028717, 0.962253987789154] [0.39121198654174805, 0.09353204071521759, 0.2546020448207855, 0.9173740148544312, 1.3652180433273315, 0.06920000165700912, -0.9709800481796265, -0.9357819557189941]
[-0.023870741948485374, -0.0014234132831916213, 0.3538249731063843, 1.6458215713500977, -0.10811418294906616, 0.9971280097961426] [0.4096199870109558, 0.09506604075431824, 0.2346600443124771, 0.9480539560317993, 1.3652180433273315, 0.06920000165700912, -0.9541060924530029, -0.9173740148544312]
[-0.029749944806098938, 6.758543895557523e-05, 0.3512798547744751, 1.6419905424118042, -0.0999336764216423, 1.0265921354293823] [0.43416398763656616, 0.09353204071521759, 0.22392204403877258, 0.9756659865379333, 1.3728880882263184, 0.06920000165700912, -0.9372320771217346, -0.905102014541626]
[-0.03433789312839508, 0.0010203359415754676, 0.3506360352039337, 1.6439601182937622, -0.10014673322439194, 1.0519373416900635] [0.44643598794937134, 0.08893004059791565, 0.2116500437259674, 1.0094139575958252, 1.3851600885391235, 0.06920000165700912, -0.9264940619468689, -0.8928300142288208]
[-0.03906651958823204, 0.0010626373114064336, 0.3511134684085846, 1.6436502933502197, -0.10233136266469955, 1.0744218826293945] [0.4479699730873108, 0.07819204032421112, 0.2085820436477661, 1.0462299585342407, 1.4127720594406128, 0.06920000165700912, -0.9126880764961243, -0.8805580139160156]
[-0.04449257254600525, -0.00016619771486148238, 0.3535385727882385, 1.6541332006454468, -0.11710479855537415, 1.0983000993728638] [0.44950395822525024, 0.0643860399723053, 0.2085820436477661, 1.0769100189208984, 1.4265780448913574, 0.06880000233650208, -0.9019500613212585, -0.8713539838790894]
[-0.049528662115335464, 0.000854128273203969, 0.3538479506969452, 1.651917815208435, -0.12030526250600815, 1.1272047758102417] [0.4587079882621765, 0.0643860399723053, 0.19631004333496094, 1.0953179597854614, 1.4357820749282837, 0.06920000165700912, -0.8912120461463928, -0.8606159687042236]
[-0.05292060971260071, 0.0016670948825776577, 0.3511281907558441, 1.6549675464630127, -0.10386636853218079, 1.1426947116851807] [0.4709799885749817, 0.0643860399723053, 0.17330004274845123, 1.1121920347213745, 1.4465200901031494, 0.06920000165700912, -0.8835420608520508, -0.8529459834098816]
[-0.057417694479227066, 0.002523077419027686, 0.34784483909606934, 1.6611902713775635, -0.08777279406785965, 1.1682921648025513] [0.49552398920059204, 0.061318039894104004, 0.15029004216194153, 1.132133960723877, 1.4511220455169678, 0.06920000165700912, -0.8774060606956482, -0.8498779535293579]
[-0.059559885412454605, 0.0018518890719860792, 0.3426717221736908, 1.6598690748214722, -0.05828956514596939, 1.1729851961135864] [0.5108639597892761, 0.050580039620399475, 0.13188204169273376, 1.1367360353469849, 1.460326075553894, 0.06920000165700912, -0.8743380308151245, -0.846809983253479]
[-0.059805382043123245, 0.0010058486368507147, 0.3424554467201233, 1.6684892177581787, -0.05631472170352936, 1.1687493324279785] [0.5108639597892761, 0.045978039503097534, 0.13034804165363312, 1.1398040056228638, 1.4679961204528809, 0.06920000165700912, -0.8743380308151245, -0.8452759981155396]
[-0.06019724905490875, 0.0009963690536096692, 0.34236398339271545, 1.6714502573013306, -0.05457325652241707, 1.169445276260376] [0.5123980045318604, 0.045978039503097534, 0.12881404161453247, 1.1413379907608032, 1.4679961204528809, 0.06920000165700912, -0.8728040456771851, -0.8452759981155396]
[-0.06063657999038696, 0.0011871964670717716, 0.34230005741119385, 1.6696598529815674, -0.05410559102892876, 1.1713098287582397] [0.5123980045318604, 0.045978039503097534, 0.12728004157543182, 1.1398040056228638, 1.4695301055908203, 0.06920000165700912, -0.8728040456771851, -0.8452759981155396]
[-0.06051797419786453, 0.0010047658579424024, 0.34215375781059265, 1.670353651046753, -0.052518170326948166, 1.1700875759124756] [0.5108639597892761, 0.045978039503097534, 0.12574604153633118, 1.1352019309997559, 1.4695301055908203, 0.06920000165700912, -0.8728040456771851, -0.846809983253479]
[-0.05955319479107857, 0.0007902447250671685, 0.3419363796710968, 1.67063570022583, -0.05039549246430397, 1.161022663116455] [0.5108639597892761, 0.045978039503097534, 0.12574604153633118, 1.1244640350341797, 1.4695301055908203, 0.06920000165700912, -0.8743380308151245, -0.8483439683914185]
[-0.05760388448834419, 0.00017299564206041396, 0.341645747423172, 1.6729778051376343, -0.04817754775285721, 1.144181251525879] [0.5108639597892761, 0.04444403946399689, 0.12728004157543182, 1.1121920347213745, 1.4695301055908203, 0.06920000165700912, -0.8758720755577087, -0.8498779535293579]
[-0.056856077164411545, -2.6688756406656466e-05, 0.34124574065208435, 1.6723538637161255, -0.04491974413394928, 1.1398797035217285] [0.5108639597892761, 0.04444403946399689, 0.12574604153633118, 1.1075899600982666, 1.4679961204528809, 0.06920000165700912, -0.8789400458335876, -0.854479968547821]
[-0.05508622154593468, -0.0005520621780306101, 0.34120261669158936, 1.6740840673446655, -0.04320641607046127, 1.1275413036346436] [0.5093299746513367, 0.04291003942489624, 0.12574604153633118, 1.093783974647522, 1.4679961204528809, 0.06920000165700912, -0.8850760459899902, -0.8636839985847473]
[-0.05178249254822731, -0.0015917652053758502, 0.3405558168888092, 1.6690133810043335, -0.03709428757429123, 1.1048853397369385] [0.5047279596328735, 0.039842039346694946, 0.12728004157543182, 1.0723079442977905, 1.460326075553894, 0.06920000165700912, -0.895814061164856, -0.8774899840354919]
[-0.04837384447455406, -0.002229620236903429, 0.3406197428703308, 1.6684215068817139, -0.03334362059831619, 1.0883835554122925] [0.4970579743385315, 0.0383080393075943, 0.12728004157543182, 1.058501958847046, 1.4572581052780151, 0.06920000165700912, -0.9142220616340637, -0.8928300142288208]
[-0.044550225138664246, -0.002909441478550434, 0.33938169479370117, 1.67849600315094, -0.025228355079889297, 1.072740077972412] [0.4939899742603302, 0.0383080393075943, 0.13034804165363312, 1.0416280031204224, 1.4572581052780151, 0.06920000165700912, -0.9295620918273926, -0.9081699848175049]
[-0.03935931622982025, -0.003908634651452303, 0.3384181261062622, 1.691188097000122, -0.018243571743369102, 1.0473356246948242] [0.49245595932006836, 0.0383080393075943, 0.13495004177093506, 1.0155500173568726, 1.4557241201400757, 0.06920000165700912, -0.9433680772781372, -0.923509955406189]
[-0.0353701189160347, -0.004425121005624533, 0.33774858713150024, 1.694339394569397, -0.009304618462920189, 1.0304911136627197] [0.47864997386932373, 0.0383080393075943, 0.13495004177093506, 1.0032780170440674, 1.4434521198272705, 0.06920000165700912, -0.9587080478668213, -0.9357819557189941]
[-0.029185179620981216, -0.005204667337238789, 0.33747008442878723, 1.6731151342391968, 0.0011898718075826764, 1.0068249702453613] [0.4648439884185791, 0.0383080393075943, 0.13495004177093506, 0.9818019866943359, 1.425044059753418, 0.06920000165700912, -0.9709800481796265, -0.9480539560317993]
[-0.023872949182987213, -0.006376760080456734, 0.33788055181503296, 1.6520768404006958, 0.006595888175070286, 0.9802877306938171] [0.4449019730091095, 0.0383080393075943, 0.13495004177093506, 0.9572579860687256, 1.406636118888855, 0.06920000165700912, -0.9863200783729553, -0.9633939862251282]
[-0.020404445007443428, -0.007122834678739309, 0.3380645513534546, 1.638057827949524, 0.009660114534199238, 0.965207040309906] [0.4280279874801636, 0.0383080393075943, 0.13495004177093506, 0.9357819557189941, 1.3974320888519287, 0.06920000165700912, -1.004728078842163, -0.9818019866943359]
[-0.014420717023313046, -0.008397127501666546, 0.33847662806510925, 1.620522379875183, 0.013445799238979816, 0.9429665207862854] [0.4096199870109558, 0.0383080393075943, 0.13495004177093506, 0.923509955406189, 1.3851600885391235, 0.06920000165700912, -1.0200680494308472, -1.0002100467681885]
[-0.011079945601522923, -0.008718115277588367, 0.33867502212524414, 1.6122143268585205, 0.01447399239987135, 0.9388833045959473] [0.3927459716796875, 0.0383080393075943, 0.13495004177093506, 0.9173740148544312, 1.3728880882263184, 0.06920000165700912, -1.0338740348815918, -1.0109479427337646]
[-0.007367297541350126, -0.00955262128263712, 0.33842819929122925, 1.607139229774475, 0.018155667930841446, 0.9256461262702942] [0.3835419714450836, 0.0383080393075943, 0.13495004177093506, 0.905102014541626, 1.371354103088379, 0.06880000233650208, -1.043078064918518, -1.0232199430465698]
[-0.0032748107332736254, -0.010771840810775757, 0.33865460753440857, 1.599326729774475, 0.020446432754397392, 0.9093384146690369] [0.3666679859161377, 0.0383080393075943, 0.13495004177093506, 0.885159969329834, 1.3606160879135132, 0.06920000165700912, -1.06302011013031, -1.040094017982483]
[-2.2567079213331454e-05, -0.01140985544770956, 0.33901357650756836, 1.5911798477172852, 0.021371934562921524, 0.8974798917770386] [0.34825998544692993, 0.0383080393075943, 0.13495004177093506, 0.8713539838790894, 1.3544800281524658, 0.06920000165700912, -1.081428050994873, -1.0600359439849854]
[0.003949170466512442, -0.012080865912139416, 0.3397204875946045, 1.5841342210769653, 0.02083025686442852, 0.8886030912399292] [0.32985198497772217, 0.0383080393075943, 0.13495004177093506, 0.8652179837226868, 1.3544800281524658, 0.06920000165700912, -1.104438066482544, -1.0799779891967773]
[0.008947357535362244, -0.012795092537999153, 0.339853972196579, 1.5845789909362793, 0.023098919540643692, 0.8786144256591797] [0.30684196949005127, 0.0383080393075943, 0.1334160417318344, 0.8452759981155396, 1.3498780727386475, 0.06920000165700912, -1.1182440519332886, -1.0968519449234009]
[0.014523152261972427, -0.01430174708366394, 0.34001535177230835, 1.5745826959609985, 0.027178049087524414, 0.8563912510871887] [0.2853659689426422, 0.0383080393075943, 0.1334160417318344, 0.8237999677658081, 1.345276117324829, 0.06920000165700912, -1.1412540674209595, -1.1167939901351929]
[0.01971004530787468, -0.015591745264828205, 0.34061822295188904, 1.567850947380066, 0.027829883620142937, 0.8386001586914062] [0.26082196831703186, 0.0383080393075943, 0.1334160417318344, 0.808459997177124, 1.345276117324829, 0.06920000165700912, -1.1611961126327515, -1.1367360353469849]
[0.025118844583630562, -0.01698870025575161, 0.34093016386032104, 1.5656027793884277, 0.029111286625266075, 0.8209401965141296] [0.24087996780872345, 0.0383080393075943, 0.1334160417318344, 0.7793139815330505, 1.345276117324829, 0.06920000165700912, -1.1719341278076172, -1.1474740505218506]
[0.03079923801124096, -0.019409503787755966, 0.3398776948451996, 1.5672297477722168, 0.03671304136514664, 0.7909443974494934] [0.22707396745681763, 0.0383080393075943, 0.13188204169273376, 0.7517019510269165, 1.3437421321868896, 0.06920000165700912, -1.1826720237731934, -1.1582119464874268]
[0.03627421706914902, -0.021455062553286552, 0.3395053446292877, 1.5622847080230713, 0.041934192180633545, 0.7628697156906128] [0.21173396706581116, 0.039842039346694946, 0.13188204169273376, 0.7302259802818298, 1.3437421321868896, 0.06920000165700912, -1.2026140689849854, -1.1781539916992188]
[0.04036055877804756, -0.022290056571364403, 0.3400689363479614, 1.559262990951538, 0.04049602523446083, 0.7519380450248718] [0.18872396647930145, 0.04137603938579559, 0.13188204169273376, 0.7256239652633667, 1.3437421321868896, 0.06920000165700912, -1.2240900993347168, -1.1996300220489502]
[0.04413069039583206, -0.022399701178073883, 0.34051045775413513, 1.559409499168396, 0.03800767660140991, 0.7500843405723572] [0.1703159660100937, 0.04137603938579559, 0.13188204169273376, 0.7210220098495483, 1.3437421321868896, 0.06920000165700912, -1.2378960847854614, -1.208833932876587]
[0.0470876581966877, -0.02258726768195629, 0.3383766710758209, 1.5675619840621948, 0.04770958051085472, 0.7476414442062378] [0.1672479659318924, 0.04444403946399689, 0.13188204169273376, 0.7179539799690247, 1.345276117324829, 0.06920000165700912, -1.2378960847854614, -1.208833932876587]
[0.048115719109773636, -0.022507445886731148, 0.33728277683258057, 1.5724040269851685, 0.051951199769973755, 0.7497068643569946] [0.1672479659318924, 0.04444403946399689, 0.13188204169273376, 0.7194879651069641, 1.345276117324829, 0.06920000165700912, -1.2378960847854614, -1.2072999477386475]
[0.04746561497449875, -0.021854519844055176, 0.33778607845306396, 1.5661637783050537, 0.050448622554540634, 0.7542129755020142] [0.1641799658536911, 0.04444403946399689, 0.12881404161453247, 0.7225559949874878, 1.345276117324829, 0.06920000165700912, -1.236362099647522, -1.2042319774627686]
[0.04602741450071335, -0.020886192098259926, 0.33910372853279114, 1.5617766380310059, 0.04503483325242996, 0.7616567611694336] [0.16571396589279175, 0.04444403946399689, 0.12574604153633118, 0.7271579504013062, 1.345276117324829, 0.06920000165700912, -1.2286920547485352, -1.1980960369110107]
[0.04486190900206566, -0.020396318286657333, 0.33949583768844604, 1.5557929277420044, 0.04407571256160736, 0.7659872770309448] [0.16571396589279175, 0.04444403946399689, 0.12267804145812988, 0.7302259802818298, 1.3468101024627686, 0.06920000165700912, -1.221022129058838, -1.190425992012024]
[0.042291637510061264, -0.01983163133263588, 0.33980777859687805, 1.547806978225708, 0.04449976608157158, 0.7784035801887512] [0.16878196597099304, 0.04137603938579559, 0.10733804106712341, 0.7440319657325745, 1.3468101024627686, 0.06920000165700912, -1.2118180990219116, -1.1796879768371582]
[0.039889875799417496, -0.019478004425764084, 0.34022989869117737, 1.5318629741668701, 0.0460345633327961, 0.7846902012825012] [0.17184996604919434, 0.04137603938579559, 0.09353204071521759, 0.7470999956130981, 1.3468101024627686, 0.06920000165700912, -1.1949440240859985, -1.1628140211105347]
[0.03705434501171112, -0.019452538341283798, 0.34020814299583435, 1.517542839050293, 0.049785785377025604, 0.7877477407455444] [0.17951996624469757, 0.04137603938579559, 0.08432804048061371, 0.7517019510269165, 1.348344087600708, 0.06920000165700912, -1.175002098083496, -1.1428719758987427]
[0.03345996513962746, -0.019437476992607117, 0.3404640555381775, 1.5066031217575073, 0.05113368481397629, 0.7917560935020447] [0.19179196655750275, 0.039842039346694946, 0.07205604016780853, 0.7532359957695007, 1.348344087600708, 0.06920000165700912, -1.1504580974578857, -1.1229300498962402]
[0.02991916798055172, -0.019788287580013275, 0.3402246832847595, 1.4969738721847534, 0.0539899542927742, 0.7910536527633667] [0.20406396687030792, 0.0383080393075943, 0.0643860399723053, 0.7532359957695007, 1.348344087600708, 0.06920000165700912, -1.1289820671081543, -1.0999200344085693]
[0.026133131235837936, -0.019783128052949905, 0.34044149518013, 1.4922288656234741, 0.05316684767603874, 0.7928747534751892] [0.22553996741771698, 0.03677403926849365, 0.05978403985500336, 0.7547699809074402, 1.348344087600708, 0.06920000165700912, -1.1075060367584229, -1.0769100189208984]
[0.02275015413761139, -0.021113604307174683, 0.33960142731666565, 1.4915226697921753, 0.056262120604515076, 0.7854437232017517] [0.24701596796512604, 0.029104039072990417, 0.05978403985500336, 0.7578380107879639, 1.3498780727386475, 0.06920000165700912, -1.084496021270752, -1.055433988571167]
[0.018695376813411713, -0.02283475548028946, 0.33946630358695984, 1.4895727634429932, 0.05449626222252846, 0.7807813882827759] [0.27002596855163574, 0.0122300386428833, 0.05978403985500336, 0.7670419812202454, 1.3498780727386475, 0.06920000165700912, -1.0584180355072021, -1.032423973083496]
[0.014738001860678196, -0.025417983531951904, 0.33958977460861206, 1.4859380722045898, 0.051698118448257446, 0.7744923233985901] [0.2884339690208435, -0.010779961943626404, 0.05978403985500336, 0.7854499816894531, 1.3498780727386475, 0.06920000165700912, -1.0323400497436523, -1.0048120021820068]
[0.010433887131512165, -0.02842903696000576, 0.3396768271923065, 1.4813717603683472, 0.04821379855275154, 0.7681549191474915] [0.30990996956825256, -0.035323962569236755, 0.05978403985500336, 0.8038579821586609, 1.351412057876587, 0.06920000165700912, -1.0093300342559814, -0.9848699569702148]
[0.00634441152215004, -0.03175219148397446, 0.33967137336730957, 1.4787923097610474, 0.04512101411819458, 0.760342538356781] [0.32524996995925903, -0.05833396315574646, 0.05978403985500336, 0.8222659826278687, 1.351412057876587, 0.06920000165700912, -0.9909220933914185, -0.9633939862251282]
[0.0028440007008612156, -0.03383321687579155, 0.33999407291412354, 1.4763394594192505, 0.04047514870762825, 0.760016143321991] [0.34212398529052734, -0.07980996370315552, 0.05978403985500336, 0.8483439683914185, 1.3529460430145264, 0.06920000165700912, -0.9709800481796265, -0.9465199708938599]
[-0.0020288764499127865, -0.03682740032672882, 0.3401070535182953, 1.4739054441452026, 0.036221280694007874, 0.7630265355110168] [0.3574639558792114, -0.1150919571518898, 0.05978403985500336, 0.885159969329834, 1.3544800281524658, 0.06920000165700912, -0.9525720477104187, -0.9311800003051758]
[-0.006350569427013397, -0.03954162076115608, 0.3406105041503906, 1.4680840969085693, 0.030324134975671768, 0.7658302783966064] [0.3697359561920166, -0.1442379653453827, 0.05978403985500336, 0.9219759702682495, 1.3544800281524658, 0.06920000165700912, -0.9403000473976135, -0.9204419851303101]
[-0.011784843169152737, -0.0413331612944603, 0.34164300560951233, 1.4616426229476929, 0.021654604002833366, 0.7839059233665466] [0.37740597128868103, -0.16878196597099304, 0.05825003981590271, 0.9679960012435913, 1.3544800281524658, 0.06920000165700912, -0.9326300621032715, -0.912771999835968]
[-0.01617536135017872, -0.042289309203624725, 0.3421206772327423, 1.4556224346160889, 0.01744663342833519, 0.8054765462875366] [0.3804739713668823, -0.19946196675300598, 0.05364803969860077, 1.020151972770691, 1.3590821027755737, 0.06920000165700912, -0.9264940619468689, -0.9097039699554443]
[-0.020611586049199104, -0.04483889043331146, 0.34248244762420654, 1.4517089128494263, 0.01784365065395832, 0.8228909969329834] [0.3820079565048218, -0.23320996761322021, 0.04444403946399689, 1.0661720037460327, 1.3621500730514526, 0.06920000165700912, -0.9218920469284058, -0.9035679697990417]
[-0.02443663403391838, -0.0465070903301239, 0.3423694968223572, 1.4460536241531372, 0.019613932818174362, 0.8417269587516785] [0.3835419714450836, -0.2623559832572937, 0.03677403926849365, 1.113726019859314, 1.371354103088379, 0.06920000165700912, -0.9172900915145874, -0.9004999995231628]
[-0.02856536954641342, -0.0481979101896286, 0.34241238236427307, 1.45619535446167, 0.023005319759249687, 0.8621689081192017] [0.3835419714450836, -0.3007059693336487, 0.02757003903388977, 1.1735520362854004, 1.3912960290908813, 0.06920000165700912, -0.9142220616340637, -0.8943639993667603]
[-0.03216128051280975, -0.05057184025645256, 0.3419348895549774, 1.465122938156128, 0.030375761911273003, 0.8766522407531738] [0.3835419714450836, -0.3283179700374603, 0.0122300386428833, 1.2119020223617554, 1.4081701040267944, 0.06920000165700912, -0.9065520763397217, -0.8882279992103577]
[-0.03596640005707741, -0.05269331857562065, 0.3413906395435333, 1.4711672067642212, 0.038571298122406006, 0.8895338177680969] [0.3835419714450836, -0.355929970741272, 0.001492038369178772, 1.2517859935760498, 1.4189081192016602, 0.06920000165700912, -0.8973480463027954, -0.8805580139160156]
[-0.03936675935983658, -0.05501966550946236, 0.3409770727157593, 1.4680513143539429, 0.0452326200902462, 0.8960593938827515] [0.3835419714450836, -0.38507598638534546, -0.010779961943626404, 1.2916699647903442, 1.4204421043395996, 0.06920000165700912, -0.8896780610084534, -0.8728879690170288]
[-0.04247288778424263, -0.056732725352048874, 0.340657114982605, 1.46277916431427, 0.04964527487754822, 0.9038987159729004] [0.3835419714450836, -0.4157559871673584, -0.02305196225643158, 1.3346220254898071, 1.4311801195144653, 0.06920000165700912, -0.8835420608520508, -0.8652179837226868]
[-0.04821820929646492, -0.058064013719558716, 0.3404400944709778, 1.4694485664367676, 0.05663688853383064, 0.930091917514801] [0.3835419714450836, -0.4449019730091095, -0.03225596249103546, 1.3821760416030884, 1.44498610496521, 0.06920000165700912, -0.8789400458335876, -0.8621499538421631]
[-0.05134807899594307, -0.05925963073968887, 0.3407805263996124, 1.475319743156433, 0.05681184306740761, 0.9407147169113159] [0.3835419714450836, -0.46330997347831726, -0.035323962569236755, 1.4159239530563354, 1.4526560306549072, 0.06920000165700912, -0.8789400458335876, -0.8606159687042236]
[-0.05459818243980408, -0.059883177280426025, 0.3405233323574066, 1.4861327409744263, 0.06050882488489151, 0.9577042460441589] [0.3820079565048218, -0.4801839590072632, -0.039925962686538696, 1.4435360431671143, 1.4679961204528809, 0.06920000165700912, -0.8789400458335876, -0.8606159687042236]
[-0.057043612003326416, -0.06084935739636421, 0.34063801169395447, 1.509230375289917, 0.06274250894784927, 0.9685050845146179] [0.3835419714450836, -0.49552398920059204, -0.04145996272563934, 1.4634779691696167, 1.4818021059036255, 0.06920000165700912, -0.8789400458335876, -0.8606159687042236]
[-0.057122379541397095, -0.06118529289960861, 0.34067603945732117, 1.5106103420257568, 0.06271156668663025, 0.9669585227966309] [0.3820079565048218, -0.49552398920059204, -0.04145996272563934, 1.4542739391326904, 1.480268120765686, 0.06920000165700912, -0.8804740905761719, -0.8621499538421631]
[-0.05514449626207352, -0.06211972236633301, 0.34073540568351746, 1.5080124139785767, 0.0632045567035675, 0.9500564336776733] [0.3835419714450836, -0.4970579743385315, -0.039925962686538696, 1.4327980279922485, 1.480268120765686, 0.06920000165700912, -0.8820080757141113, -0.8652179837226868]
[-0.05225325748324394, -0.0629025548696518, 0.3405742347240448, 1.50925612449646, 0.07281596958637238, 0.9270838499069214] [0.3820079565048218, -0.5016599893569946, -0.039925962686538696, 1.4205260276794434, 1.478734016418457, 0.06920000165700912, -0.8942800760269165, -0.8774899840354919]
[-0.04830659180879593, -0.0647626593708992, 0.3406161367893219, 1.5088468790054321, 0.07861114293336868, 0.8978781700134277] [0.37740597128868103, -0.5154659748077393, -0.03839196264743805, 1.4005839824676514, 1.4756660461425781, 0.06920000165700912, -0.9096200466156006, -0.8928300142288208]
[-0.043164826929569244, -0.06977956742048264, 0.3405030071735382, 1.5070784091949463, 0.08397416025400162, 0.8480967283248901] [0.3728039860725403, -0.5400099754333496, -0.03225596249103546, 1.3653019666671753, 1.4741320610046387, 0.06920000165700912, -0.9280280470848083, -0.9097039699554443]
[-0.03700794279575348, -0.07511375099420547, 0.34021371603012085, 1.515260934829712, 0.08676322549581528, 0.7943355441093445] [0.36820197105407715, -0.5553499460220337, -0.029187962412834167, 1.3392239809036255, 1.4741320610046387, 0.06920000165700912, -0.9449020624160767, -0.9265779852867126]
[-0.032408446073532104, -0.07726702839136124, 0.339370459318161, 1.5221151113510132, 0.0921180471777916, 0.7701303362846375] [0.363599956035614, -0.5553499460220337, -0.02305196225643158, 1.3146799802780151, 1.4741320610046387, 0.06920000165700912, -0.9633100628852844, -0.943452000617981]
[-0.02725698985159397, -0.07926184684038162, 0.33952948451042175, 1.5270297527313232, 0.0921652615070343, 0.7425325512886047] [0.3574639558792114, -0.5553499460220337, -0.010779961943626404, 1.2886019945144653, 1.4725980758666992, 0.06920000165700912, -0.9817180633544922, -0.9633939862251282]
[-0.02181178331375122, -0.08145084977149963, 0.3392004668712616, 1.5367720127105713, 0.09311655163764954, 0.7149909138679504] [0.35132795572280884, -0.5553499460220337, -4.1961669921875e-05, 1.2579219341278076, 1.4725980758666992, 0.06920000165700912, -1.0031940937042236, -0.9864040017127991]
[-0.014813204295933247, -0.0842798501253128, 0.33942607045173645, 1.5457680225372314, 0.08970692753791809, 0.6816339492797852] [0.33905595541000366, -0.5553499460220337, 0.0122300386428833, 1.2241740226745605, 1.4710640907287598, 0.06920000165700912, -1.024670124053955, -1.0078799724578857]
[-0.008085454814136028, -0.087460458278656, 0.33948174118995667, 1.5521159172058105, 0.09070896357297897, 0.6425463557243347] [0.32985198497772217, -0.5538159608840942, 0.02296803891658783, 1.1842899322509766, 1.4710640907287598, 0.06920000165700912, -1.0446120500564575, -1.0247540473937988]
[-0.0024599519092589617, -0.09010108560323715, 0.33918872475624084, 1.5547577142715454, 0.0935005396604538, 0.6120403409004211] [0.31911396980285645, -0.5553499460220337, 0.03217203915119171, 1.1536099910736084, 1.4710640907287598, 0.06920000165700912, -1.06302011013031, -1.0462299585342407]
[0.004166972823441029, -0.09309571236371994, 0.33947211503982544, 1.558834433555603, 0.09257403016090393, 0.5782061815261841] [0.3053079843521118, -0.5553499460220337, 0.03677403926849365, 1.1275320053100586, 1.4710640907287598, 0.06880000233650208, -1.0829620361328125, -1.0692399740219116]
[0.009465529583394527, -0.09543820470571518, 0.3394385576248169, 1.558327317237854, 0.09537059813737869, 0.5523004531860352] [0.28076398372650146, -0.5553499460220337, 0.03677403926849365, 1.1014540195465088, 1.4710640907287598, 0.06920000165700912, -1.1105740070343018, -1.0953179597854614]
[0.016614362597465515, -0.09865911304950714, 0.33986780047416687, 1.5549499988555908, 0.09654244035482407, 0.5187140107154846] [0.20559796690940857, -0.5553499460220337, 0.03677403926849365, 0.9771999716758728, 1.4710640907287598, 0.06920000165700912, -1.1872740983963013, -1.1735520362854004]
[0.038132473826408386, -0.10947885364294052, 0.33825239539146423, 1.5487099885940552, 0.11153638362884521, 0.4103652834892273] [0.18258796632289886, -0.5553499460220337, 0.03677403926849365, 0.9664620161056519, 1.4710640907287598, 0.06920000165700912, -1.2041480541229248, -1.190425992012024]
[0.04166439548134804, -0.11067601293325424, 0.33864662051200867, 1.5470037460327148, 0.10933873057365417, 0.39961376786231995] [0.1672479659318924, -0.5553499460220337, 0.0383080393075943, 0.9342479705810547, 1.4710640907287598, 0.06920000165700912, -1.231760025024414, -1.2180379629135132]
[0.048529189079999924, -0.11424258351325989, 0.33774349093437195, 1.5457873344421387, 0.11393751204013824, 0.3656071424484253] [0.14270396530628204, -0.5553499460220337, 0.0383080393075943, 0.9204419851303101, 1.4710640907287598, 0.06920000165700912, -1.236362099647522, -1.2211060523986816]
[0.050175029784440994, -0.11502256244421005, 0.33636170625686646, 1.5480166673660278, 0.12056074291467667, 0.3595235347747803] [0.14270396530628204, -0.5553499460220337, 0.0383080393075943, 0.9204419851303101, 1.4710640907287598, 0.06920000165700912, -1.236362099647522, -1.2211060523986816]
[0.05095181614160538, -0.11490202695131302, 0.3365006148815155, 1.5497173070907593, 0.11776824295520782, 0.3615649938583374] [0.13349996507167816, -0.5553499460220337, 0.04444403946399689, 0.9204419851303101, 1.4710640907287598, 0.06920000165700912, -1.2348281145095825, -1.2180379629135132]
[0.05157563462853432, -0.11526477336883545, 0.3416297435760498, 1.5539823770523071, 0.08585838228464127, 0.3581158518791199] [0.1150919571518898, -0.5553499460220337, 0.07665804028511047, 0.9173740148544312, 1.4710640907287598, 0.06920000165700912, -1.2348281145095825, -1.2180379629135132]
[0.05309970676898956, -0.11693833023309708, 0.3504367768764496, 1.5725488662719727, 0.0281868614256382, 0.3390169143676758] [0.09668396413326263, -0.5553499460220337, 0.12267804145812988, 0.8912959694862366, 1.4710640907287598, 0.06920000165700912, -1.2348281145095825, -1.2195719480514526]
[0.05837702378630638, -0.13559772074222565, 0.3716669976711273, 1.7665390968322754, -0.14008547365665436, 0.1643565446138382] [0.09821796417236328, -0.5522819757461548, 0.4754980504512787, 0.6842060089111328, 1.4710640907287598, 0.06920000165700912, -1.2348281145095825, -1.2195719480514526]
[0.05975211039185524, -0.15764854848384857, 0.38287046551704407, 1.9958949089050293, -0.22461912035942078, -0.0250275656580925] [0.11048995703458786, -0.5522819757461548, 0.69486004114151, 0.5921659469604492, 1.4710640907287598, 0.06920000165700912, -1.2348281145095825, -1.2211060523986816]
[0.058104149997234344, -0.17086683213710785, 0.38800957798957825, 2.1677134037017822, -0.2587042450904846, -0.13938026130199432] [0.11355795711278915, -0.5522819757461548, 0.8359880447387695, 0.4510379731655121, 1.4710640907287598, 0.06920000165700912, -1.236362099647522, -1.2211060523986816]
[0.05470850318670273, -0.19278202950954437, 0.38886401057243347, 2.4601545333862305, -0.24418127536773682, -0.3256455063819885] [0.1150919571518898, -0.5492140054702759, 1.0798940658569336, 0.4188239574432373, 1.4710640907287598, 0.06920000165700912, -1.2348281145095825, -1.2211060523986816]
[0.05493743345141411, -0.19438274204730988, 0.38858503103256226, 2.471437931060791, -0.24263204634189606, -0.33503544330596924] [0.11355795711278915, -0.5476799607276917, 1.0875641107559204, 0.42035797238349915, 1.4710640907287598, 0.06920000165700912, -1.2348281145095825, -1.2195719480514526]
[0.05519181117415428, -0.19469518959522247, 0.38834163546562195, 2.474001169204712, -0.24150289595127106, -0.33660048246383667] [0.11355795711278915, -0.5492140054702759, 1.0890980958938599, 0.4188239574432373, 1.4710640907287598, 0.06920000165700912, -1.236362099647522, -1.2211060523986816]
[0.05512523651123047, -0.19521740078926086, 0.387784481048584, 2.473421573638916, -0.23822031915187836, -0.339428186416626] [0.1150919571518898, -0.5476799607276917, 1.0890980958938599, 0.4157559871673584, 1.4710640907287598, 0.06920000165700912, -1.236362099647522, -1.2211060523986816]
[0.05541060492396355, -0.19614994525909424, 0.38576892018318176, 2.473787307739258, -0.22350464761257172, -0.3458859324455261] [0.12122795730829239, -0.5492140054702759, 1.0890980958938599, 0.3927459716796875, 1.4710640907287598, 0.06920000165700912, -1.2348281145095825, -1.2211060523986816]
[0.055570654571056366, -0.19827856123447418, 0.3829961121082306, 2.47991681098938, -0.19939784705638885, -0.3621477484703064] [0.12122795730829239, -0.5507479906082153, 1.1335840225219727, 0.30223995447158813, 1.4710640907287598, 0.06920000165700912, -1.2348281145095825, -1.2211060523986816]
[0.053586196154356, -0.21319244801998138, 0.36767759919166565, 2.6104493141174316, -0.05107671022415161, -0.4809102416038513] [0.11355795711278915, -0.5476799607276917, 1.3069260120391846, 0.02305196225643158, 1.4710640907287598, 0.06920000165700912, -1.2348281145095825, -1.2211060523986816]
[0.04919420927762985, -0.22401176393032074, 0.3502350151538849, 2.8741726875305176, 0.0996384546160698, -0.5551628470420837] [0.1350339651107788, -0.5476799607276917, 1.4864040613174438, 0.02305196225643158, 1.4725980758666992, 0.06920000165700912, -1.2348281145095825, -1.222640037536621]
[0.0492962971329689, -0.22394323348999023, 0.3489499092102051, 2.8834002017974854, 0.10550125688314438, -0.5543023943901062] [0.1411699652671814, -0.5461459755897522, 1.4956080913543701, 0.021517962217330933, 1.4725980758666992, 0.06920000165700912, -1.2348281145095825, -1.222640037536621]
[0.04862545430660248, -0.22415462136268616, 0.34199532866477966, 2.8725850582122803, 0.13852490484714508, -0.5570829510688782] [0.1841219663619995, -0.5461459755897522, 1.5078800916671753, 0.021517962217330933, 1.4725980758666992, 0.06920000165700912, -1.236362099647522, -1.222640037536621]
[0.04782712087035179, -0.22423972189426422, 0.3362356126308441, 2.8628664016723633, 0.1661396324634552, -0.5601288676261902] [0.2163359671831131, -0.5461459755897522, 1.515550136566162, 0.021517962217330933, 1.4725980758666992, 0.06920000165700912, -1.2348281145095825, -1.222640037536621]
[0.044701024889945984, -0.22433419525623322, 0.32069870829582214, 2.8334429264068604, 0.2408573478460312, -0.5698089003562927] [0.3007059693336487, -0.5461459755897522, 1.5354920625686646, 0.021517962217330933, 1.4725980758666992, 0.06920000165700912, -1.2348281145095825, -1.222640037536621]
[0.044491786509752274, -0.2229994237422943, 0.31585660576820374, 2.8663556575775146, 0.2646621763706207, -0.563829243183136] [0.3344539701938629, -0.5308059453964233, 1.575376033782959, 0.021517962217330933, 1.4925401210784912, 0.06880000233650208, -1.236362099647522, -1.222640037536621]
[0.04427751526236534, -0.22264936566352844, 0.3138682246208191, 2.9421005249023438, 0.27510571479797363, -0.5593612194061279] [0.3375219702720642, -0.5277379751205444, 1.6091240644454956, 0.021517962217330933, 1.5201520919799805, 0.06920000165700912, -1.2348281145095825, -1.222640037536621]
[0.04428032413125038, -0.22262555360794067, 0.31400784850120544, 2.9470412731170654, 0.2744809687137604, -0.5589261651039124] [0.3375219702720642, -0.526203989982605, 1.6091240644454956, 0.02305196225643158, 1.5201520919799805, 0.06920000165700912, -1.236362099647522, -1.222640037536621]
[0.04436921328306198, -0.22242742776870728, 0.3135339319705963, 2.946272850036621, 0.27672696113586426, -0.5581376552581787] [0.33905595541000366, -0.526203989982605, 1.6091240644454956, 0.02305196225643158, 1.5201520919799805, 0.06920000165700912, -1.2348281145095825, -1.2211060523986816]
[0.04393142834305763, -0.22234542667865753, 0.3119974136352539, 2.938450574874878, 0.284187912940979, -0.5591790080070496] [0.34825998544692993, -0.526203989982605, 1.610658049583435, 0.024585962295532227, 1.52168607711792, 0.06920000165700912, -1.236362099647522, -1.2211060523986816]
[0.04393446445465088, -0.22238463163375854, 0.31189584732055664, 2.939732074737549, 0.2845735251903534, -0.559393584728241] [0.34825998544692993, -0.5246700048446655, 1.6091240644454956, 0.024585962295532227, 1.52168607711792, 0.06920000165700912, -1.2348281145095825, -1.2211060523986816]
[0.043953947722911835, -0.2223256677389145, 0.31195273995399475, 2.9399666786193848, 0.2842463552951813, -0.5589771866798401] [0.34825998544692993, -0.526203989982605, 1.6091240644454956, 0.024585962295532227, 1.52168607711792, 0.06920000165700912, -1.236362099647522, -1.2211060523986816]
[0.043939005583524704, -0.22236667573451996, 0.31191182136535645, 2.938246965408325, 0.28452298045158386, -0.5593507289886475] [0.34825998544692993, -0.526203989982605, 1.610658049583435, 0.024585962295532227, 1.5201520919799805, 0.06920000165700912, -1.2348281145095825, -1.2211060523986816]
[0.04393618926405907, -0.22234591841697693, 0.31197693943977356, 2.938410758972168, 0.2842562794685364, -0.5591914057731628] [0.34825998544692993, -0.5246700048446655, 1.6091240644454956, 0.024585962295532227, 1.5201520919799805, 0.06920000165700912, -1.2348281145095825, -1.222640037536621]
[0.04410272091627121, -0.22207413613796234, 0.31192252039909363, 2.9389259815216064, 0.2845049500465393, -0.5576479434967041] [0.34825998544692993, -0.526203989982605, 1.6091240644454956, 0.024585962295532227, 1.52168607711792, 0.06920000165700912, -1.236362099647522, -1.2211060523986816]
