[0.06195447966456413, -0.19625741243362427, 0.2968684434890747, 3.1309890747070312, 0.22123146057128906, -0.4301282465457916] [0.5016599893569946, -0.35132795572280884, 1.8468940258026123, 0.3206479549407959, 1.5078800916671753, 0.9968000054359436, -1.2977221012115479, -1.2947380542755127]
[0.06192682310938835, -0.19624939560890198, 0.2969329059123993, 3.132398843765259, 0.22105681896209717, -0.4301288425922394] [0.5031939744949341, -0.35132795572280884, 1.8468940258026123, 0.3206479549407959, 1.5078800916671753, 0.9968000054359436, -1.2777800559997559, -1.2579219341278076]
[0.060499828308820724, -0.19615909457206726, 0.29813671112060547, 3.132510185241699, 0.21642689406871796, -0.4296877384185791] [0.5077959895133972, -0.35132795572280884, 1.8468940258026123, 0.31911396980285645, 1.5094140768051147, 0.9968000054359436, -1.254770040512085, -1.2379800081253052]
[0.0580277256667614, -0.19592295587062836, 0.3020046651363373, 3.139922857284546, 0.19954746961593628, -0.42828384041786194] [0.5077959895133972, -0.35132795572280884, 1.8484281301498413, 0.3206479549407959, 1.5094140768051147, 0.9968000054359436, -1.2501680850982666, -1.2272419929504395]
[0.05492287874221802, -0.19545969367027283, 0.3072287440299988, -3.1366326808929443, 0.17745882272720337, -0.42674943804740906] [0.5093299746513367, -0.35132795572280884, 1.8468940258026123, 0.31911396980285645, 1.5094140768051147, 0.9968000054359436, -1.2486340999603271, -1.2241740226745605]
[0.05506820231676102, -0.19477038085460663, 0.3068186938762665, 3.1302220821380615, 0.17861832678318024, -0.4208940863609314] [0.5108639597892761, -0.35132795572280884, 1.822350025177002, 0.32218196988105774, 1.5094140768051147, 0.06640000641345978, -1.2486340999603271, -1.222640037536621]
[0.056045081466436386, -0.19291703402996063, 0.3082166612148285, 3.0930819511413574, 0.16893690824508667, -0.4069928526878357] [0.5031939744949341, -0.35132795572280884, 1.7747961282730103, 0.3283179700374603, 1.5078800916671753, 0.06640000641345978, -1.2455661296844482, -1.1888920068740845]
[0.02985738031566143, -0.06552647799253464, 0.37643206119537354, 2.012077808380127, -0.3443780839443207, 0.7108818888664246] [0.30684196949005127, -0.2915019690990448, 0.5184500217437744, 1.2778639793395996, 1.5094140768051147, 0.06640000641345978, -1.221022129058838, -1.1842899322509766]
[0.01633293181657791, -0.04968976601958275, 0.37000954151153564, 1.863110899925232, -0.2603318393230438, 0.9031694531440735] [0.2562199831008911, -0.28996795415878296, 0.38959404826164246, 1.3162139654159546, 1.5094140768051147, 0.06640000641345978, -1.2087500095367432, -1.172018051147461]
[0.010464886203408241, -0.04398570582270622, 0.37146300077438354, 1.8109498023986816, -0.2489548772573471, 0.9685731530189514] [0.23474396765232086, -0.25775396823883057, 0.3773220479488373, 1.3346220254898071, 1.5094140768051147, 0.06640000641345978, -1.1949440240859985, -1.1566779613494873]
[0.002829583827406168, -0.03467784449458122, 0.3745347559452057, 1.7875968217849731, -0.2617539167404175, 1.0508617162704468] [0.22707396745681763, -0.18105396628379822, 0.3558460474014282, 1.3438260555267334, 1.5109480619430542, 0.06640000641345978, -1.175002098083496, -1.1398040056228638]
[-0.010232385247945786, -0.016349241137504578, 0.37550222873687744, 1.7744773626327515, -0.2660522758960724, 1.1913373470306396] [0.22707396745681763, -0.03378996253013611, 0.31442803144454956, 1.3422919511795044, 1.5109480619430542, 0.06640000641345978, -1.1642640829086304, -1.1275320053100586]
[-0.027115214616060257, 0.003247535787522793, 0.3729310929775238, 1.7543115615844727, -0.2317032516002655, 1.346056580543518] [0.22553996741771698, 0.06592004001140594, 0.2530680298805237, 1.340757966041565, 1.5170841217041016, 0.06640000641345978, -1.1611961126327515, -1.1198619604110718]
[-0.030483243986964226, 0.005582405719906092, 0.36742398142814636, 1.7316933870315552, -0.17853257060050964, 1.366410732269287] [0.22707396745681763, 0.06592004001140594, 0.19784404337406158, 1.340757966041565, 1.5170841217041016, 0.06640000641345978, -1.1519920825958252, -1.1121920347213745]
[-0.03318114951252937, 0.006574503146111965, 0.3634326159954071, 1.7119438648223877, -0.13866634666919708, 1.379602074623108] [0.22860796749591827, 0.06592004001140594, 0.1625620424747467, 1.340757966041565, 1.5170841217041016, 0.06640000641345978, -1.1458560228347778, -1.1045219898223877]
[-0.034951645880937576, 0.007166196592152119, 0.36032265424728394, 1.6995866298675537, -0.10878176242113113, 1.387553334236145] [0.23014196753501892, 0.06592004001140594, 0.12421204149723053, 1.3438260555267334, 1.5170841217041016, 0.06640000641345978, -1.1335840225219727, -1.0953179597854614]
[-0.037669334560632706, 0.007760475855320692, 0.35601407289505005, 1.6911523342132568, -0.07328172028064728, 1.3953815698623657] [0.2393459677696228, 0.06745404005050659, 0.09199804067611694, 1.3453600406646729, 1.5170841217041016, 0.06640000641345978, -1.1213120222091675, -1.0815119743347168]
[-0.0407777801156044, 0.008230563253164291, 0.35419365763664246, 1.6762189865112305, -0.051804304122924805, 1.4044537544250488] [0.24394796788692474, 0.06745404005050659, 0.07205604016780853, 1.3484280109405518, 1.5170841217041016, 0.06640000641345978, -1.1059720516204834, -1.0692399740219116]
[-0.04381492733955383, 0.008196420967578888, 0.35249948501586914, 1.6681321859359741, -0.03553866595029831, 1.4104695320129395] [0.2500839829444885, 0.06592004001140594, 0.055182039737701416, 1.3514959812164307, 1.5170841217041016, 0.06640000641345978, -1.0952340364456177, -1.058501958847046]
[-0.0467727929353714, 0.008599847555160522, 0.3508886396884918, 1.6555180549621582, -0.01748252846300602, 1.416485071182251] [0.2562199831008911, 0.06745404005050659, 0.035240039229393005, 1.3530299663543701, 1.518618106842041, 0.06640000641345978, -1.0829620361328125, -1.0462299585342407]
[-0.04912429302930832, 0.008654589764773846, 0.3494177460670471, 1.6549053192138672, -0.00710263242945075, 1.4179049730300903] [0.26695796847343445, 0.06592004001140594, 0.02757003903388977, 1.3530299663543701, 1.518618106842041, 0.06640000641345978, -1.0737581253051758, -1.035491943359375]
[-0.05069788545370102, 0.008485927246510983, 0.34791967272758484, 1.6568713188171387, 0.001026826212182641, 1.4173704385757446] [0.28383195400238037, 0.06745404005050659, 0.015298038721084595, 1.3530299663543701, 1.5201520919799805, 0.06640000641345978, -1.06302011013031, -1.0232199430465698]
[-0.053041234612464905, 0.008484999649226665, 0.34565186500549316, 1.6631609201431274, 0.012296524830162525, 1.4188830852508545] [0.3053079843521118, 0.06592004001140594, 0.004560038447380066, 1.3530299663543701, 1.52168607711792, 0.06640000641345978, -1.0507481098175049, -1.012481927871704]
[-0.05533548444509506, 0.00846784096211195, 0.34336093068122864, 1.6680454015731812, 0.023685313761234283, 1.4204984903335571] [0.31911396980285645, 0.06592004001140594, -0.003109961748123169, 1.3530299663543701, 1.52168607711792, 0.06640000641345978, -1.0415440797805786, -1.0032780170440674]
[-0.05731640383601189, 0.008400633931159973, 0.3418542444705963, 1.6693345308303833, 0.03164085000753403, 1.4201279878616333] [0.3344539701938629, 0.0643860399723053, -0.010779961943626404, 1.3514959812164307, 1.52168607711792, 0.06640000641345978, -1.0323400497436523, -0.99714195728302]
[-0.059081438928842545, 0.008315484039485455, 0.33977872133255005, 1.6754710674285889, 0.04022267088294029, 1.4200077056884766] [0.3497939705848694, 0.0643860399723053, -0.01844996213912964, 1.3484280109405518, 1.52168607711792, 0.06640000641345978, -1.027738094329834, -0.9910060167312622]
[-0.059898946434259415, 0.008164599537849426, 0.3395651876926422, 1.6731836795806885, 0.041990041732788086, 1.4171242713928223] [0.35132795572280884, 0.0643860399723053, -0.01691596210002899, 1.3453600406646729, 1.52168607711792, 0.06640000641345978, -1.024670124053955, -0.989471971988678]
[-0.06039229407906532, 0.007997149601578712, 0.3396967351436615, 1.668144941329956, 0.042560093104839325, 1.4141631126403809] [0.3528619706630707, 0.06285203993320465, -0.019983962178230286, 1.337689995765686, 1.52168607711792, 0.06640000641345978, -1.024670124053955, -0.989471971988678]
[-0.05892124027013779, 0.007674298714846373, 0.33938997983932495, 1.664911150932312, 0.04588957503437996, 1.3976024389266968] [0.3528619706630707, 0.061318039894104004, -0.019983962178230286, 1.3300199508666992, 1.52168607711792, 0.06640000641345978, -1.027738094329834, -0.9925400018692017]
[-0.05819954723119736, 0.007303768303245306, 0.3391968309879303, 1.665304183959961, 0.046932511031627655, 1.3915473222732544] [0.35132795572280884, 0.05825003981590271, -0.019983962178230286, 1.3254179954528809, 1.52168607711792, 0.06600000709295273, -1.0292720794677734, -0.99714195728302]
[-0.05674833804368973, 0.006541351322084665, 0.3390313684940338, 1.667165994644165, 0.04724631831049919, 1.3808187246322632] [0.35132795572280884, 0.04904603958129883, -0.01844996213912964, 1.3238840103149414, 1.52168607711792, 0.06640000641345978, -1.0354080200195312, -1.001744031906128]
[-0.054663121700286865, 0.005132805090397596, 0.3386778235435486, 1.6689786911010742, 0.049857668578624725, 1.3672802448272705] [0.3497939705848694, 0.039842039346694946, -0.01844996213912964, 1.319282054901123, 1.52168607711792, 0.06640000641345978, -1.0369420051574707, -1.0032780170440674]
[-0.053643979132175446, 0.004925244953483343, 0.33853599429130554, 1.6686521768569946, 0.05085371807217598, 1.362798810005188] [0.3467259705066681, 0.039842039346694946, -0.01844996213912964, 1.3116120100021362, 1.5201520919799805, 0.06640000641345978, -1.0384761095046997, -1.0048120021820068]
[-0.051981281489133835, 0.004826812073588371, 0.338718056678772, 1.6657764911651611, 0.05205509066581726, 1.3520454168319702] [0.34212398529052734, 0.0383080393075943, -0.019983962178230286, 1.299340009689331, 1.5201520919799805, 0.06640000641345978, -1.1826720237731934, -1.152076005935669]
[-0.0010646795853972435, -0.001743409433402121, 0.3377349078655243, 1.6598769426345825, 0.08156348764896393, 1.1367197036743164] [0.19485996663570404, 0.03370603919029236, -0.013847962021827698, 1.0891820192337036, 1.5201520919799805, 0.06640000641345978, -1.1949440240859985, -1.1658819913864136]
[0.0044478303752839565, -0.0027112355455756187, 0.3382352292537689, 1.6528866291046143, 0.08246633410453796, 1.1120672225952148] [0.17491796612739563, 0.03370603919029236, -0.015381962060928345, 1.0677059888839722, 1.5201520919799805, 0.06640000641345978, -1.2118180990219116, -1.1812219619750977]
[0.009102688170969486, -0.003626021323725581, 0.3384709358215332, 1.6448493003845215, 0.0851745456457138, 1.0937172174453735] [0.1580439656972885, 0.03370603919029236, -0.01691596210002899, 1.055433988571167, 1.518618106842041, 0.06640000641345978, -1.2256240844726562, -1.1950279474258423]
[0.014050955884158611, -0.004210034850984812, 0.3383590579032898, 1.641430377960205, 0.08633137494325638, 1.078414797782898] [0.1381019651889801, 0.03370603919029236, -0.01691596210002899, 1.0278220176696777, 1.5201520919799805, 0.06640000641345978, -1.236362099647522, -1.2011640071868896]
[0.019261930137872696, -0.005739957094192505, 0.3374224901199341, 1.6411590576171875, 0.09129009395837784, 1.0465484857559204] [0.1350339651107788, 0.035240039229393005, -0.01691596210002899, 1.0032780170440674, 1.518618106842041, 0.06640000641345978, -1.2348281145095825, -1.2011640071868896]
[0.020907919853925705, -0.006201505195349455, 0.337319016456604, 1.6406632661819458, 0.09272754937410355, 1.032832145690918] [0.13349996507167816, 0.035240039229393005, -0.01691596210002899, 0.9802680015563965, 1.518618106842041, 0.06640000641345978, -1.236362099647522, -1.2011640071868896]
[0.02264402247965336, -0.0068314410746097565, 0.3379862308502197, 1.6305043697357178, 0.092417873442173, 1.0085715055465698] [0.13196596503257751, 0.035240039229393005, -0.01691596210002899, 0.951121985912323, 1.518618106842041, 0.06640000641345978, -1.236362099647522, -1.2011640071868896]
[0.026180025190114975, -0.008719311095774174, 0.33767321705818176, 1.6232802867889404, 0.09652533382177353, 0.9689180850982666] [0.13196596503257751, 0.035240039229393005, -0.01691596210002899, 0.9158399701118469, 1.518618106842041, 0.06640000641345978, -1.236362099647522, -1.2011640071868896]
[0.029437363147735596, -0.010511185973882675, 0.3374585807323456, 1.6205393075942993, 0.09873808175325394, 0.935549795627594] [0.13043196499347687, 0.035240039229393005, -0.01691596210002899, 0.8728879690170288, 1.5170841217041016, 0.06640000641345978, -1.236362099647522, -1.2011640071868896]
[0.033064987510442734, -0.012816636823117733, 0.33723172545433044, 1.6145570278167725, 0.10110066086053848, 0.8988595604896545] [0.13043196499347687, 0.035240039229393005, -0.01691596210002899, 0.8437420129776001, 1.518618106842041, 0.06640000641345978, -1.236362099647522, -1.2011640071868896]
[0.03710434213280678, -0.01547542866319418, 0.3369699716567993, 1.6094403266906738, 0.10418292880058289, 0.8574148416519165] [0.12889796495437622, 0.035240039229393005, -0.01691596210002899, 0.7931199669837952, 1.5170841217041016, 0.06640000641345978, -1.236362099647522, -1.2011640071868896]
[0.041069015860557556, -0.018452811986207962, 0.33700940012931824, 1.6027311086654663, 0.10562174767255783, 0.8142009377479553] [0.12582996487617493, 0.03677403926849365, -0.01691596210002899, 0.7624399662017822, 1.5170841217041016, 0.06640000641345978, -1.236362099647522, -1.202697992324829]
[0.042140793055295944, -0.01873834617435932, 0.33700233697891235, 1.6028602123260498, 0.10551252216100693, 0.803378164768219] [0.12582996487617493, 0.04137603938579559, -0.015381962060928345, 0.7593719959259033, 1.518618106842041, 0.06640000641345978, -1.236362099647522, -1.2011640071868896]
[0.04190763086080551, -0.018337320536375046, 0.3373554050922394, 1.6018319129943848, 0.10406552255153656, 0.8063222765922546] [0.12429595738649368, 0.04137603938579559, -0.015381962060928345, 0.7639739513397217, 1.5170841217041016, 0.06640000641345978, -1.2348281145095825, -1.2011640071868896]
[0.04135367274284363, -0.017890047281980515, 0.3377780318260193, 1.6025948524475098, 0.10235819220542908, 0.8123337030410767] [0.12122795730829239, 0.04137603938579559, -0.01691596210002899, 0.773177981376648, 1.518618106842041, 0.06640000641345978, -1.2348281145095825, -1.1996300220489502]
[0.03914306312799454, -0.016234349459409714, 0.338998943567276, 1.5970176458358765, 0.09771475940942764, 0.8349952697753906] [0.1150919571518898, 0.04137603938579559, -0.019983962178230286, 0.7900519967079163, 1.518618106842041, 0.06640000641345978, -1.231760025024414, -1.1950279474258423]
[0.03850683197379112, -0.015977388247847557, 0.33940035104751587, 1.5954991579055786, 0.09614067524671555, 0.83790123462677] [0.11662595719099045, 0.039842039346694946, -0.019983962178230286, 0.7931199669837952, 1.5201520919799805, 0.06640000641345978, -1.2286920547485352, -1.1919599771499634]
[0.03758721426129341, -0.016100063920021057, 0.33972644805908203, 1.5911434888839722, 0.09573529660701752, 0.8408938050270081] [0.11662595719099045, 0.0383080393075943, -0.021517962217330933, 0.8007899522781372, 1.5201520919799805, 0.06640000641345978, -1.2256240844726562, -1.1888920068740845]
[0.03641226142644882, -0.01580078899860382, 0.34021154046058655, 1.5910539627075195, 0.09354923665523529, 0.8453102111816406] [0.1181599572300911, 0.03677403926849365, -0.02305196225643158, 0.8053919672966003, 1.5201520919799805, 0.06640000641345978, -1.2194880247116089, -1.1812219619750977]
[0.034435298293828964, -0.015536013059318066, 0.34063956141471863, 1.5840905904769897, 0.09353194385766983, 0.8560183644294739] [0.1181599572300911, 0.035240039229393005, -0.03225596249103546, 0.8253339529037476, 1.5201520919799805, 0.06640000641345978, -1.2148860692977905, -1.1750860214233398]
[0.030803190544247627, -0.014405176974833012, 0.34066465497016907, 1.5772278308868408, 0.09603723138570786, 0.8822762370109558] [0.11969395726919174, 0.029104039072990417, -0.03839196264743805, 0.8560140132904053, 1.5201520919799805, 0.06640000641345978, -1.2087500095367432, -1.170483946800232]
[0.02880498580634594, -0.014379899948835373, 0.3409295976161957, 1.5714112520217896, 0.09716524183750153, 0.8945398330688477] [0.11969395726919174, 0.02296803891658783, -0.04759596288204193, 0.8820919990539551, 1.5201520919799805, 0.06640000641345978, -1.2026140689849854, -1.1643480062484741]
[0.026212120428681374, -0.01473022811114788, 0.3410969078540802, 1.5625091791152954, 0.10008013248443604, 0.908281683921814] [0.11969395726919174, 0.00762803852558136, -0.055265963077545166, 0.9004999995231628, 1.5201520919799805, 0.06640000641345978, -1.198012113571167, -1.1597459316253662]
[0.02439083717763424, -0.016414400190114975, 0.340940922498703, 1.5564866065979004, 0.10387454926967621, 0.9144473075866699] [0.12122795730829239, -0.010779961943626404, -0.0629359632730484, 0.9311800003051758, 1.5201520919799805, 0.06640000641345978, -1.1918760538101196, -1.1536099910736084]
[0.021249938756227493, -0.01780291460454464, 0.3408835232257843, 1.5482383966445923, 0.10873506218194962, 0.9312408566474915] [0.12122795730829239, -0.02765396237373352, -0.07367396354675293, 0.9664620161056519, 1.5201520919799805, 0.06640000641345978, -1.1826720237731934, -1.1459399461746216]
[0.01856846734881401, -0.01882878690958023, 0.34085604548454285, 1.5426208972930908, 0.11351974308490753, 0.9448751211166382] [0.12122795730829239, -0.05373196303844452, -0.0859459638595581, 1.0032780170440674, 1.5247540473937988, 0.06640000641345978, -1.1765360832214355, -1.1398040056228638]
[0.015498128719627857, -0.021178651601076126, 0.34042611718177795, 1.5378391742706299, 0.12286695837974548, 0.9553728103637695] [0.12429595738649368, -0.07980996370315552, -0.10128595679998398, 1.0416280031204224, 1.5308901071548462, 0.06640000641345978, -1.1704000234603882, -1.1305999755859375]
[0.01211016345769167, -0.02381976880133152, 0.34012895822525024, 1.5415877103805542, 0.13123096525669098, 0.967352569103241] [0.13349996507167816, -0.31297796964645386, -0.25775396823883057, 1.4327980279922485, 1.6873581409454346, 0.06360000371932983, -1.0522820949554443, -1.0232199430465698]
[-0.033527061343193054, -0.040113065391778946, 0.3367149531841278, 1.6181246042251587, 0.24065017700195312, 1.1176244020462036] [0.1350339651107788, -0.3145119547843933, -0.26388996839523315, 1.4542739391326904, 1.6934940814971924, 0.06360000371932983, -1.046146035194397, -1.0186179876327515]
[-0.037336450070142746, -0.04020296409726143, 0.336212694644928, 1.6359035968780518, 0.2508194148540497, 1.1394340991973877] [0.1350339651107788, -0.32524996995925903, -0.27616196870803833, 1.4803520441055298, 1.7180380821228027, 0.06360000371932983, -1.0400100946426392, -1.012481927871704]
[-0.03859585151076317, -0.04240856692194939, 0.3358098566532135, 1.6527063846588135, 0.25898101925849915, 1.1316214799880981] [0.1350339651107788, -0.34519195556640625, -0.28383195400238037, 1.492624044418335, 1.7287760972976685, 0.06360000371932983, -1.0354080200195312, -1.0094139575958252]
[-0.04106663167476654, -0.04403737187385559, 0.33560213446617126, 1.6590296030044556, 0.2637997567653656, 1.1370474100112915] [0.1350339651107788, -0.35899797081947327, -0.28996795415878296, 1.5187020301818848, 1.7287760972976685, 0.06360000371932983, -1.030806064605713, -1.0063459873199463]
[-0.04246789216995239, -0.044206809252500534, 0.3354099988937378, 1.6609934568405151, 0.26746219396591187, 1.1423145532608032] [0.1350339651107788, -0.3605319857597351, -0.29303598403930664, 1.5202360153198242, 1.7395141124725342, 0.06360000371932983, -1.0262041091918945, -1.0063459873199463]
[-0.04302382841706276, -0.044670939445495605, 0.3355368375778198, 1.6676164865493774, 0.26742875576019287, 1.138503909111023] [0.13656796514987946, -0.363599956035614, -0.29303598403930664, 1.5202360153198242, 1.7410480976104736, 0.06360000371932983, -1.0216020345687866, -1.001744031906128]
[-0.04370331019163132, -0.044693972915410995, 0.3357235789299011, 1.665164589881897, 0.26621219515800476, 1.1378716230392456] [0.1381019651889801, -0.363599956035614, -0.2945699691772461, 1.5202360153198242, 1.7410480976104736, 0.06360000371932983, -1.0200680494308472, -1.0002100467681885]
[-0.04372239112854004, -0.04495803266763687, 0.3361082673072815, 1.6620426177978516, 0.2630622386932373, 1.1327155828475952] [0.13963596522808075, -0.36513397097587585, -0.29303598403930664, 1.5125659704208374, 1.7410480976104736, 0.06360000371932983, -1.0200680494308472, -1.001744031906128]
[-0.04235655814409256, -0.046149842441082, 0.3362677991390228, 1.6586129665374756, 0.2613273561000824, 1.1153881549835205] [0.13963596522808075, -0.3758719563484192, -0.29303598403930664, 1.5018279552459717, 1.7410480976104736, 0.06360000371932983, -1.0200680494308472, -1.001744031906128]
[-0.0393238440155983, -0.04967585206031799, 0.33625394105911255, 1.6559455394744873, 0.2591860592365265, 1.0755515098571777] [0.1411699652671814, -0.4050179719924927, -0.2915019690990448, 1.4864879846572876, 1.7410480976104736, 0.06360000371932983, -1.0216020345687866, -1.0032780170440674]
[-0.037586577236652374, -0.0532866008579731, 0.3362700343132019, 1.657584309577942, 0.25666606426239014, 1.0456202030181885] [0.13963596522808075, -0.42342597246170044, -0.2915019690990448, 1.4818860292434692, 1.7410480976104736, 0.06360000371932983, -1.0216020345687866, -1.0032780170440674]
[-0.03504880517721176, -0.05548640713095665, 0.3359222710132599, 1.66023850440979, 0.2609803080558777, 1.0208817720413208] [0.14270396530628204, -0.43416398763656616, -0.2915019690990448, 1.4680800437927246, 1.7410480976104736, 0.06320000439882278, -1.023136019706726, -1.0048120021820068]
[-0.03184560686349869, -0.05703247711062431, 0.3357190489768982, 1.6582971811294556, 0.26431211829185486, 0.993700385093689] [0.14270396530628204, -0.43723195791244507, -0.2915019690990448, 1.4420020580291748, 1.7410480976104736, 0.06360000371932983, -1.024670124053955, -1.0063459873199463]
[-0.027183398604393005, -0.058918390423059464, 0.33584386110305786, 1.6525678634643555, 0.26322564482688904, 0.9535918235778809] [0.14270396530628204, -0.43723195791244507, -0.2915019690990448, 1.399049997329712, 1.7410480976104736, 0.06360000371932983, -1.027738094329834, -1.0078799724578857]
[-0.0243698563426733, -0.060608986765146255, 0.33565589785575867, 1.6447381973266602, 0.26335737109184265, 0.9249499440193176] [0.14270396530628204, -0.43723195791244507, -0.28996795415878296, 1.3653019666671753, 1.7410480976104736, 0.06360000371932983, -1.030806064605713, -1.012481927871704]
[-0.020164422690868378, -0.06265241652727127, 0.33558619022369385, 1.6370511054992676, 0.26165246963500977, 0.8872953653335571] [0.14270396530628204, -0.43723195791244507, -0.2915019690990448, 1.3330880403518677, 1.7410480976104736, 0.06360000371932983, -1.0400100946426392, -1.0216859579086304]
[-0.016313418745994568, -0.06452184170484543, 0.3353203535079956, 1.6339397430419922, 0.2604818344116211, 0.8570747375488281] [0.14270396530628204, -0.43723195791244507, -0.28996795415878296, 1.3054759502410889, 1.7410480976104736, 0.06320000439882278, -1.0492141246795654, -1.0308899879455566]
[-0.012112276628613472, -0.0663633868098259, 0.33506208658218384, 1.6330509185791016, 0.2591904401779175, 0.8285959362983704] [0.1411699652671814, -0.43723195791244507, -0.28689998388290405, 1.2717280387878418, 1.7410480976104736, 0.06360000371932983, -1.0599520206451416, -1.040094017982483]
[-0.007561178877949715, -0.06859032809734344, 0.33487263321876526, 1.6289889812469482, 0.2580687701702118, 0.7948564887046814] [0.13656796514987946, -0.4387659728527069, -0.28383195400238037, 1.2395139932632446, 1.7410480976104736, 0.06320000439882278, -1.0706900358200073, -1.0508320331573486]
[-0.0029269466176629066, -0.0708574578166008, 0.3352404832839966, 1.622940182685852, 0.25400906801223755, 0.7624834179878235] [0.13043196499347687, -0.43723195791244507, -0.2822979688644409, 1.1980960369110107, 1.7410480976104736, 0.06360000371932983, -1.084496021270752, -1.0646380186080933]
[0.002553862053900957, -0.07387039810419083, 0.33482450246810913, 1.62152898311615, 0.2524116635322571, 0.722641110420227] [0.12889796495437622, -0.4387659728527069, -0.27309396862983704, 1.1628140211105347, 1.7410480976104736, 0.06320000439882278, -1.0983021259307861, -1.0815119743347168]
[0.00912991538643837, -0.07708368450403214, 0.3342415690422058, 1.6280975341796875, 0.24717020988464355, 0.6813868284225464] [0.12889796495437622, -0.4387659728527069, -0.2623559832572937, 1.1275320053100586, 1.7410480976104736, 0.06320000439882278, -1.1136420965194702, -1.093783974647522]
[0.0140171954408288, -0.07962650805711746, 0.3338851034641266, 1.631287932395935, 0.24386022984981537, 0.64939284324646] [0.12736396491527557, -0.4387659728527069, -0.251617968082428, 1.093783974647522, 1.7410480976104736, 0.06320000439882278, -1.1259140968322754, -1.1075899600982666]
[0.01868479885160923, -0.0819178968667984, 0.33396995067596436, 1.6333085298538208, 0.23892568051815033, 0.6201210021972656] [0.12122795730829239, -0.44029998779296875, -0.2393459677696228, 1.055433988571167, 1.7410480976104736, 0.06360000371932983, -1.142788052558899, -1.1244640350341797]
[0.02474789507687092, -0.08531241118907928, 0.334068238735199, 1.6368135213851929, 0.2317645251750946, 0.5822710394859314] [0.11202395707368851, -0.44029998779296875, -0.23320996761322021, 1.0247540473937988, 1.7410480976104736, 0.06360000371932983, -1.1596620082855225, -1.1413379907608032]
[0.029430847615003586, -0.08751960843801498, 0.3346700072288513, 1.6337169408798218, 0.22679606080055237, 0.5548478364944458] [0.09821796417236328, -0.44029998779296875, -0.23014196753501892, 1.001744031906128, 1.7410480976104736, 0.06360000371932983, -1.175002098083496, -1.1566779613494873]
[0.03353295475244522, -0.08914829790592194, 0.33457520604133606, 1.6320970058441162, 0.22648921608924866, 0.5363653898239136] [0.0859459638595581, -0.44029998779296875, -0.22860796749591827, 0.9818019866943359, 1.7410480976104736, 0.06360000371932983, -1.1918760538101196, -1.1750860214233398]
[0.03781847283244133, -0.09097879379987717, 0.3344353139400482, 1.6289939880371094, 0.22597385942935944, 0.5165891051292419] [0.07213996350765228, -0.44029998779296875, -0.22707396745681763, 0.9618600010871887, 1.7410480976104736, 0.06320000439882278, -1.2102841138839722, -1.190425992012024]
[0.04177723452448845, -0.09258262068033218, 0.33464154601097107, 1.6274622678756714, 0.22265832126140594, 0.501446008682251] [0.05833396315574646, -0.44029998779296875, -0.22707396745681763, 0.9495880007743835, 1.7410480976104736, 0.06360000371932983, -1.2194880247116089, -1.2011640071868896]
[0.04569630324840546, -0.09456872195005417, 0.33401796221733093, 1.6249443292617798, 0.22459504008293152, 0.4801524579524994] [0.050663962960243225, -0.44029998779296875, -0.22707396745681763, 0.9204419851303101, 1.7410480976104736, 0.06320000439882278, -1.2256240844726562, -1.2042319774627686]
[0.04899607226252556, -0.09668464213609695, 0.3329305648803711, 1.623472809791565, 0.2284409999847412, 0.4586443305015564] [0.046061962842941284, -0.44029998779296875, -0.22707396745681763, 0.9097039699554443, 1.7410480976104736, 0.06320000439882278, -1.2348281145095825, -1.2165039777755737]
[0.051276955753564835, -0.09767618030309677, 0.3326100707054138, 1.6221221685409546, 0.22967156767845154, 0.44791266322135925] [0.04145996272563934, -0.44029998779296875, -0.22553996741771698, 0.8958979845046997, 1.7410480976104736, 0.06320000439882278, -1.236362099647522, -1.2195719480514526]
[0.05309220030903816, -0.0995575413107872, 0.33238500356674194, 1.6205214262008667, 0.22819200158119202, 0.4298538863658905] [0.039925962686538696, -0.4387659728527069, -0.22553996741771698, 0.8759559988975525, 1.7410480976104736, 0.06360000371932983, -1.236362099647522, -1.2180379629135132]
[0.05423329398036003, -0.10090882331132889, 0.3321288824081421, 1.621250033378601, 0.2272132784128189, 0.41643446683883667] [0.04145996272563934, -0.44029998779296875, -0.22247196733951569, 0.8728879690170288, 1.7410480976104736, 0.06360000371932983, -1.236362099647522, -1.2195719480514526]
[0.054402608424425125, -0.10067302733659744, 0.33227941393852234, 1.621109962463379, 0.2271863967180252, 0.41788244247436523] [0.04145996272563934, -0.4387659728527069, -0.22247196733951569, 0.8728879690170288, 1.7410480976104736, 0.06360000371932983, -1.236362099647522, -1.2180379629135132]
[0.05442684516310692, -0.10058193653821945, 0.33232954144477844, 1.620814323425293, 0.22718612849712372, 0.41804149746894836] [0.039925962686538696, -0.44029998779296875, -0.2194039672613144, 0.8728879690170288, 1.7410480976104736, 0.06320000439882278, -1.236362099647522, -1.2180379629135132]
[0.05460229143500328, -0.10052110254764557, 0.3332118093967438, 1.6269314289093018, 0.2189372181892395, 0.4190974533557892] [0.039925962686538696, -0.44029998779296875, -0.20713196694850922, 0.8728879690170288, 1.7395141124725342, 0.06360000371932983, -1.236362099647522, -1.2180379629135132]
[0.05466992408037186, -0.1005927324295044, 0.3344680666923523, 1.6415135860443115, 0.20597434043884277, 0.4195990264415741] [0.04299396276473999, -0.4418339729309082, -0.17951996624469757, 0.8728879690170288, 1.7395141124725342, 0.06360000371932983, -1.236362099647522, -1.2180379629135132]
[0.05532161146402359, -0.1001664474606514, 0.3375275433063507, 1.664215087890625, 0.1809055656194687, 0.42200765013694763] [0.04452796280384064, -0.4418339729309082, -0.14270396530628204, 0.8728879690170288, 1.7395141124725342, 0.06360000371932983, -1.236362099647522, -1.2180379629135132]
[0.05557010695338249, -0.09993019700050354, 0.33997613191604614, 1.685533046722412, 0.1597060263156891, 0.4236328899860382] [0.04452796280384064, -0.44336795806884766, -0.10128595679998398, 0.8728879690170288, 1.7410480976104736, 0.06360000371932983, -1.236362099647522, -1.2180379629135132]
[0.056194327771663666, -0.09953758120536804, 0.34541749954223633, 1.7192267179489136, 0.11628556251525879, 0.42505818605422974] [0.04299396276473999, -0.44336795806884766, -0.055265963077545166, 0.8728879690170288, 1.7395141124725342, 0.06360000371932983, -1.236362099647522, -1.2180379629135132]
[0.05626345053315163, -0.09974173456430435, 0.3489713668823242, 1.7466816902160645, 0.08645132929086685, 0.42384952306747437] [0.04299396276473999, -0.44336795806884766, 0.004560038447380066, 0.8728879690170288, 1.7410480976104736, 0.06360000371932983, -1.236362099647522, -1.2180379629135132]
[0.05669647827744484, -0.1002192273736, 0.35809198021888733, 1.8168582916259766, 0.009270662441849709, 0.4206758141517639] [0.05219796299934387, -0.44336795806884766, 0.15335804224014282, 0.8698199987411499, 1.7410480976104736, 0.06320000439882278, -1.236362099647522, -1.2195719480514526]
[0.05819625407457352, -0.10739017277956009, 0.3776020109653473, 1.9707931280136108, -0.149754598736763, 0.36156368255615234] [0.05373196303844452, -0.4418339729309082, 0.4034000635147095, 0.7440319657325745, 1.7410480976104736, 0.06360000371932983, -1.236362099647522, -1.2195719480514526]
[0.06327181309461594, -0.12909482419490814, 0.3893735110759735, 2.1650540828704834, -0.24083952605724335, 0.16932205855846405] [0.05833396315574646, -0.44336795806884766, 0.621228039264679, 0.6228460073471069, 1.7410480976104736, 0.06360000371932983, -1.236362099647522, -1.2195719480514526]
[0.06460516899824142, -0.14749032258987427, 0.39422428607940674, 2.362567901611328, -0.2778594195842743, 0.0144035704433918] [0.06753796339035034, -0.44336795806884766, 0.7470160722732544, 0.5660879611968994, 1.7410480976104736, 0.06360000371932983, -1.236362099647522, -1.2195719480514526]
[0.06484613567590714, -0.1521160900592804, 0.39345818758010864, 2.418320894241333, -0.27530691027641296, -0.024112654849886894] [0.07827596366405487, -0.44336795806884766, 0.7700260877609253, 0.5538159608840942, 1.7410480976104736, 0.06320000439882278, -1.236362099647522, -1.2195719480514526]
[0.06500229239463806, -0.15457212924957275, 0.39176446199417114, 2.4471333026885986, -0.2658102214336395, -0.04528741538524628] [0.0890139639377594, -0.44336795806884766, 0.7976380586624146, 0.5354079604148865, 1.742582082748413, 0.06360000371932983, -1.236362099647522, -1.2211060523986816]
[0.06550759077072144, -0.15783756971359253, 0.39042893052101135, 2.476480007171631, -0.2553381025791168, -0.07220941036939621] [0.0920819640159607, -0.4418339729309082, 0.8252500295639038, 0.5139319896697998, 1.742582082748413, 0.06320000439882278, -1.236362099647522, -1.2195719480514526]
[0.06565406173467636, -0.1616910994052887, 0.3897548019886017, 2.5148885250091553, -0.24672573804855347, -0.10534434020519257] [0.0920819640159607, -0.44336795806884766, 0.865134060382843, 0.4709799885749817, 1.742582082748413, 0.06320000439882278, -1.236362099647522, -1.2195719480514526]
[0.06620470434427261, -0.17586204409599304, 0.38382914662361145, 2.6465070247650146, -0.1852319836616516, -0.22406339645385742] [0.0920819640159607, -0.43723195791244507, 1.0492141246795654, 0.2500839829444885, 1.7395141124725342, 0.06360000371932983, -1.236362099647522, -1.2195719480514526]
[0.06388521194458008, -0.19752858579158783, 0.36718133091926575, 2.897235155105591, -0.026362014934420586, -0.39005330204963684] [0.0920819640159607, -0.43723195791244507, 1.290052056312561, 0.06907196342945099, 1.7364461421966553, 0.06360000371932983, -1.236362099647522, -1.2195719480514526]
[0.06155560910701752, -0.20536017417907715, 0.3552751839160919, 3.069206476211548, 0.0762617290019989, -0.4412672221660614] [0.09821796417236328, -0.43723195791244507, 1.4173741340637207, 0.03225596249103546, 1.7364461421966553, 0.06320000439882278, -1.236362099647522, -1.2180379629135132]
[0.061420269310474396, -0.20573727786540985, 0.35500362515449524, 3.113006591796875, 0.07755187898874283, -0.44139397144317627] [0.09975196421146393, -0.4387659728527069, 1.4327141046524048, 0.030721962451934814, 1.7364461421966553, 0.06360000371932983, -1.236362099647522, -1.2195719480514526]
[0.061153966933488846, -0.20621539652347565, 0.35443979501724243, 3.123745918273926, 0.08022662252187729, -0.44348445534706116] [0.10742195695638657, -0.4387659728527069, 1.4511220455169678, 0.02765396237373352, 1.7379801273345947, 0.06320000439882278, -1.236362099647522, -1.2195719480514526]
[0.06059839949011803, -0.20665794610977173, 0.3489137887954712, -3.141186475753784, 0.10632432997226715, -0.44565078616142273] [0.13656796514987946, -0.4387659728527069, 1.4756660461425781, 0.024585962295532227, 1.7379801273345947, 0.06360000371932983, -1.236362099647522, -1.2195719480514526]
[0.0598997138440609, -0.2070152759552002, 0.34213677048683167, -3.1320126056671143, 0.1384764015674591, -0.4483613967895508] [0.17184996604919434, -0.4387659728527069, 1.498676061630249, 0.02305196225643158, 1.7379801273345947, 0.06360000371932983, -1.236362099647522, -1.2195719480514526]
[0.05897393822669983, -0.20715931057929993, 0.3354664444923401, -3.134981632232666, 0.17011846601963043, -0.4509740173816681] [0.22553996741771698, -0.4387659728527069, 1.5124820470809937, 0.02305196225643158, 1.7395141124725342, 0.06360000371932983, -1.236362099647522, -1.2195719480514526]
[0.05727074667811394, -0.20729531347751617, 0.32558441162109375, 3.1343274116516113, 0.2174016386270523, -0.45579755306243896] [0.2654239535331726, -0.4387659728527069, 1.5170841217041016, 0.02305196225643158, 1.7395141124725342, 0.06320000439882278, -1.236362099647522, -1.2195719480514526]
[0.05595182627439499, -0.2073313593864441, 0.31986188888549805, 3.123793363571167, 0.24475793540477753, -0.4590405821800232] [0.2945699691772461, -0.4387659728527069, 1.5201520919799805, 0.02305196225643158, 1.7379801273345947, 0.06360000371932983, -1.236362099647522, -1.2195719480514526]
[0.0543145127594471, -0.20744289457798004, 0.31364163756370544, 3.119285821914673, 0.2747441530227661, -0.4631437361240387] [0.3206479549407959, -0.4387659728527069, 1.5324240922927856, 0.02305196225643158, 1.7395141124725342, 0.06320000439882278, -1.236362099647522, -1.2195719480514526]
[0.0534508153796196, -0.2075704038143158, 0.3108416199684143, 3.122685432434082, 0.28844892978668213, -0.4656389057636261] [0.33598798513412476, -0.4387659728527069, 1.541628122329712, 0.024585962295532227, 1.7379801273345947, 0.06360000371932983, -1.236362099647522, -1.2195719480514526]
[0.05329105257987976, -0.20767074823379517, 0.310241162776947, 3.125828981399536, 0.2913798987865448, -0.4662497043609619] [0.3375219702720642, -0.4387659728527069, 1.5446960926055908, 0.024585962295532227, 1.7364461421966553, 0.06360000371932983, -1.236362099647522, -1.2195719480514526]
[0.05320974811911583, -0.207700714468956, 0.3102487027645111, 3.1274781227111816, 0.29115942120552063, -0.46628162264823914] [0.33905595541000366, -0.4387659728527069, 1.5462300777435303, 0.029187962412834167, 1.7364461421966553, 0.06320000439882278, -1.236362099647522, -1.2195719480514526]
[0.053177859634160995, -0.20766772329807281, 0.3096694350242615, 3.1262245178222656, 0.2940482795238495, -0.46630576252937317] [0.3405899703502655, -0.43723195791244507, 1.5462300777435303, 0.030721962451934814, 1.7379801273345947, 0.06360000371932983, -1.236362099647522, -1.2195719480514526]
[0.05304566025733948, -0.2074674814939499, 0.3092351257801056, 3.1266160011291504, 0.29539239406585693, -0.4649984836578369] [0.34212398529052734, -0.43723195791244507, 1.5462300777435303, 0.030721962451934814, 1.7379801273345947, 0.06320000439882278, -1.236362099647522, -1.2195719480514526]
[0.05331803858280182, -0.20717355608940125, 0.30915045738220215, 3.1252994537353516, 0.29608744382858276, -0.46359696984291077] [0.34212398529052734, -0.43416398763656616, 1.5462300777435303, 0.030721962451934814, 1.7364461421966553, 0.06320000439882278, -1.236362099647522, -1.2195719480514526]
[0.053223252296447754, -0.20712865889072418, 0.30923154950141907, 3.1254055500030518, 0.29554319381713867, -0.4634472131729126] [0.34212398529052734, -0.4356979727745056, 1.5462300777435303, 0.03225596249103546, 1.7364461421966553, 0.06320000439882278, -1.236362099647522, -1.2195719480514526]
[0.053264070302248, -0.20714321732521057, 0.30919086933135986, 3.1255712509155273, 0.29566919803619385, -0.46333152055740356] [0.34212398529052734, -0.4356979727745056, 1.5462300777435303, 0.030721962451934814, 1.7364461421966553, 0.06320000439882278, -1.236362099647522, -1.2195719480514526]
[0.053455691784620285, -0.20684751868247986, 0.30913737416267395, 3.12593674659729, 0.29603445529937744, -0.461816668510437] [0.34212398529052734, -0.43416398763656616, 1.5462300777435303, 0.03225596249103546, 1.7364461421966553, 0.06360000371932983, -1.236362099647522, -1.2195719480514526]
[0.05322771519422531, -0.20717185735702515, 0.30919358134269714, 3.126944065093994, 0.2957196831703186, -0.4635241627693176] [0.34212398529052734, -0.43416398763656616, 1.5446960926055908, 0.030721962451934814, 1.7364461421966553, 0.06360000371932983, -1.236362099647522, -1.2195719480514526]
[0.053351934999227524, -0.20682361721992493, 0.30888304114341736, 3.125187873840332, 0.2972840666770935, -0.4619847536087036] [0.34212398529052734, -0.4356979727745056, 1.5462300777435303, 0.030721962451934814, 1.7379801273345947, 0.06360000371932983, -1.236362099647522, -1.2195719480514526]
